3199.1,301.33
3198.4,290.69
3197.7,265.84
3197,276.44
3196.3,265.77
3195.6,251.56
3194.8,304.67
3194.1,258.58
3193.4,269.17
3192.7,237.26
3192,308.04
3191.3,361.1
3190.6,276.1
3189.9,272.52
3189.2,276.02
3188.5,247.68
3187.8,275.95
3187.1,297.13
3186.4,272.34
3185.7,279.37
3185,265.19
3184.2,300.51
3183.5,279.26
3182.8,300.43
3182.1,226.17
3181.4,233.21
3180.7,310.9
3180,310.86
3179.3,296.69
3178.6,261.33
3177.9,314.26
3177.2,289.5
3176.5,289.47
3175.8,317.66
3175.1,243.51
3174.3,321.11
3173.6,296.36
3172.9,271.63
3172.2,236.32
3171.5,310.35
3170.8,275.05
3170.1,278.53
3169.4,264.39
3168.7,289.03
3168,274.89
3167.2,288.95
3166.5,306.53
3165.8,302.96
3165.1,292.36
3164.4,306.4
3163.7,299.32
3163,253.51
3162.3,278.12
3161.6,309.76
3160.9,267.48
3160.2,334.31
3159.4,295.56
3158.7,309.59
3158,298.99
3157.3,270.81
3156.6,337.59
3155.9,288.32
3155.2,288.28
3154.5,270.67
3153.8,267.12
3153,288.16
3152.3,256.5
3151.6,295.11
3150.9,245.89
3150.2,319.62
3149.5,256.36
3148.8,284.42
3148.1,270.33
3147.3,287.85
3146.6,266.75
3145.9,280.75
3145.2,263.17
3144.5,298.22
3143.8,266.61
3143.1,238.51
3142.4,249
3141.7,277.01
3140.9,269.96
3140.2,283.95
3139.5,297.93
3138.8,318.92
3138.1,332.89
3137.4,283.8
3136.7,255.73
3135.9,273.21
3135.2,273.17
3134.5,255.63
3133.8,318.61
3133.1,287.06
3132.4,273.02
3131.7,293.99
3130.9,328.94
3130.2,279.91
3129.5,279.87
3128.8,283.33
3128.1,279.79
3127.4,265.77
3126.7,304.19
3125.9,258.7
3125.2,318.09
3124.5,304.07
3123.8,286.55
3123.1,293.5
3122.4,265.51
3121.6,282.94
3120.9,258.46
3120.2,279.37
3119.5,279.34
3118.8,265.33
3118.1,349.07
3117.3,328.08
3116.6,335.02
3115.9,307.06
3115.2,251.2
3114.5,258.14
3113.8,254.62
3113.1,282.48
3112.3,296.39
3111.6,271.94
3110.9,278.88
3110.2,296.27
3109.5,282.29
3108.7,296.19
3108,341.44
3107.3,271.72
3106.6,282.13
3105.9,306.47
3105.2,309.91
3104.4,254.16
3103.7,288.94
3103,295.86
3102.3,288.86
3101.6,309.7
3100.8,257.47
3100.1,281.79
3099.4,271.31
3098.7,285.19
3098,278.19
3097.2,305.97
3096.5,264.21
3095.8,319.79
3095.1,305.85
3094.4,281.48
3093.7,274.49
3092.9,302.25
3092.2,319.57
3091.5,305.64
3090.8,284.76
3090.1,329.86
3089.3,295.1
3088.6,295.06
3087.9,305.43
3087.2,326.21
3086.4,322.69
3085.7,315.71
3085,287.92
3084.3,312.15
3083.6,277.43
3082.8,284.33
3082.1,322.43
3081.4,270.39
3080.7,291.14
3080,315.36
3079.2,273.74
3078.5,297.95
3077.8,301.38
3077.1,273.63
3076.4,311.69
3075.6,283.94
3074.9,325.45
3074.2,263.09
3073.5,297.67
3072.8,301.09
3072,262.99
3071.3,321.77
3070.6,300.97
3069.9,262.88
3069.1,307.8
3068.4,300.84
3067.7,286.97
3067,286.93
3066.2,321.46
3065.5,297.22
3064.8,276.45
3064.1,304.05
3063.3,293.65
3062.6,297.06
3061.9,317.74
3061.2,296.98
3060.4,272.77
3059.7,296.9
3059,317.57
3058.3,258.85
3057.6,327.83
3056.8,296.74
3056.1,320.84
3055.4,251.81
3054.7,338
3053.9,306.92
3053.2,265.5
3052.5,320.62
3051.8,324.03
3051,313.64
3050.3,289.48
3049.6,337.68
3048.8,303.18
3048.1,306.58
3047.4,272.1
3046.7,244.51
3045.9,299.57
3045.2,306.42
3044.5,327.03
3043.8,251.26
3043,268.43
3042.3,292.48
3041.6,313.09
3040.9,309.6
3040.1,343.96
3039.4,309.52
3038.7,275.09
3038,285.37
3037.2,275.01
3036.5,305.91
3035.8,309.31
3035.1,323.01
3034.3,288.61
3033.6,340.1
3032.9,312.57
3032.1,271.32
3031.4,319.36
3030.7,329.61
3029.9,298.67
3029.2,312.36
3028.5,288.29
3027.8,305.41
3027,288.21
3026.3,271.02
3025.6,298.43
3024.8,339.54
3024.1,301.77
3023.4,342.88
3022.7,318.83
3021.9,335.93
3021.2,311.89
3020.5,339.26
3019.7,339.21
3019,301.48
3018.3,311.72
3017.6,280.85
3016.8,321.91
3016.1,311.59
3015.4,260.19
3014.6,328.62
3013.9,349.11
3013.2,325.11
3012.4,355.86
3011.7,359.23
3011,328.4
3010.2,345.45
3009.5,362.5
3008.8,321.42
3008.1,348.73
3007.3,331.59
3006.6,352.05
3005.9,314.41
3005.1,338.29
3004.4,324.57
3003.7,293.79
3002.9,331.32
3002.2,362.01
3001.5,327.81
3000.7,331.18
3000,310.65
2999.3,351.57
2998.5,310.57
2997.8,334.41
2997.1,354.84
2996.3,307.03
2995.6,344.51
2994.9,306.94
2994.1,354.64
2993.4,378.46
2992.7,337.5
2991.9,320.41
2991.2,296.51
2990.5,350.99
2989.7,333.91
2989,378.15
2988.3,398.54
2987.5,343.99
2986.8,337.13
2986.1,371.13
2985.3,381.3
2984.6,350.61
2983.9,374.38
2983.1,330.1
2982.4,374.28
2981.7,398.05
2980.9,418.4
2980.2,353.72
2979.5,384.28
2978.7,394.43
2978,401.17
2977.3,336.53
2976.5,360.28
2975.8,377.22
2975.1,397.56
2974.3,383.91
2973.6,421.23
2972.8,332.86
2972.1,393.94
2971.4,393.89
2970.6,342.91
2969.9,417.54
2969.2,386.94
2968.4,393.67
2967.7,403.8
2966.9,410.53
2966.2,420.65
2965.5,437.55
2964.7,376.45
2964,393.35
2963.3,406.86
2962.5,403.41
2961.8,403.36
2961.1,427.02
2960.3,406.63
2959.6,440.46
2958.8,369.26
2958.1,433.56
2957.4,443.67
2956.6,399.58
2955.9,369.06
2955.1,446.87
2954.4,402.8
2953.7,406.13
2952.9,406.08
2952.2,392.49
2951.4,439.8
2950.7,426.21
2950,443.06
2949.2,446.38
2948.5,429.41
2947.8,405.69
2947,361.69
2946.3,466.41
2945.5,405.52
2944.8,429.12
2944.1,418.92
2943.3,415.49
2942.6,418.81
2941.8,412
2941.1,371.42
2940.3,435.52
2939.6,357.82
2938.9,445.52
2938.1,442.09
2937.4,428.53
2936.7,455.46
2935.9,398.05
2935.2,438.47
2934.4,391.2
2933.7,451.84
2932.9,448.41
2932.2,418.01
2931.5,465.14
2930.7,454.96
2930,454.9
2929.2,421.15
2928.5,451.41
2927.8,404.19
2927,373.82
2926.3,390.61
2925.5,404.02
2924.8,403.97
2924,440.94
2923.3,413.95
2922.6,440.82
2921.8,400.38
2921.1,413.78
2920.3,403.64
2919.6,437.21
2918.8,423.7
2918.1,396.75
2917.3,376.52
2916.6,426.89
2915.9,416.75
2915.1,406.61
2914.4,396.47
2913.6,430.01
2912.9,453.47
2912.1,376.16
2911.4,446.63
2910.7,399.56
2909.9,369.29
2909.2,375.95
2908.4,419.53
2907.7,402.7
2906.9,422.77
2906.2,429.43
2905.4,385.76
2904.7,379
2903.9,395.71
2903.2,422.48
2902.4,409.01
2901.7,425.72
2901,398.85
2900.2,418.9
2899.5,398.74
2898.7,381.93
2898,345.03
2897.2,381.83
2896.5,385.12
2895.7,408.51
2895,348.19
2894.2,381.62
2893.5,411.69
2892.8,414.98
2892,394.85
2891.3,354.64
2890.5,401.43
2889.8,428.13
2889,438.11
2888.3,391.23
2887.5,384.49
2886.8,357.69
2886,401.1
2885.3,391.02
2884.5,394.31
2883.8,384.23
2883,384.18
2882.3,364.08
2881.5,387.41
2880.8,384.02
2880,430.71
2879.3,400.6
2878.5,410.56
2877.8,400.49
2877,343.71
2876.3,347
2875.5,403.66
2874.8,423.62
2874,403.55
2873.3,350.14
2872.5,406.78
2871.8,376.72
2871,416.67
2870.3,393.28
2869.5,396.56
2868.8,383.17
2868,393.12
2867.3,383.07
2866.5,373.02
2865.8,402.94
2865,359.6
2864.3,392.85
2863.5,436.07
2862.8,339.49
2862,406
2861.3,419.25
2860.5,419.19
2859.8,395.85
2859,395.8
2858.3,355.83
2857.5,405.66
2856.8,405.61
2856,362.34
2855.3,375.58
2854.5,362.24
2853.8,395.42
2853,368.78
2852.3,372.05
2851.5,388.61
2850.8,371.95
2850,385.18
2849.2,411.69
2848.5,405
2847.7,438.13
2847,408.2
2846.2,398.19
2845.5,384.87
2844.7,371.54
2844,447.78
2843.2,361.49
2842.5,397.92
2841.7,411.13
2841,437.59
2840.2,384.5
2839.4,397.7
2838.7,444.04
2837.9,430.72
2837.2,397.54
2836.4,364.36
2835.7,397.43
2834.9,364.26
2834.2,423.81
2833.4,420.44
2832.7,354.18
2831.9,397.15
2831.1,377.24
2830.4,387.12
2829.6,423.46
2828.9,443.25
2828.1,393.57
2827.4,419.98
2826.6,416.61
2825.8,419.86
2825.1,442.94
2824.3,396.61
2823.6,389.94
2822.8,373.37
2822.1,419.57
2821.3,419.51
2820.6,452.48
2819.8,422.7
2819,409.44
2818.3,406.08
2817.5,458.84
2816.8,415.87
2816,429.01
2815.3,445.45
2814.5,419
2813.7,438.73
2813,445.27
2812.2,448.5
2811.5,389.09
2810.7,438.49
2809.9,375.8
2809.2,392.23
2808.4,451.49
2807.7,428.36
2806.9,477.72
2806.2,431.54
2805.4,441.36
2804.6,441.3
2803.9,421.48
2803.1,470.81
2802.4,421.37
2801.6,447.64
2800.8,506.82
2800.1,480.42
2799.3,427.72
2798.6,467.13
2797.8,444.05
2797,483.45
2796.3,460.36
2795.5,493.18
2794.8,479.96
2794,437.17
2793.2,456.82
2792.5,473.19
2791.7,515.84
2791,482.92
2790.2,492.71
2789.4,482.79
2788.7,459.73
2787.9,456.39
2787.2,489.15
2786.4,495.65
2785.6,489.02
2784.9,538.17
2784.1,498.73
2783.3,505.22
2782.6,495.31
2781.8,491.96
2781.1,531.25
2780.3,557.4
2779.5,504.87
2778.8,524.47
2778,494.9
2777.2,517.77
2776.5,520.98
2775.7,573.32
2774.9,569.97
2774.2,569.89
2773.4,599.29
2772.7,559.91
2771.9,579.48
2771.1,536.84
2770.4,589.14
2769.6,641.42
2768.8,628.24
2768.1,644.51
2767.3,654.24
2766.6,690.13
2765.8,660.6
2765,618
2764.2,729.07
2763.5,670.13
2762.7,679.85
2762,748.38
2761.2,771.15
2760.4,692.63
2759.7,774.21
2758.9,761.03
2758.1,728.27
2757.4,773.89
2756.6,728.07
2755.8,806.32
2755.1,881.28
2754.3,842
2753.5,802.72
2752.8,962.48
2752,998.23
2751.2,890.46
2750.5,971.87
2749.7,1017.4
2748.9,994.42
2748.2,1030.2
2747.4,984.37
2746.6,1059.2
2745.9,1107.9
2745.1,1146.9
2744.3,1153.2
2743.6,1208.5
2742.8,1208.3
2742,1175.5
2741.3,1224.2
2740.5,1194.8
2739.7,1197.8
2739,1292.1
2738.2,1461.1
2737.4,1412.1
2736.7,1398.9
2735.9,1437.7
2735.1,1421.3
2734.3,1577.2
2733.6,1632.2
2732.8,1580
2732,1544
2731.3,1605.5
2730.5,1598.8
2729.7,1715.6
2729,1692.6
2728.2,1760.6
2727.4,1705.1
2726.7,1766.6
2725.9,1857.3
2725.1,1876.5
2724.3,1843.8
2723.6,1905.2
2722.8,1927.6
2722,1823.5
2721.3,1927.1
2720.5,1969
2719.7,1926.6
2718.9,2010.6
2718.2,1997.4
2717.4,1942
2716.6,2087.6
2715.9,2103.5
2715.1,2125.9
2714.3,2106.2
2713.6,2112.4
2712.8,2121.8
2712,2092.4
2711.2,2085.6
2710.5,2010.8
2709.7,2068.8
2708.9,2036.2
2708.2,2139.5
2707.4,2071.2
2706.6,2083.9
2705.8,2187.1
2705.1,2128.6
2704.3,2150.9
2703.5,2134.5
2702.7,2098.6
2702,2143.6
2701.2,2185.3
2700.4,2188.2
2699.7,2120.1
2698.9,2055.2
2698.1,2074.3
2697.3,2183.8
2696.6,2164.1
2695.8,2050.8
2695,2053.7
2694.2,2066.4
2693.4,2062.9
2692.7,2120.7
2691.9,1971.9
2691.1,2129.8
2690.3,2000.4
2689.6,2055
2688.8,1996.6
2688,2096.3
2687.2,1931.6
2686.5,2102.2
2685.7,1976.2
2684.9,2017.8
2684.2,1930.5
2683.4,1933.5
2682.6,1923.6
2681.8,1891.1
2681.1,1858.6
2680.3,1835.8
2679.5,1858.1
2678.7,1845
2677.9,1696.6
2677.2,1776.8
2676.4,1676.8
2675.6,1757.1
2674.8,1682.8
2674.1,1589.3
2673.3,1640.5
2672.5,1723.9
2671.7,1534
2670.9,1607.7
2670.2,1626.8
2669.4,1559
2668.6,1555.6
2667.8,1478.3
2667.1,1484.5
2666.3,1413.6
2665.5,1503.3
2664.7,1426.1
2663.9,1355.2
2663.2,1470.6
2662.4,1415.8
2661.6,1367.5
2660.8,1325.6
2660.1,1312.6
2659.3,1357.3
2658.5,1309
2657.7,1212.6
2656.9,1238.1
2656.2,1247.5
2655.4,1160.8
2654.6,1211.9
2653.8,1195.7
2653,1147.5
2652.3,1092.8
2651.5,1176
2650.7,1153.4
2649.9,1098.8
2649.1,1053.8
2648.3,1098.5
2647.6,1002.3
2646.8,1037.3
2646,989.18
2645.2,915.43
2644.4,1027.3
2643.7,950.38
2642.9,927.85
2642.1,940.52
2641.3,940.39
2640.5,917.87
2639.8,920.94
2639,946.39
2638.2,888.72
2637.4,885.4
2636.6,853.32
2635.8,878.77
2635.1,843.5
2634.3,811.44
2633.5,833.68
2632.7,760.11
2631.9,811.1
2631.2,817.38
2630.4,804.49
2629.6,794.8
2628.8,785.12
2628,785.01
2627.2,740.24
2626.4,772.03
2625.7,752.79
2624.9,797.34
2624.1,714.32
2623.3,765.23
2622.5,650.36
2621.8,694.89
2621,669.3
2620.2,681.96
2619.4,669.12
2618.6,707.25
2617.8,653
2617,713.43
2616.3,694.22
2615.5,636.82
2614.7,646.28
2613.9,646.19
2613.1,655.65
2612.3,601.46
2611.5,607.74
2610.8,636.29
2610,585.3
2609.2,613.85
2608.4,648.75
2607.6,620.04
2606.8,594.52
2606,556.29
2605.2,543.5
2604.5,565.67
2603.7,517.93
2602.9,571.87
2602.1,594.03
2601.3,638.41
2600.5,606.57
2599.7,552.5
2599,552.43
2598.2,625.36
2597.4,590.36
2596.6,558.54
2595.8,612.41
2595,523.49
2594.2,551.97
2593.4,570.92
2592.7,545.47
2591.9,602.48
2591.1,494.6
2590.3,475.51
2589.5,529.33
2588.7,551.44
2587.9,541.85
2587.1,525.94
2586.3,487.85
2585.6,538.46
2584.8,563.72
2584,544.65
2583.2,468.58
2582.4,459.02
2581.6,531.76
2580.8,493.71
2580,525.28
2579.2,541.03
2578.4,544.12
2577.7,487.11
2576.9,496.53
2576.1,502.79
2575.3,518.53
2574.5,483.68
2573.7,537.35
2572.9,451.94
2572.1,508.76
2571.3,480.25
2570.5,445.44
2569.8,435.9
2568.9,448.47
2568.2,479.99
2567.4,495.71
2566.6,495.64
2565.8,476.63
2565,536.53
2564.2,460.72
2563.4,495.37
2562.6,482.68
2561.8,476.3
2561,432.08
2560.2,488.79
2559.4,488.72
2558.7,494.96
2557.9,428.69
2557.1,501.12
2556.3,488.45
2555.5,472.63
2554.7,453.66
2553.9,491.4
2553.1,456.68
2552.3,437.73
2551.5,459.71
2550.7,462.79
2549.9,494.2
2549.1,487.84
2548.3,456.31
2547.5,459.39
2546.8,453.03
2545.9,506.45
2545.2,462.34
2544.4,452.85
2543.6,481.08
2542.8,427.57
2542,433.8
2541.2,452.6
2540.4,433.68
2539.6,421.05
2538.8,452.41
2538,483.76
2537.2,486.83
2536.4,483.62
2535.6,483.56
2534.8,423.84
2534,467.73
2533.2,442.55
2532.4,486.43
2531.6,505.19
2530.8,451.78
2530,479.95
2529.2,392.06
2528.4,476.68
2527.6,391.96
2526.8,457.74
2526.1,495.3
2525.2,416.87
2524.4,451.28
2523.7,407.35
2522.8,451.16
2522.1,407.24
2521.3,463.56
2520.5,476.02
2519.7,463.43
2518.9,488.42
2518.1,441.39
2517.3,447.59
2516.5,450.66
2515.7,422.44
2514.9,453.66
2514.1,428.57
2513.3,478.56
2512.5,453.48
2511.7,469.05
2510.9,456.48
2510.1,459.54
2509.3,493.86
2508.5,481.29
2507.7,493.72
2506.9,424.92
2506.1,427.98
2505.3,493.52
2504.5,452.85
2503.7,480.89
2502.9,502.68
2502.1,455.78
2501.3,521.27
2500.5,477.5
2499.7,480.56
2498.9,474.25
2498.1,530.34
2497.3,511.55
2496.5,483.41
2495.7,455.28
2494.9,477.04
2494.1,480.09
2493.2,467.56
2492.4,551.64
2491.7,489.24
2490.8,492.29
2490,551.41
2489.2,467.24
2488.4,535.69
2487.6,482.68
2486.8,460.81
2486,495
2485.2,504.26
2484.4,507.31
2483.6,525.91
2482.8,488.5
2482,510.21
2481.2,544.35
2480.4,528.73
2479.6,528.65
2478.8,519.25
2478,522.29
2477.2,469.38
2476.4,553.23
2475.6,494.11
2474.8,518.89
2474,580.96
2473.2,534.28
2472.4,515.57
2471.6,593.14
2470.8,509.22
2469.9,586.76
2469.1,577.37
2468.3,496.59
2467.5,620.66
2466.7,539.9
2465.9,546.03
2465.1,542.85
2464.3,592.4
2463.5,589.22
2462.7,623.24
2461.9,564.25
2461.1,567.27
2460.3,629.18
2459.5,573.31
2458.7,520.56
2457.8,548.37
2457.1,579.27
2456.2,588.48
2455.4,572.92
2454.6,560.45
2453.8,547.99
2453,551.01
2452.2,569.5
2451.4,569.42
2450.6,569.35
2449.8,507.39
2449,593.94
2448.2,550.55
2447.3,569.03
2446.5,550.4
2445.7,553.41
2444.9,528.61
2444.1,534.72
2443.3,525.37
2442.5,550.02
2441.7,531.4
2440.9,528.24
2440.1,580.68
2439.3,512.65
2438.4,500.23
2437.6,521.77
2436.8,490.83
2436,518.54
2435.2,521.56
2434.4,536.91
2433.6,546.1
2432.8,487.41
2432,508.93
2431.2,511.94
2430.3,499.54
2429.5,487.14
2428.7,465.49
2427.9,437.69
2427.1,486.94
2426.3,449.89
2425.5,459.07
2424.7,471.33
2423.9,452.78
2423.1,471.2
2422.2,428.02
2421.4,421.81
2420.6,449.45
2419.8,470.94
2419,458.56
2418.2,458.5
2417.4,439.98
2416.6,482.98
2415.7,489.07
2414.9,473.62
2414.1,418.21
2413.3,412
2412.5,418.09
2411.7,368.85
2410.9,390.31
2410.1,411.77
2409.2,460.87
2408.4,384.01
2407.6,380.88
2406.8,383.9
2406,439.12
2405.2,442.13
2404.3,380.67
2403.5,411.31
2402.7,368.29
2401.9,435.75
2401.1,423.42
2400.3,444.83
2399.5,420.23
2398.6,423.24
2397.8,377.18
2397,371
2396.2,416.93
2395.4,401.55
2394.6,429.08
2393.8,373.86
2392.9,376.87
2392.1,438.09
2391.3,416.58
2390.5,441.03
2389.7,431.78
2388.8,434.78
2388,407.17
2387.2,382.63
2386.4,422.36
2385.6,361.1
2384.8,452.84
2383.9,391.59
2383.1,461.89
2382.3,385.37
2381.5,406.72
2380.7,443.35
2379.9,440.24
2379.1,394.32
2378.2,372.87
2377.4,409.49
2376.6,403.32
2375.8,400.21
2375,418.49
2374.1,418.43
2373.3,396.99
2372.5,427.47
2371.7,436.57
2370.9,396.83
2370,381.51
2369.2,378.41
2368.4,357
2367.6,433.22
2366.8,363
2365.9,390.4
2365.1,439.14
2364.3,420.78
2363.5,390.24
2362.7,426.76
2361.8,332.22
2361,402.26
2360.2,374.78
2359.4,396.06
2358.6,365.54
2357.7,432.5
2356.9,411.12
2356.1,417.15
2355.3,456.67
2354.5,435.3
2353.6,423.07
2352.8,426.05
2352,371.22
2351.2,386.38
2350.3,377.2
2349.5,434.94
2348.7,392.3
2347.9,398.33
2347.1,392.19
2346.2,410.38
2345.4,352.57
2344.6,392.03
2343.8,373.74
2342.9,388.88
2342.1,422.24
2341.3,370.55
2340.5,355.31
2339.7,364.38
2338.8,349.14
2338,367.31
2337.2,382.44
2336.4,373.28
2335.5,418.74
2334.7,391.38
2333.9,385.26
2333.1,418.57
2332.2,433.67
2331.4,482.13
2330.6,527.54
2329.8,472.9
2328.9,478.9
2328.1,415.19
2327.3,412.1
2326.5,387.8
2325.6,405.93
2324.8,442.22
2324,420.96
2323.2,399.7
2322.3,369.37
2321.5,378.4
2320.7,366.24
2319.9,387.37
2319,351.01
2318.2,384.24
2317.4,369.06
2316.6,399.26
2315.7,399.2
2314.9,353.79
2314.1,353.74
2313.2,408.1
2312.4,386.89
2311.6,404.97
2310.8,374.69
2309.9,435.07
2309.1,365.53
2308.3,392.66
2307.5,383.55
2306.6,347.26
2305.8,374.38
2305,353.2
2304.1,413.52
2303.3,377.25
2302.5,401.33
2301.7,392.23
2300.8,346.92
2300,431.33
2299.2,370.95
2298.3,410.1
2297.5,334.67
2296.7,391.9
2295.9,388.83
2295,391.79
2294.2,385.71
2293.4,358.54
2292.5,412.71
2291.7,466.87
2290.9,373.45
2290.1,415.55
2289.2,397.43
2288.4,379.31
2287.6,364.21
2286.7,412.31
2285.9,415.26
2285.1,430.25
2284.2,379.05
2283.4,409.07
2282.6,363.9
2281.7,351.83
2280.9,414.92
2280.1,387.8
2279.2,384.74
2278.4,378.68
2277.6,417.69
2276.8,390.59
2275.9,414.57
2275.1,411.51
2274.2,366.4
2273.4,357.34
2272.6,408.34
2271.8,393.27
2270.9,411.22
2270.1,396.16
2269.2,384.1
2268.4,345.04
2267.6,387
2266.8,383.94
2265.9,446.87
2265.1,368.84
2264.2,416.76
2263.4,407.71
2262.6,368.69
2261.8,380.62
2260.9,377.57
2260.1,380.52
2259.2,392.45
2258.4,377.42
2257.6,398.33
2256.7,353.36
2255.9,398.22
2255.1,422.11
2254.2,353.21
2253.4,383.09
2252.6,389.02
2251.7,353.06
2250.9,391.9
2250.1,367.92
2249.2,388.8
2248.4,397.72
2247.6,412.61
2246.7,439.46
2245.9,370.65
2245,382.56
2244.2,403.42
2243.4,382.45
2242.5,382.39
2241.7,319.61
2240.9,391.25
2240,373.28
2239.2,349.34
2238.3,403.03
2237.5,358.2
2236.7,358.15
2235.8,387.94
2235,390.87
2234.2,408.71
2233.3,402.69
2232.5,393.69
2231.6,357.85
2230.8,393.58
2230,426.31
2229.1,369.62
2228.3,408.31
2227.4,402.3
2226.6,420.12
2225.8,437.94
2224.9,357.45
2224.1,393.14
2223.2,393.08
2222.4,434.71
2221.6,369.16
2220.7,372.08
2219.9,398.82
2219.1,392.81
2218.2,398.71
2217.4,371.88
2216.5,336.13
2215.7,395.56
2214.8,386.59
2214,416.27
2213.2,380.54
2212.3,401.29
2211.5,368.54
2210.7,395.24
2209.8,368.44
2209,401.07
2208.1,409.92
2207.3,386.1
2206.4,418.72
2205.6,388.97
2204.8,415.63
2203.9,365.11
2203.1,368.03
2202.2,436.23
2201.4,379.79
2200.5,442.04
2199.7,409.35
2198.9,406.33
2198,409.24
2197.2,409.18
2196.3,376.51
2195.5,432.78
2194.6,394.19
2193.8,391.17
2192.9,376.3
2192.1,420.69
2191.3,373.23
2190.4,429.46
2189.6,399.78
2188.7,379
2187.9,396.71
2187,364.09
2186.2,426.2
2185.3,446.85
2184.5,369.86
2183.7,357.97
2182.8,369.76
2182,428.86
2181.1,416.97
2180.3,396.21
2179.4,357.72
2178.6,354.72
2177.7,396.05
2176.9,434.41
2176.1,392.98
2175.2,398.84
2174.4,407.64
2173.5,339.65
2172.7,401.62
2171.8,386.8
2171,389.7
2170.1,374.89
2169.3,392.54
2168.4,448.56
2167.6,386.53
2166.7,421.88
2165.9,410.02
2165,412.92
2164.2,371.57
2163.3,403.95
2162.5,365.57
2161.7,421.53
2160.8,386.1
2159.9,424.36
2159.1,418.4
2158.3,356.48
2157.4,374.1
2156.6,388.78
2155.7,435.84
2154.9,447.56
2154,415.11
2153.2,376.79
2152.3,420.88
2151.5,420.82
2150.6,385.45
2149.8,358.92
2148.9,388.29
2148.1,388.24
2147.2,405.82
2146.4,385.19
2145.5,402.77
2144.7,358.62
2143.8,414.42
2143,423.17
2142.1,431.93
2141.3,378.99
2140.4,381.87
2139.6,334.83
2138.7,428.75
2137.9,402.27
2137,428.63
2136.2,405.09
2135.3,410.9
2134.4,352.15
2133.6,431.33
2132.7,393.13
2131.9,378.41
2131,413.55
2130.2,425.22
2129.3,419.3
2128.5,451.49
2127.6,407.45
2126.8,381.02
2125.9,380.97
2125.1,404.35
2124.2,442.38
2123.4,418.89
2122.5,401.26
2121.7,415.84
2120.8,377.72
2119.9,424.51
2119.1,403.96
2118.2,368.78
2117.4,409.7
2116.5,389.16
2115.7,392.03
2114.8,383.2
2114,415.32
2113.1,426.96
2112.3,435.67
2111.4,406.38
2110.6,400.47
2109.7,415.03
2108.8,426.66
2108,435.37
2107.1,426.54
2106.3,446.93
2105.4,417.66
2104.6,411.76
2103.7,391.26
2102.8,420.4
2102,411.59
2101.1,429.04
2100.3,402.72
2099.4,388.07
2098.6,385.1
2097.7,425.89
2096.8,437.49
2096,425.77
2095.1,399.47
2094.3,384.83
2093.4,413.93
2092.6,361.41
2091.7,410.9
2090.8,437.06
2090,396.22
2089.1,390.34
2088.3,384.46
2087.4,433.91
2086.6,384.35
2085.7,457.08
2084.8,422.08
2084,404.56
2083.1,372.49
2082.3,384.08
2081.4,442.21
2080.5,433.42
2079.7,418.82
2078.8,398.41
2078,398.35
2077.1,392.48
2076.2,380.8
2075.4,409.81
2074.5,430.09
2073.7,409.69
2072.8,459.02
2071.9,418.29
2071.1,426.95
2070.2,389.14
2069.3,421.02
2068.5,400.64
2067.6,412.2
2066.8,391.82
2065.9,420.79
2065.1,426.53
2064.2,458.38
2063.3,435.11
2062.5,408.95
2061.6,420.49
2060.7,434.93
2059.9,350.8
2059,408.72
2058.2,405.76
2057.3,411.5
2056.4,443.32
2055.6,379.52
2054.7,396.85
2053.8,428.65
2053,417.01
2052.1,379.31
2051.2,434.26
2050.4,411.04
2049.5,454.4
2048.7,431.19
2047.8,448.49
2046.9,425.28
2046.1,364.47
2045.2,413.59
2044.3,396.18
2043.5,445.28
2042.6,393.18
2041.7,419.14
2040.9,445.09
2040,421.91
2039.1,433.41
2038.3,381.35
2037.4,421.74
2036.5,421.68
2035.7,415.84
2034.8,415.78
2034,438.82
2033.1,461.85
2032.2,427.15
2031.3,447.29
2030.5,464.54
2029.6,438.51
2028.8,458.64
2027.9,449.93
2027,421.03
2026.2,446.92
2025.3,418.03
2024.4,392.02
2023.5,423.67
2022.7,426.5
2021.8,429.32
2021,437.9
2020.1,440.72
2019.2,457.94
2018.3,463.63
2017.5,454.93
2016.6,469.26
2015.7,434.65
2014.9,411.57
2014,431.65
2013.1,414.33
2012.3,451.67
2011.4,405.58
2010.5,434.29
2009.7,416.97
2008.8,370.91
2007.9,439.86
2007,491.53
2006.2,431.11
2005.3,442.54
2004.4,405.13
2003.6,410.82
2002.7,407.89
2001.8,404.96
2001,436.49
2000.1,442.17
1999.2,456.46
1998.3,424.82
1997.5,413.29
1996.6,424.71
1995.7,427.52
1994.9,447.54
1994,453.21
1993.1,441.68
1992.2,427.28
1991.4,441.55
1990.5,435.76
1989.6,412.76
1988.8,432.77
1987.9,424.11
1987,438.38
1986.1,504.21
1985.3,426.8
1984.4,432.46
1983.5,406.63
1982.6,440.93
1981.8,412.24
1980.9,455.12
1980,466.51
1979.2,426.38
1978.3,434.9
1977.4,391.93
1976.5,437.64
1975.7,420.42
1974.8,463.25
1973.9,440.31
1973,388.8
1972.2,451.62
1971.3,428.7
1970.4,394.35
1969.5,457.15
1968.7,445.66
1967.8,439.88
1966.9,454.1
1966,411.2
1965.2,419.71
1964.3,442.49
1963.4,459.56
1962.5,430.95
1961.7,448.01
1960.8,408
1959.9,473.56
1959,405.04
1958.1,439.2
1957.3,390.67
1956.4,410.57
1955.5,427.62
1954.6,433.26
1953.8,433.2
1952.9,464.48
1952,421.68
1951.1,455.8
1950.2,469.98
1949.4,415.8
1948.5,421.44
1947.6,449.85
1946.7,424.17
1945.9,472.5
1945,449.66
1944.1,452.45
1943.2,446.69
1942.3,489.3
1941.5,435.19
1940.6,429.44
1939.7,449.29
1938.8,412.26
1938,432.1
1937.1,443.41
1936.2,423.45
1935.3,431.92
1934.4,446.06
1933.5,431.8
1932.7,471.5
1931.8,448.72
1930.9,411.74
1930,408.84
1929.2,414.46
1928.3,394.54
1927.4,425.7
1926.5,405.77
1925.6,431.25
1924.7,414.17
1923.9,436.81
1923,436.74
1922.1,456.53
1921.2,442.29
1920.3,445.06
1919.5,425.16
1918.6,433.6
1917.7,444.88
1916.8,410.81
1915.9,402.26
1915,450.35
1914.2,404.98
1913.3,396.43
1912.4,421.85
1911.5,430.28
1910.6,430.22
1909.7,449.97
1908.9,407.47
1908,401.75
1907.1,421.5
1906.2,432.75
1905.3,460.97
1904.4,429.8
1903.6,415.6
1902.7,398.58
1901.8,446.58
1900.9,480.43
1900,483.19
1899.1,423.79
1898.2,454.8
1897.4,477.33
1896.5,429.26
1895.6,440.49
1894.7,437.61
1893.8,423.43
1892.9,426.19
1892,457.18
1891.2,380.93
1890.3,406.26
1889.4,414.67
1888.5,417.43
1887.6,397.63
1886.7,442.69
1885.8,394.7
1885,459.48
1884.1,428.41
1883.2,456.53
1882.3,431.11
1881.4,411.33
1880.5,439.44
1879.6,464.73
1878.8,436.5
1877.9,458.96
1877,458.9
1876.1,461.65
1875.2,481.29
1874.3,399.61
1873.4,427.69
1872.5,430.44
1871.6,472.58
1870.8,458.45
1869.9,435.88
1869,430.2
1868.1,432.95
1867.2,430.08
1866.3,460.94
1865.4,413.1
1864.5,424.28
1863.6,393.31
1862.8,441.01
1861.8,454.99
1861,418.42
1860.1,423.98
1859.2,463.22
1858.3,432.28
1857.4,457.48
1856.5,406.9
1855.6,451.74
1854.7,412.4
1853.8,448.81
1853,471.18
1852.1,431.86
1851.2,454.23
1850.3,386.88
1849.4,468.11
1848.5,468.05
1847.6,437.16
1846.7,481.93
1845.8,479.06
1844.9,431.37
1844,456.51
1843.1,417.25
1842.2,403.19
1841.3,425.53
1840.5,453.46
1839.6,411.41
1838.7,442.14
1837.8,444.87
1836.9,419.63
1836,453.14
1835.1,419.51
1834.2,427.84
1833.3,436.17
1832.4,483.63
1831.5,436.05
1830.6,458.35
1829.7,455.49
1828.8,477.77
1827.9,410.66
1827,455.29
1826.2,385.41
1825.2,463.54
1824.4,477.44
1823.5,466.2
1822.6,429.85
1821.7,418.63
1820.8,454.85
1819.9,432.46
1819,432.4
1818.1,465.81
1817.2,462.95
1816.3,387.6
1815.4,460.04
1814.5,401.43
1813.6,484.99
1812.7,501.65
1811.8,470.92
1810.9,415.13
1810,442.93
1809.1,459.58
1808.2,456.73
1807.3,395.41
1806.4,420.41
1805.5,453.76
1804.6,423.07
1803.7,428.58
1802.8,434.09
1801.9,442.37
1801,428.4
1800.1,456.15
1799.2,444.96
1798.3,444.9
1797.4,428.16
1796.5,444.78
1795.6,486.41
1794.7,475.22
1793.8,447.37
1792.9,430.63
1792,455.57
1791.1,444.4
1790.2,402.68
1789.3,499.81
1788.4,463.65
1787.5,458.03
1786.6,480.17
1785.7,427.37
1784.8,443.96
1783.9,457.77
1783,454.93
1782.1,471.51
1781.2,504.72
1780.3,438.1
1779.4,460.22
1778.5,468.47
1777.6,471.18
1776.7,451.71
1775.8,429.48
1774.9,470.98
1774,457.06
1773.1,462.54
1772.2,443.08
1771.3,426.41
1770.4,476.18
1769.5,489.95
1768.6,451.14
1767.7,451.07
1766.8,481.45
1765.9,445.41
1765,473.01
1764.1,478.48
1763.2,481.18
1762.3,436.87
1761.4,469.98
1760.5,503.08
1759.5,472.61
1758.7,472.55
1757.7,447.61
1756.8,488.99
1755.9,524.83
1755,519.23
1754.1,488.78
1753.2,497
1752.3,480.36
1751.4,469.25
1750.5,485.74
1749.6,504.99
1748.7,529.75
1747.8,540.71
1746.9,507.54
1746,452.31
1745.1,479.82
1744.2,526.62
1743.2,512.76
1742.3,482.37
1741.4,526.4
1740.5,465.7
1739.6,484.92
1738.7,460.06
1737.8,490.29
1736.9,495.73
1736,473.63
1735.1,481.82
1734.2,487.26
1733.3,569.77
1732.4,536.66
1731.5,487.06
1730.5,489.74
1729.6,495.17
1728.7,530.86
1727.8,541.78
1726.9,470.21
1726,478.39
1725.1,527.81
1724.2,483.76
1723.3,483.69
1722.4,513.85
1721.5,500.04
1720.5,477.99
1719.6,530.11
1718.7,519.05
1717.8,557.42
1716.9,532.63
1716,485.89
1715.1,521.5
1714.2,485.75
1713.2,551.54
1712.3,510.3
1711.4,512.98
1710.5,523.87
1709.6,490.89
1708.7,523.73
1707.8,504.46
1706.9,520.84
1706,476.91
1705,512.47
1704.1,487.73
1703.2,523.28
1702.3,484.86
1701.4,542.31
1700.5,509.37
1699.6,536.68
1698.7,479.11
1697.7,547.47
1696.8,547.4
1695.9,487.11
1695,530.82
1694.1,538.96
1693.2,511.53
1692.3,538.8
1691.3,519.59
1690.4,494.9
1689.5,508.5
1688.6,552.17
1687.7,530.22
1686.8,513.75
1685.9,513.68
1684.9,538.19
1684,540.85
1683.1,546.24
1682.2,499.73
1681.3,505.12
1680.4,562.38
1679.5,515.9
1678.5,534.93
1677.6,567.6
1676.7,540.24
1675.8,564.71
1674.9,531.9
1674,523.64
1673,542.66
1672.1,531.67
1671.2,553.41
1670.3,596.94
1669.4,520.55
1668.5,558.62
1667.5,550.37
1666.6,593.88
1665.7,580.18
1664.8,569.2
1663.9,577.29
1662.9,590.82
1662,522.68
1661.1,571.6
1660.2,579.68
1659.3,541.51
1658.3,574.08
1657.4,590.32
1656.5,592.96
1655.6,625.51
1654.7,655.33
1653.8,570.95
1652.8,603.49
1651.9,597.97
1651,622.35
1650.1,644
1649.2,614.02
1648.2,649.25
1647.3,624.71
1646.4,589.32
1645.5,678.84
1644.5,659.74
1643.6,678.65
1642.7,743.69
1641.8,702.88
1640.9,727.2
1640,751.51
1639,702.58
1638.1,819.11
1637.2,791.87
1636.3,780.91
1635.3,837.74
1634.4,834.91
1633.5,905.26
1632.6,937.65
1631.7,1026.9
1630.7,1056.6
1629.8,1124.2
1628.9,1202.5
1628,1362.2
1627,1424.2
1626.1,1656.9
1625.2,1686.4
1624.3,1661.8
1623.3,1894.3
1622.4,1931.9
1621.5,1964.1
1620.6,2017.9
1619.6,2023
1618.7,2079.5
1617.8,2019.8
1616.9,2000.5
1615.9,2062.4
1615,2016.2
1614.1,1997
1613.2,1891.3
1612.2,1953.2
1611.3,2034
1610.4,1841.9
1609.5,1976.7
1608.5,2054.7
1607.6,2046.3
1606.7,2137.8
1605.8,2196.9
1604.8,2293.7
1603.9,2482.2
1603,2508.9
1602,2627.2
1601.1,2783.2
1600.2,3036.3
1599.3,3219.2
1598.3,3232.2
1597.4,3633.4
1596.5,3735.3
1595.6,3909.9
1594.6,4176.1
1593.7,4668.5
1592.8,4745.9
1591.8,5122.3
1590.9,5555.1
1590,6030.8
1589.1,6253.4
1588.1,6693.9
1587.2,6932.5
1586.3,7432
1585.3,7729.6
1584.4,8035.2
1583.5,8181.9
1582.6,8616.5
1581.6,8706.6
1580.7,8444.6
1579.8,8274.1
1578.8,8181.5
1577.9,7914.3
1577,7504.8
1576,7033.5
1575.1,6503.4
1574.2,6086.1
1573.2,5779.1
1572.3,5394.3
1571.4,4926.4
1570.5,4630.4
1569.5,4208.4
1568.6,3818.7
1567.7,3654.5
1566.7,3361.5
1565.8,3055.3
1564.9,2931.5
1563.9,2805
1563,2595.5
1562.1,2493.2
1561.1,2165.8
1560.2,2120
1559.3,1988.4
1558.3,1910.4
1557.4,1872.6
1556.5,1826.8
1555.5,1770.3
1554.6,1566.5
1553.7,1488.7
1552.7,1491.1
1551.8,1375.8
1550.9,1351.5
1549.9,1284.5
1549,1308.3
1548.1,1353.6
1547.1,1184.9
1546.2,1232.9
1545.3,1160.5
1544.3,1144.3
1543.4,1170.9
1542.5,1045.1
1541.5,1085
1540.6,1010.1
1539.7,1047.3
1538.7,1041.8
1537.8,990.94
1536.8,1044.2
1535.9,931.91
1535,977.16
1534,947.66
1533.1,952.87
1532.2,886.01
1531.2,912.57
1530.3,851.08
1529.3,893.64
1528.4,914.85
1527.5,965.39
1526.5,850.59
1525.6,813.15
1524.7,813.03
1523.7,796.92
1522.8,818.13
1521.8,900.61
1520.9,831.22
1520,785.81
1519,820.33
1518.1,820.21
1517.2,777.49
1516.2,809.33
1515.3,753.31
1514.3,763.85
1513.4,737.13
1512.5,808.87
1511.5,811.41
1510.6,760.76
1509.6,776.61
1508.7,781.81
1507.8,765.75
1506.8,717.79
1505.9,802.75
1504.9,738.85
1504,722.8
1503.1,794.43
1502.1,719.93
1501.2,682.64
1500.2,802.06
1499.3,786.01
1498.3,740.76
1497.4,780.48
1496.5,719.32
1495.5,751.06
1494.6,719.11
1493.6,742.89
1492.7,740.13
1491.8,742.68
1490.8,716.05
1489.9,697.39
1488.9,705.24
1488,734.3
1487,739.5
1486.1,673.14
1485.2,670.39
1484.2,678.25
1483.3,670.2
1482.3,648.92
1481.4,715.03
1480.4,706.99
1479.5,722.77
1478.5,709.43
1477.6,680.22
1476.7,733.05
1475.7,685.32
1474.8,719.61
1473.8,714.22
1472.9,669.15
1471.9,684.92
1471,716.56
1470,684.73
1469.1,681.99
1468.2,697.75
1467.2,716.15
1466.2,686.98
1465.3,663.11
1464.4,676.22
1463.4,697.25
1462.5,683.95
1461.5,654.81
1460.6,667.91
1459.6,696.85
1458.7,723.15
1457.7,725.68
1456.8,683.36
1455.8,712.28
1454.9,712.18
1453.9,688.35
1453,733.08
1452,711.88
1451.1,717.05
1450.2,732.76
1449.2,759.01
1448.2,703.57
1447.3,714
1446.3,713.9
1445.4,748.04
1444.5,700.53
1443.5,726.76
1442.6,745.09
1441.6,644.95
1440.7,684.34
1439.7,773.72
1438.8,676.25
1437.8,765.61
1436.9,683.95
1435.9,673.33
1435,749.5
1434,681.03
1433,754.54
1432.1,720.26
1431.2,741.19
1430.2,754.22
1429.2,727.84
1428.3,664.68
1427.3,672.47
1426.4,753.79
1425.4,772.06
1424.5,698.43
1423.5,750.84
1422.6,742.86
1421.6,761.12
1420.7,724.28
1419.7,763.53
1418.8,787.03
1417.8,760.69
1416.9,784.19
1415.9,726.38
1415,700.06
1414,831.04
1413,857.13
1412.1,773.14
1411.2,814.96
1410.2,799.12
1409.2,791.15
1408.3,811.99
1407.3,769.97
1406.4,851.04
1405.4,814.26
1404.5,795.82
1403.5,845.44
1402.5,900.27
1401.6,887.06
1400.6,818.91
1399.7,939.13
1398.7,891.91
1397.8,891.79
1396.8,860.28
1395.9,949.05
1394.9,980.28
1394,980.14
1393,995.68
1392,1019.1
1391.1,1047.7
1390.1,1042.3
1389.2,1008.2
1388.2,1068.1
1387.2,1094
1386.3,1206.2
1385.3,1208.6
1384.4,1192.8
1383.4,1304.8
1382.5,1210.7
1381.5,1361.8
1380.5,1390.3
1379.6,1447.5
1378.6,1549
1377.7,1538.3
1376.7,1652.8
1375.8,1743.8
1374.8,1847.8
1373.8,1886.7
1372.9,1988
1371.9,2052.8
1371,2052.6
1370,2341.3
1369,2369.7
1368.1,2447.4
1367.1,2426.2
1366.2,2506.6
1365.2,2605.1
1364.2,2773.9
1363.3,2932.2
1362.3,2916.2
1361.3,3175.9
1360.4,3295
1359.4,3310.2
1358.5,3301.9
1357.5,3441.8
1356.5,3519.3
1355.6,3508.4
1354.6,3448.1
1353.7,3684.1
1352.7,3577
1351.7,3540.1
1350.8,3521.4
1349.8,3624.8
1348.8,3647.7
1347.9,3649.7
1346.9,3563.6
1346,3490.4
1345,3489.9
1344,3489.4
1343.1,3320.3
1342.1,3312
1341.1,3231.2
1340.2,3098.5
1339.2,3188.8
1338.2,2913.5
1337.3,2970.1
1336.3,2964.5
1335.3,2813.8
1334.4,2715
1333.4,2639.5
1332.5,2605.4
1331.5,2454.9
1330.5,2433.8
1329.5,2244.5
1328.6,2303.7
1327.6,2088.5
1326.7,2196.9
1325.7,2100.9
1324.7,2064.4
1323.8,2014.9
1322.8,1955.2
1321.8,1895.4
1320.8,1825.3
1319.9,1781.1
1318.9,1762.8
1318,1736.7
1317,1682.2
1316,1588.9
1315,1627.4
1314.1,1495.5
1313.1,1474.6
1312.1,1482.1
1311.2,1528.4
1310.2,1332
1309.2,1442.8
1308.3,1354.8
1307.3,1326.2
1306.3,1274.5
1305.4,1243.3
1304.4,1266.4
1303.4,1232.7
1302.5,1250.5
1301.5,1142.1
1300.5,1162.5
1299.5,1149.5
1298.6,1157
1297.6,1141.4
1296.6,1092.3
1295.7,1112.8
1294.7,1089.4
1293.7,1024.9
1292.8,1094.2
1291.8,1081.2
1290.8,1001.3
1289.8,972.82
1288.9,898.06
1287.9,1016.3
1286.9,946.68
1286,920.82
1285,933.55
1284,905.13
1283,930.71
1282.1,881.73
1281.1,835.34
1280.1,914.89
1279.1,883.92
1278.2,822.13
1277.2,855.41
1276.2,842.45
1275.2,857.73
1274.3,852.48
1273.3,777.9
1272.3,862.5
1271.3,831.58
1270.4,821.19
1269.4,785.15
1268.4,803
1267.5,820.84
1266.5,828.41
1265.5,774.44
1264.5,776.9
1263.6,815.24
1262.6,697.21
1261.6,799.63
1260.6,776.45
1259.7,773.78
1258.7,763.42
1257.7,719.76
1256.7,727.34
1255.8,763.09
1254.8,688.73
1253.8,706.55
1252.8,714.13
1251.8,734.5
1250.9,716.48
1249.9,688.24
1248.9,660
1247.9,759.65
1247,677.71
1246,657.16
1245,736.32
1244,702.98
1243,715.66
1242.1,710.45
1241.1,735.89
1240.1,654.03
1239.1,676.93
1238.2,666.62
1237.2,653.75
1236.2,697.07
1235.2,653.57
1234.2,684.1
1233.3,566.6
1232.3,648.18
1231.3,671.05
1230.3,676.06
1229.3,645.35
1228.4,668.21
1227.4,632.41
1226.4,670.57
1225.4,667.92
1224.4,644.88
1223.5,647.34
1222.5,606.48
1221.5,631.87
1220.5,606.3
1219.5,659.7
1218.5,631.6
1217.6,649.33
1216.6,618.68
1215.6,633.87
1214.6,595.6
1213.6,600.6
1212.7,615.78
1211.7,641.14
1210.7,597.8
1209.7,582.45
1208.7,592.54
1207.7,628.05
1206.8,584.74
1205.8,589.74
1204.8,630.32
1203.8,614.99
1202.8,607.27
1201.8,589.4
1200.8,576.62
1199.9,546.06
1198.9,584.07
1197.9,586.53
1196.9,606.75
1195.9,599.05
1195,619.27
1194,578.58
1193,530.28
1192,568.26
1191,603.69
1190,590.92
1189,578.16
1188,514.69
1187.1,570.39
1186.1,585.51
1185.1,608.24
1184.1,554.94
1183.1,608.06
1182.1,572.51
1181.1,582.56
1180.2,630.59
1179.2,589.99
1178.2,589.9
1177.2,546.78
1176.2,541.64
1175.2,589.65
1174.2,584.5
1173.2,551.53
1172.2,602.04
1171.3,594.37
1170.3,599.34
1169.3,553.74
1168.3,548.6
1167.3,563.69
1166.3,619.21
1165.3,606.49
1164.3,593.77
1163.3,603.79
1162.4,588.54
1161.4,623.82
1160.4,547.97
1159.4,585.76
1158.4,600.83
1157.4,565.4
1156.4,603.18
1155.4,618.23
1154.4,570.21
1153.5,613.01
1152.5,595.26
1151.5,575
1150.5,602.66
1149.5,544.58
1148.5,630.21
1147.5,602.4
1146.5,602.31
1145.5,604.74
1144.5,554.27
1143.5,574.34
1142.5,586.85
1141.5,601.88
1140.5,553.95
1139.6,662.12
1138.6,599.1
1137.6,604.04
1136.6,661.84
1135.6,586.26
1134.6,578.63
1133.6,578.54
1132.6,598.58
1131.6,595.98
1130.6,631.09
1129.6,595.81
1128.6,585.67
1127.6,618.25
1126.6,598.06
1125.6,620.59
1124.6,600.4
1123.7,655.57
1122.7,617.81
1121.7,587.59
1120.7,605.08
1119.7,622.56
1118.7,599.88
1117.7,572.19
1116.7,602.22
1115.7,624.71
1114.7,597.03
1113.7,637.07
1112.7,616.92
1111.7,624.35
1110.7,601.7
1109.7,591.58
1108.7,624.08
1107.7,664.09
1106.7,628.91
1105.7,606.27
1104.7,636.24
1103.7,661.2
1102.7,661.1
1101.7,558.35
1100.7,563.28
1099.7,615.76
1098.7,613.17
1097.7,633.1
1096.7,605.49
1095.7,627.91
1094.7,592.8
1093.7,617.73
1092.7,627.64
1091.7,582.55
1090.7,639.96
1089.7,627.37
1088.7,639.77
1087.7,652.17
1086.7,597.12
1085.7,602.02
1084.7,604.44
1083.7,629.32
1082.7,624.24
1081.7,611.66
1080.7,604.09
1079.7,569.06
1078.7,591.43
1077.7,596.34
1076.7,631.18
1075.7,571.22
1074.7,603.56
1073.7,576.04
1072.7,605.88
1071.7,663.13
1070.7,598.23
1069.7,588.17
1068.7,610.52
1067.7,592.99
1066.7,610.34
1065.7,590.32
1064.7,602.69
1063.7,637.47
1062.7,624.92
1061.7,592.47
1060.7,589.9
1059.7,609.72
1058.6,587.24
1057.6,569.74
1056.6,611.95
1055.6,584.5
1054.6,596.85
1053.6,599.25
1052.6,586.73
1051.6,613.99
1050.6,554.25
1049.6,618.78
1048.6,601.3
1047.6,631.02
1046.6,591.19
1045.6,658.16
1044.6,633.23
1043.6,682.8
1042.5,670.29
1041.5,610.62
1040.5,677.54
1039.5,682.4
1038.5,754.26
1037.5,766.55
1036.5,739.16
1035.5,761.37
1034.5,823.25
1033.5,880.16
1032.5,964.31
1031.5,899.73
1030.5,951.64
1029.4,986.2
1028.4,1015.8
1027.4,1030.5
1026.4,1089.8
1025.4,1032.7
1024.4,1069.7
1023.4,1151.2
1022.4,1084.2
1021.4,1185.5
1020.4,1177.9
1019.4,1190.1
1018.3,1241.9
1017.3,1268.9
1016.3,1263.8
1015.3,1382.3
1014.3,1327.7
1013.3,1424
1012.3,1426.2
1011.3,1443.3
1010.2,1487.6
1009.2,1447.8
1008.2,1506.9
1007.2,1568.5
1006.2,1555.9
1005.2,1711.2
1004.2,1676.4
1003.2,1802
1002.1,1759.8
1001.1,1811.4
1000.1,1959.2
999.11,1988.5
998.1,2064.7
997.08,2163.1
996.07,2172.6
995.05,2344.9
994.04,2544.2
993.03,2755.9
992.01,2932.9
991,3107.4
989.98,3439.6
988.97,3596.8
987.95,3758.8
986.94,4036.6
985.92,4242.9
984.91,4252.1
983.89,4337.6
982.88,4403.5
981.86,4309.3
980.84,4562.1
979.83,4536.9
978.81,4487
977.79,4584.8
976.78,4463.6
975.76,4497.4
974.75,4489.3
973.73,4545.2
972.71,4537.2
971.69,4453
970.68,4491.6
969.66,4550
968.64,4323.3
967.62,4531.4
966.61,4334.3
965.59,4368.1
964.57,4583.5
963.55,4460.1
962.53,4373.5
961.51,4552
960.49,4315.8
959.47,4396.2
958.46,4442.1
957.44,4426.8
956.42,4433.5
955.4,4401
954.38,4383.2
953.36,4377.6
952.34,4347.6
951.32,4229.3
950.3,4414.9
949.28,4284.4
948.25,4374.4
947.23,4197.5
946.21,4360.9
945.19,4279.5
944.17,4499.2
943.15,4530.4
942.13,4541.9
941.11,4666.1
940.08,4508.8
939.06,4222
938.04,4084.4
937.02,3768.3
936,3545.3
934.97,3241.7
933.95,3004.1
932.93,2791
931.9,2551.1
930.88,2335.8
929.86,2191.3
928.83,1976
927.81,1748.6
926.79,1658
925.76,1482
924.74,1428.1
923.71,1327.8
922.69,1242.2
921.66,1281
920.64,1146.7
919.62,1161.1
918.59,1153.7
917.57,1102.3
916.54,1065.5
915.51,1060.5
914.49,1077.4
913.46,1035.8
912.44,1111.2
911.41,1089.1
910.38,1091.4
909.36,1079.1
908.33,1027.8
907.3,1030
906.28,1076.2
905.25,1003
904.22,1051.5
903.2,1007.5
902.17,1095
901.14,1021.9
900.11,999.81
899.09,1014.3
898.06,1019
897.03,989.65
896,982.21
894.97,1042.8
893.95,1035.4
892.92,1049.8
891.89,988.93
890.86,947.48
889.83,993.5
888.8,1005.5
887.77,1032.1
886.74,983.35
885.71,1063.3
884.68,987.92
883.65,1007.2
882.62,970.65
881.59,955.95
880.56,1026.2
879.53,1009
878.5,984.63
877.47,892.35
876.44,943.13
875.4,976.93
874.37,969.52
873.34,942.72
872.31,993.47
871.28,1003
870.25,1061
869.21,1005.1
868.18,971.09
867.15,956.42
866.12,970.81
865.08,987.61
864.05,1018.9
863.02,982.49
861.98,994.44
860.95,967.68
859.92,914.33
858.88,948.05
857.85,964.84
856.82,947.78
855.78,969.4
854.75,911.25
853.71,976.37
852.68,993.14
851.64,1024.4
850.61,990.43
849.57,946.81
848.54,1011.9
847.5,922.39
846.47,1018.8
845.43,967.99
844.4,982.33
843.36,943.57
842.32,962.74
841.29,979.48
840.25,974.52
839.22,945.43
838.18,952.53
837.14,1073
836.1,1014.9
835.07,993.09
834.03,1012.2
832.99,997.62
831.96,963.74
830.92,980.47
829.88,1134.5
828.84,1083.7
827.8,1088.4
826.76,1016
825.73,1054.4
824.69,1080.7
823.65,1010.8
822.61,1025
821.57,1094.7
820.53,1012.7
819.49,1046.2
818.45,1048.5
817.41,1079.6
816.37,1038.6
815.33,985.53
814.29,1052.7
813.25,1062.1
812.21,1062
811.17,1028.2
810.13,972.8
809.09,984.67
808.05,977.32
807.01,984.38
805.97,1003.5
804.92,969.7
803.88,1015.1
802.84,974.21
801.8,933.28
800.75,909.16
799.71,921.02
798.67,952.06
797.63,853.61
796.59,975.76
795.54,877.33
794.5,874.81
793.46,920.21
792.41,936.85
791.37,900.78
790.33,898.25
789.28,893.33
788.24,909.96
787.19,890.67
786.15,847.45
785.11,859.3
784.06,842.42
783.01,938.01
781.97,878.06
780.92,865.97
779.88,875.41
778.84,872.89
777.79,848.86
776.74,851.12
775.7,867.73
774.65,822.19
773.61,843.58
772.56,807.62
771.51,814.66
770.47,790.66
769.42,761.88
768.37,838.19
767.33,809.41
766.28,792.58
765.23,840.21
764.18,751.78
763.14,813.71
762.09,796.89
761.04,772.92
759.99,744.18
758.94,791.77
757.89,758.27
756.85,758.16
755.8,791.42
754.75,796.08
753.7,726.85
752.65,748.19
751.6,707.58
750.55,697.95
749.5,726.42
748.45,735.84
747.4,795.26
746.35,721.35
745.3,740.28
744.25,718.75
743.2,701.99
742.15,778.03
741.1,706.54
740.05,715.96
739,711.09
737.95,718.12
736.89,682.36
735.84,713.16
734.79,739.2
733.74,717.7
732.69,743.74
731.63,738.88
730.58,769.65
729.53,738.66
728.48,738.55
727.42,750.32
726.37,740.71
725.32,700.25
724.26,697.77
723.21,749.88
722.16,737.9
721.1,740.17
720.05,699.73
719,723.35
717.94,716.13
716.89,742.1
715.83,772.81
714.78,727.66
713.72,734.67
712.67,751.15
711.61,760.51
710.56,731.98
709.5,772.13
708.45,755.44
707.39,793.22
706.33,816.78
705.28,733.81
704.22,792.87
703.16,778.55
702.11,771.34
701.05,773.6
699.99,775.85
698.94,785.19
697.88,782.71
696.82,770.78
695.76,839.22
694.71,824.92
693.65,824.79
692.59,848.3
691.53,815.1
690.48,883.49
689.42,873.91
688.36,944.63
687.3,906.71
686.24,904.22
685.18,908.81
684.12,911.03
683.06,934.5
682,998.07
680.94,983.77
679.88,993.06
678.82,1047.2
677.76,1023.4
676.7,966.69
675.64,1039.6
674.58,1048.9
673.52,1044
672.46,1083.9
671.4,1135.6
670.34,1041.2
669.28,1085.8
668.22,1113.9
667.15,1062
666.09,1090
665.03,1054.6
663.97,1078
662.9,1073.1
661.84,1025.9
660.78,1058.7
659.72,1053.8
658.65,1016
657.59,1013.5
656.53,1053.3
655.46,963.86
654.4,1029.5
653.34,991.77
652.27,1019.8
651.21,970.34
650.14,1012.5
649.08,967.7
648.02,1012.2
646.95,955.68
645.89,1011.9
644.82,992.96
643.76,976.38
642.69,1051.3
641.62,1011.3
640.56,957.18
639.49,968.77
638.43,959.25
637.36,959.11
636.29,989.45
635.23,977.58
634.16,989.16
633.1,991.35
632.03,956.06
630.96,1009.8
629.89,1056.5
628.83,1030.6
627.76,1070.2
626.69,1067.8
625.62,1102.7
624.56,1179.8
623.49,1156.2
622.42,1200.5
621.35,1226.1
620.28,1211.9
619.21,1260.8
618.14,1230.2
617.08,1185.6
616.01,1222.8
614.94,1222.7
613.87,1159.4
612.8,1128.8
611.73,1170.7
610.66,1128.5
609.59,1130.7
608.52,1037.1
607.45,987.86
606.38,1088.1
605.31,1001.6
604.24,1010.8
603.16,1050.3
602.09,966.13
601.02,963.66
599.95,1019.5
598.88,968.04
597.81,893.27
596.73,923.45
595.66,876.68
594.59,927.84
593.52,871.76
592.44,869.3
591.37,897.14
590.3,890.02
589.23,908.52
588.15,887.43
587.08,864.01
586,849.91
584.93,838.14
583.86,858.97
582.78,879.79
581.71,886.64
580.63,860.92
579.56,904.99
578.48,895.56
577.41,883.79
576.33,902.27
575.26,927.71
574.18,948.5
573.11,894.9
572.03,964.49
570.96,931.81
569.88,957.23
568.8,1066.3
567.73,1015
566.65,1038.1
565.58,1091.3
564.5,1058.7
563.42,1165.3
562.34,1132.6
561.27,1176.6
560.19,1197.3
559.11,1190.1
558.03,1224.8
556.96,1308.1
555.88,1277.7
554.8,1363.3
553.72,1372.4
552.64,1446.4
551.56,1478.6
550.49,1524.7
549.41,1670.5
548.33,1716.6
547.25,1815.9
546.17,1871.2
545.09,1984.4
544.01,2023.5
542.93,2180.6
541.85,2330.7
540.77,2425.2
539.69,2640.1
538.61,2741.5
537.53,2990.9
536.45,3298
535.36,3575.1
534.28,4127.1
533.2,4556.5
532.12,5256.2
531.04,5995
529.96,7103.2
528.87,8465.3
527.79,10349
526.71,13242
525.63,17741
524.54,25635
523.46,39763
522.38,68528
521.29,1.2359e+05
520.21,1.464e+05
519.13,1.4638e+05
518.04,1.3666e+05
516.96,79331
515.88,45894
514.79,28827
513.71,19838
512.62,14657
511.54,11223
510.45,9068.7
509.37,7507.4
508.29,6117
507.2,5222.3
506.11,4592.7
505.03,4124.5
503.94,3709.5
502.86,3345.2
501.77,3093.8
500.69,2847
499.6,2683.2
498.51,2484.9
497.43,2457
496.34,2219.7
495.25,2138.9
494.16,2085.7
493.08,1922.1
491.99,1967.8
490.9,1972.1
489.81,1836.2
488.73,1790
487.64,1707
486.55,1704.5
485.46,1628.4
484.37,1591.5
483.28,1497.1
482.19,1450.9
481.11,1414
480.02,1443.6
478.93,1351.6
477.84,1294.1
476.75,1365
475.66,1300.6
474.57,1302.7
473.48,1316.2
472.39,1267.9
471.3,1201.2
470.2,1198.8
469.11,1189.4
468.02,1152.6
466.93,1115.7
465.84,1083.5
464.75,1122.3
463.66,1044.2
462.57,1089.9
461.47,1025.6
460.38,940.79
459.29,972.69
458.2,963.39
457.1,940.37
456.01,1008.9
454.92,1011
453.82,1093.2
452.73,1058.7
451.64,1118
450.55,1156.7
449.45,1126.8
448.36,1163.2
447.26,1220.2
446.17,1268
445.07,1247.2
443.98,1233.3
442.88,1256
441.79,1354
440.69,1422.3
439.6,1342.2
438.5,1373.9
437.41,1460.4
436.31,1487.6
435.22,1487.4
434.12,1551
433.02,1530.3
431.93,1527.8
430.83,1516.1
429.74,1504.5
428.64,1508.8
427.54,1513.2
426.44,1419.5
425.35,1480.8
424.25,1512.5
423.15,1444
422.05,1446
420.96,1443.5
419.86,1486.6
418.76,1383.9
417.66,1479.3
416.56,1510.9
415.46,1476.6
414.36,1396.8
413.26,1442
412.17,1555.5
411.07,1505.3
409.97,1539.2
408.87,1525.3
407.77,1545.5
406.67,1556.7
405.57,1429.2
404.47,1535.7
403.37,1546.9
402.26,1478.5
401.16,1503.3
400.06,1491.7
398.96,1543.7
397.86,1552.5
396.76,1463.8
395.66,1524.8
394.56,1504.2
393.45,1481.3
392.35,1501.5
391.25,1478.6
390.14,1460.2
389.04,1450.9
387.94,1482.5
386.84,1464.1
385.73,1434.4
384.63,1486.3
383.53,1506.5
382.42,1481.4
381.32,1474.3
380.21,1526.2
379.11,1548.6
378.01,1566.5
376.9,1448.6
375.8,1509.5
374.69,1495.7
373.59,1561
372.48,1554
371.38,1569.6
370.27,1555.8
369.17,1524
368.06,1528.2
366.95,1618.4
365.85,1525.5
364.74,1550.2
363.63,1563.5
362.53,1574.5
361.42,1594.7
360.31,1617
359.21,1612.2
358.1,1641.3
356.99,1620.8
355.88,1604.8
354.78,1660.9
353.67,1701.3
352.56,1685.2
351.45,1673.7
350.34,1657.7
349.24,1673.2
348.13,1715.8
347.02,1733.6
345.91,1688.3
344.8,1706
343.69,1791.4
342.58,1777.6
341.47,1725.5
340.36,1790.6
339.25,1797.1
338.14,1884.7
337.03,1832.6
335.92,1863.8
334.81,1829.8
333.7,1852
332.59,1975.5
331.47,1903.2
330.36,1893.9
329.25,1891.4
328.14,1918.1
327.03,1942.6
325.92,1897.3
324.8,1966.7
323.69,1988.9
322.58,2040.3
321.47,2073.7
320.35,2017.2
319.24,2100
318.13,2160.3
317.01,2164.5
315.9,2254
314.79,2186.3
313.67,2356.5
312.56,2300.1
311.44,2293
310.33,2362.2
309.21,2422.4
308.1,2478.1
306.99,2637
305.87,2719.5
304.75,2990.4
303.64,3075.1
302.52,3128.4
301.41,3119
300.29,3082.7
299.18,2961.3
