3199.08	283.604
3198.38	297.784
3197.67	297.743
3196.96	272.894
3196.26	287.031
3195.55	333.052
3194.85	304.666
3194.14	322.335
3193.44	308.124
3192.73	240.8
3192.02	315.122
3191.32	325.699
3190.61	276.099
3189.91	279.6
3189.2	279.562
3188.49	286.6
3187.79	307.788
3187.08	321.895
3186.37	300.63
3185.67	244.008
3184.96	325.299
3184.25	282.83
3183.54	282.792
3182.84	339.304
3182.13	349.859
3181.42	307.41
3180.71	275.571
3180.01	324.988
3179.3	282.56
3178.59	321.368
3177.88	289.545
3177.17	285.975
3176.47	292.996
3175.76	282.367
3175.05	324.678
3174.34	328.162
3173.63	314.005
3172.92	275.158
3172.21	299.81
3171.51	299.769
3170.8	310.307
3170.09	285.584
3169.38	345.475
3168.67	250.259
3167.96	274.895
3167.25	296
3166.54	299.483
3165.83	310.01
3165.12	302.923
3164.41	306.404
3163.7	302.841
3162.99	302.799
3162.28	330.921
3161.57	313.276
3160.86	267.48
3160.15	302.634
3159.44	277.963
3158.73	284.961
3158.02	320.098
3157.31	351.708
3156.6	323.527
3155.89	291.838
3155.18	312.891
3154.46	309.334
3153.75	291.718
3153.04	316.277
3152.33	326.775
3151.62	288.085
3150.91	351.275
3150.19	259.908
3149.48	337.132
3148.77	280.905
3148.06	315.975
3147.35	294.87
3146.63	340.458
3145.92	319.355
3145.21	287.731
3144.5	245.591
3143.78	312.208
3143.07	273.583
3142.36	298.095
3141.65	280.522
3140.93	308.532
3140.22	304.984
3139.51	311.952
3138.79	304.901
3138.08	304.859
3137.37	346.861
3136.65	294.266
3135.94	283.718
3135.22	318.701
3134.51	304.651
3133.8	283.602
3133.08	315.07
3132.37	283.524
3131.65	335.983
3130.94	304.443
3130.23	311.399
3129.51	300.861
3128.8	325.305
3128.08	342.748
3127.37	269.265
3126.65	328.668
3125.94	346.103
3125.22	283.137
3124.51	286.593
3123.79	286.554
3123.07	272.539
3122.36	265.514
3121.64	289.93
3120.93	331.802
3120.21	251.437
3119.5	359.645
3118.78	282.789
3118.06	317.658
3117.35	307.143
3116.63	272.204
3115.91	275.656
3115.2	265.151
3114.48	261.627
3113.76	303.446
3113.05	303.404
3112.33	244.085
3111.61	341.672
3110.9	310.252
3110.18	240.499
3109.46	317.137
3108.74	327.547
3108.03	278.726
3107.31	278.687
3106.59	275.166
3105.87	313.438
3105.16	299.466
3104.44	240.237
3103.72	323.753
3103	337.632
3102.28	302.783
3101.56	358.418
3100.85	299.221
3100.13	288.743
3099.41	333.922
3098.69	288.664
3097.97	292.102
3097.25	285.108
3096.53	292.022
3095.81	298.934
3095.09	337.124
3094.37	288.428
3093.65	312.71
3092.94	319.616
3092.22	323.045
3091.5	274.377
3090.78	270.867
3090.06	284.719
3089.34	350.642
3088.62	267.285
3087.9	301.956
3087.17	312.326
3086.45	242.887
3085.73	260.2
3085.01	308.729
3084.29	298.281
3083.57	301.708
3082.85	319.004
3082.13	270.423
3081.41	322.384
3080.69	284.213
3079.97	308.433
3079.24	273.74
3078.52	304.884
3077.8	342.948
3077.08	252.846
3076.36	308.222
3075.63	283.941
3074.91	276.978
3074.19	342.714
3073.47	283.825
3072.75	346.081
3072.02	366.795
3071.3	325.227
3070.58	304.426
3069.86	297.467
3069.13	276.675
3068.41	287.011
3067.69	280.057
3066.96	328.417
3066.24	314.546
3065.52	342.152
3064.79	304.093
3064.07	307.507
3063.35	304.01
3062.62	314.331
3061.9	335.01
3061.17	303.885
3060.45	321.107
3059.73	307.254
3059	324.471
3058.28	303.719
3057.55	300.227
3056.83	265.681
3056.1	303.594
3055.38	300.103
3054.65	320.756
3053.93	331.058
3053.2	262.052
3052.48	299.939
3051.75	327.475
3051.03	279.177
3050.3	251.57
3049.58	313.558
3048.85	289.398
3048.13	285.914
3047.4	278.986
3046.67	337.493
3045.95	303.013
3045.22	306.415
3044.5	323.585
3043.77	296.005
3043.04	268.433
3042.32	333.775
3041.59	333.729
3040.86	254.563
3040.14	306.122
3039.41	295.762
3038.68	285.406
3037.96	305.996
3037.23	357.519
3036.5	329.973
3035.77	295.56
3035.05	312.701
3034.32	360.759
3033.59	302.309
3032.86	281.659
3032.13	295.358
3031.41	315.921
3030.68	315.878
3029.95	305.536
3029.22	370.712
3028.49	319.18
3027.77	322.568
3027.04	312.231
3026.31	312.188
3025.58	284.704
3024.85	318.962
3024.12	329.206
3023.39	353.162
3022.66	305.118
3021.93	353.066
3021.2	339.308
3020.47	301.566
3019.74	339.215
3019.02	342.594
3018.29	369.951
3017.56	301.401
3016.83	321.907
3016.1	345.831
3015.36	314.971
3014.63	342.313
3013.9	335.421
3013.17	270.353
3012.44	345.594
3011.71	311.335
3010.98	352.341
3010.25	290.727
3009.52	324.886
3008.79	338.519
3008.06	324.797
3007.33	290.568
3006.59	328.126
3005.86	314.411
3005.13	317.785
3004.4	297.242
3003.67	341.611
3002.94	351.811
3002.2	344.933
3001.47	303.909
3000.74	327.767
3000.01	327.722
2999.27	307.197
2998.54	307.155
2997.81	331
2997.08	296.836
2996.34	296.795
2995.61	341.097
2994.88	344.461
2994.14	341.004
2993.41	371.643
2992.68	300.001
2991.94	334.046
2991.21	330.592
2990.48	347.586
2989.74	330.502
2989.01	374.745
2988.28	323.599
2987.54	354.207
2986.81	309.889
2986.07	313.251
2985.34	367.679
2984.61	323.377
2983.87	319.929
2983.14	330.095
2982.4	296.024
2981.67	340.211
2980.93	309.549
2980.2	346.92
2979.46	346.872
2978.73	329.824
2977.99	350.177
2977.26	316.136
2976.52	363.677
2975.78	329.643
2975.05	363.577
2974.31	346.54
2973.58	298.935
2972.84	360.031
2972.1	346.398
2971.37	346.35
2970.63	356.488
2969.9	366.623
2969.16	332.631
2968.42	366.523
2967.69	352.899
2966.95	366.422
2966.21	362.98
2965.47	390.065
2964.74	328.966
2964	386.567
2963.26	362.781
2962.53	322.051
2961.79	352.513
2961.05	325.352
2960.31	345.639
2959.57	318.487
2958.84	376.034
2958.1	403.08
2957.36	372.544
2956.62	358.948
2955.88	331.812
2955.14	379.162
2954.41	365.57
2953.67	338.444
2952.93	368.854
2952.19	324.818
2951.45	375.519
2950.71	365.32
2949.97	348.359
2949.23	395.654
2948.49	388.838
2947.75	338.074
2947.02	388.731
2946.28	327.841
2945.54	337.935
2944.8	375.056
2944.06	368.248
2943.32	378.331
2942.58	354.637
2941.84	361.342
2941.09	378.176
2940.35	327.482
2939.61	364.569
2938.87	378.02
2938.13	317.223
2937.39	347.548
2936.65	354.248
2935.91	387.933
2935.17	394.626
2934.43	360.847
2933.69	337.194
2932.94	347.263
2932.2	370.812
2931.46	401.096
2930.72	370.711
2929.98	404.356
2929.23	394.193
2928.49	373.927
2927.75	387.349
2927.01	383.928
2926.27	346.834
2925.52	346.787
2924.78	302.976
2924.04	403.913
2923.29	390.396
2922.55	366.787
2921.81	383.559
2921.07	386.871
2920.32	329.636
2919.58	363.223
2918.84	319.458
2918.09	359.761
2917.35	359.712
2916.6	349.578
2915.86	319.282
2915.12	369.645
2914.37	362.874
2913.63	379.622
2912.88	372.852
2912.14	356.008
2911.4	342.527
2910.65	359.268
2909.91	362.576
2909.16	352.456
2908.42	345.695
2907.67	365.783
2906.93	359.022
2906.18	365.682
2905.44	368.987
2904.69	375.644
2903.95	355.471
2903.2	368.835
2902.45	352.021
2901.71	382.142
2900.96	368.683
2900.22	304.96
2899.47	378.634
2898.72	348.43
2897.98	321.583
2897.23	334.937
2896.48	391.822
2895.74	358.284
2894.99	385.019
2894.24	368.228
2893.5	341.401
2892.75	371.474
2892	344.654
2891.26	381.409
2890.51	361.285
2889.76	414.752
2889.01	384.596
2888.27	307.635
2887.52	357.744
2886.77	407.839
2886.02	317.536
2885.27	407.727
2884.53	354.206
2883.78	320.746
2883.03	334.065
2882.28	367.421
2881.53	347.332
2880.78	340.606
2880.04	403.997
2879.29	390.588
2878.54	373.845
2877.79	363.781
2877.04	377.079
2876.29	323.643
2875.54	340.279
2874.79	363.582
2874.04	373.537
2873.29	376.821
2872.54	383.437
2871.79	356.715
2871.04	373.332
2870.29	353.284
2869.54	326.576
2868.79	379.842
2868.04	376.459
2867.29	349.759
2866.54	356.372
2865.79	389.624
2865.04	372.923
2864.29	389.517
2863.54	359.505
2862.79	329.501
2862.03	349.423
2861.28	382.649
2860.53	379.27
2859.78	339.3
2859.03	405.774
2858.28	329.23
2857.52	395.687
2856.77	342.438
2856.02	352.364
2855.27	345.668
2854.52	365.56
2853.76	405.384
2853.01	352.17
2852.26	378.697
2851.51	391.931
2850.75	398.519
2850	351.977
2849.25	388.45
2848.49	401.675
2847.74	378.386
2846.99	355.103
2846.23	365.009
2845.48	371.594
2844.73	398.082
2843.97	368.175
2843.22	331.644
2842.47	384.654
2841.71	351.446
2840.96	387.864
2840.2	371.237
2839.45	401.014
2838.69	374.449
2837.94	364.458
2837.19	361.095
2836.43	337.859
2835.68	364.308
2834.92	354.323
2834.17	377.452
2833.41	410.505
2832.66	374.038
2831.9	403.773
2831.14	377.244
2830.39	370.575
2829.63	393.682
2828.88	370.473
2828.12	390.267
2827.37	376.985
2826.61	347.176
2825.85	443.002
2825.1	399.969
2824.34	376.778
2823.58	373.422
2822.83	413.021
2822.07	389.838
2821.31	396.391
2820.56	422.759
2819.8	419.399
2819.04	422.643
2818.29	406.078
2817.53	412.624
2816.77	405.966
2816.01	425.711
2815.26	442.151
2814.5	379.405
2813.74	376.055
2812.98	422.179
2812.22	375.951
2811.47	438.55
2810.71	382.442
2809.95	421.947
2809.19	418.593
2808.43	398.762
2807.67	415.183
2806.91	388.769
2806.16	415.069
2805.4	444.655
2804.64	391.902
2803.88	414.898
2803.12	418.133
2802.36	401.616
2801.6	411.435
2800.84	424.543
2800.08	394.869
2799.32	434.297
2798.56	444.106
2797.8	460.491
2797.04	414.385
2796.28	443.923
2795.52	470.165
2794.76	410.927
2794	447.027
2793.24	407.527
2792.48	453.476
2791.72	469.842
2790.96	486.203
2790.19	436.866
2789.43	469.648
2788.67	463.016
2787.91	459.669
2787.15	446.474
2786.39	551.451
2785.63	452.916
2784.86	420.038
2784.1	485.602
2783.34	495.377
2782.58	508.43
2781.82	472.283
2781.05	521.407
2780.29	491.826
2779.53	449.139
2778.77	524.47
2778	504.733
2777.24	501.387
2776.48	520.977
2775.71	514.354
2774.95	478.25
2774.19	546.965
2773.42	533.79
2772.66	579.558
2771.9	514
2771.13	563.031
2770.37	543.316
2769.6	582.511
2768.84	562.799
2768.08	605.253
2767.31	559.373
2766.55	624.711
2765.78	598.463
2765.02	591.841
2764.25	611.376
2763.49	604.754
2762.72	653.698
2761.96	696.092
2761.19	695.997
2760.43	666.497
2759.66	754.606
2758.9	685.911
2758.13	787.056
2757.37	757.56
2756.6	842.343
2755.84	760.616
2755.07	809.471
2754.3	848.523
2753.54	815.775
2752.77	854.815
2752.01	822.075
2751.24	890.459
2750.47	880.552
2749.71	864.127
2748.94	925.956
2748.17	955.168
2747.4	1000.67
2746.64	1013.57
2745.87	1029.72
2745.1	1084.97
2744.34	1123.91
2743.57	1078.16
2742.8	1104.06
2742.03	1172.29
2741.27	1152.6
2740.5	1217.55
2739.73	1165.3
2738.96	1217.21
2738.19	1233.32
2737.42	1291.71
2736.66	1330.58
2735.89	1301.12
2735.12	1411.52
2734.35	1395.06
2733.58	1385.12
2732.81	1401.18
2732.04	1426.99
2731.27	1374.8
2730.5	1488.34
2729.74	1527.13
2728.97	1517.17
2728.2	1559.19
2727.43	1575.22
2726.66	1607.48
2725.89	1662.45
2725.12	1662.22
2724.35	1697.7
2723.58	1713.7
2722.81	1752.4
2722.04	1748.92
2721.26	1667.57
2720.49	1771.14
2719.72	1832.52
2718.95	1825.79
2718.18	1890.39
2717.41	1864.19
2716.64	1812.07
2715.87	1811.82
2715.1	1886.1
2714.32	1827.52
2713.55	1982.78
2712.78	1820.54
2712.01	1901.26
2711.24	1868.61
2710.47	1942.83
2709.69	1848.67
2708.92	1909.93
2708.15	1874.06
2707.38	1815.55
2706.6	1964.15
2705.83	1776.22
2705.06	1889.2
2704.28	1888.94
2703.51	1772.26
2702.74	1859.32
2701.97	1859.06
2701.19	1849.11
2700.42	1890.87
2699.65	1790.43
2698.87	1838.65
2698.1	1844.86
2697.32	1818.76
2696.55	1782.98
2695.78	1837.64
2695	1740.51
2694.23	1808.08
2693.45	1688.38
2692.68	1707.52
2691.9	1691.14
2691.13	1700.59
2690.35	1668.09
2689.58	1687.22
2688.8	1651.5
2688.03	1625.48
2687.25	1525.29
2686.48	1686.29
2685.7	1586.12
2684.93	1692.27
2684.15	1640.47
2683.38	1572.57
2682.6	1604.58
2681.82	1485.16
2681.05	1484.95
2680.27	1417.11
2679.5	1458.78
2678.72	1361.99
2677.94	1455.16
2677.17	1406.68
2676.39	1358.2
2675.61	1399.85
2674.83	1293.48
2674.06	1251.48
2673.28	1309.21
2672.5	1264
2671.73	1331.36
2670.95	1282.94
2670.17	1186.32
2669.39	1237.58
2668.62	1166.71
2667.84	1163.33
2667.06	1089.27
2666.28	1111.61
2665.5	1066.48
2664.72	1059.91
2663.95	1046.92
2663.17	1069.25
2662.39	1024.16
2661.61	1043.28
2660.83	1007.83
2660.05	1020.52
2659.27	1042.84
2658.49	972.118
2657.71	959.153
2656.93	910.909
2656.16	1000.58
2655.38	952.343
2654.6	926.563
2653.82	849.5
2653.04	826.946
2652.26	887.723
2651.48	791.471
2650.7	884.274
2649.92	800.863
2649.13	826.376
2648.35	787.832
2647.57	813.34
2646.79	781.211
2646.01	819.518
2645.23	800.201
2644.45	755.285
2643.67	710.382
2642.89	815.867
2642.11	748.575
2641.32	748.472
2640.54	735.576
2639.76	757.859
2638.98	703.4
2638.2	741.665
2637.41	690.421
2636.63	677.542
2635.85	664.666
2635.07	661.38
2634.28	712.403
2633.5	673.974
2632.72	619.588
2631.94	645.049
2631.15	635.381
2630.37	632.101
2629.59	683.086
2628.8	651.076
2628.02	708.426
2627.24	625.371
2626.45	580.622
2625.67	590.111
2624.89	653.817
2624.1	647.349
2623.32	605.809
2622.53	570.657
2621.75	525.952
2620.96	589.623
2620.18	570.421
2619.4	563.97
2618.61	551.149
2617.83	608.41
2617.04	563.737
2616.26	576.397
2615.47	554.029
2614.69	608.074
2613.9	550.693
2613.11	544.251
2612.33	544.176
2611.54	544.101
2610.76	544.026
2609.97	559.856
2609.19	556.598
2608.4	508.82
2607.61	575.523
2606.83	489.604
2606.04	530.861
2605.25	492.647
2604.47	543.426
2603.68	460.736
2602.89	492.443
2602.11	498.729
2601.32	485.955
2600.53	536.7
2599.74	508.048
2598.96	466.705
2598.17	546.001
2597.38	514.186
2596.59	444.297
2595.81	501.352
2595.02	469.556
2594.23	507.558
2593.44	434.536
2592.65	459.847
2591.87	456.613
2591.08	424.845
2590.29	443.807
2589.5	481.781
2588.71	484.883
2587.92	418.273
2587.13	500.591
2586.34	437.165
2585.55	484.616
2584.76	430.71
2583.98	455.983
2583.19	468.584
2582.4	452.691
2581.61	477.951
2580.82	519.027
2580.03	417.696
2579.24	499.9
2578.45	427.071
2577.66	471.295
2576.86	389.002
2576.07	414.246
2575.28	515.364
2574.49	455.228
2573.7	398.27
2572.91	410.856
2572.12	426.6
2571.33	454.977
2570.54	432.8
2569.75	445.375
2568.95	451.63
2568.16	429.463
2567.37	410.459
2566.58	445.129
2565.79	426.129
2564.99	467.099
2564.2	432.322
2563.41	394.4
2562.62	457.441
2561.82	422.68
2561.03	428.93
2560.24	413.103
2559.45	476.106
2558.65	390.921
2557.86	406.628
2557.07	453.847
2556.27	488.449
2555.48	437.968
2554.69	450.509
2553.89	409.497
2553.1	456.683
2552.31	440.875
2551.51	456.557
2550.72	431.308
2549.92	437.544
2549.13	428.042
2548.33	393.366
2547.54	402.752
2546.75	431.01
2545.95	446.679
2545.16	437.182
2544.36	424.542
2543.57	386.752
2542.77	414.993
2541.98	462.088
2541.18	446.309
2540.38	427.392
2539.59	417.906
2538.79	449.266
2538	411.508
2537.2	411.451
2536.4	461.641
2535.61	414.478
2534.81	445.816
2534.02	474.006
2533.22	455.109
2532.42	470.737
2531.63	486.361
2530.83	401.585
2530.03	407.803
2529.24	479.886
2528.44	454.731
2527.64	435.855
2526.84	423.254
2526.05	451.408
2525.25	445.077
2524.45	460.685
2523.65	394.818
2522.85	422.961
2522.06	397.842
2521.26	519.942
2520.46	400.864
2519.66	454.04
2518.86	407.014
2518.06	450.784
2517.27	438.202
2516.47	435.012
2515.67	447.468
2514.87	394.218
2514.07	469.243
2513.27	431.644
2512.47	456.603
2511.67	403.381
2510.87	425.211
2510.07	450.162
2509.27	431.345
2508.47	496.916
2507.67	424.976
2506.87	434.291
2506.07	446.727
2505.27	449.788
2504.47	455.972
2503.67	424.683
2502.87	455.846
2502.07	449.54
2501.27	440.113
2500.47	493.108
2499.67	452.474
2498.87	414.97
2498.06	446.109
2497.26	442.928
2496.46	427.273
2495.66	433.451
2494.86	489.513
2494.06	467.623
2493.25	461.324
2492.45	436.327
2491.65	436.267
2490.85	467.364
2490.04	445.492
2489.24	432.971
2488.44	470.285
2487.64	504.474
2486.83	485.723
2486.03	470.09
2485.23	485.588
2484.42	497.971
2483.62	479.23
2482.82	469.83
2482.01	466.654
2481.21	475.921
2480.41	488.296
2479.6	463.35
2478.8	472.614
2477.99	509.855
2477.19	478.7
2476.38	506.606
2475.58	484.783
2474.78	469.18
2473.97	478.435
2473.17	484.582
2472.36	509.361
2471.56	546.556
2470.75	527.85
2469.95	530.882
2469.14	561.85
2468.33	555.565
2467.53	496.525
2466.72	549.205
2465.92	533.617
2465.11	552.155
2464.31	527.266
2463.5	561.306
2462.69	477.509
2461.89	492.944
2461.08	492.876
2460.27	520.702
2459.47	492.739
2458.66	532.953
2457.85	526.683
2457.05	588.564
2456.24	591.579
2455.43	523.367
2454.62	529.487
2453.82	538.702
2453.01	560.296
2452.2	510.697
2451.39	584.899
2450.59	488.895
2449.78	575.455
2448.97	535.161
2448.16	525.808
2447.35	550.476
2446.54	541.123
2445.74	553.415
2444.93	537.882
2444.12	519.262
2443.31	516.1
2442.5	540.748
2441.69	574.659
2440.88	537.51
2440.07	494.193
2439.26	469.419
2438.45	521.847
2437.64	531.037
2436.83	506.267
2436.02	500.024
2435.21	493.783
2434.4	490.629
2433.59	490.561
2432.78	518.256
2431.97	450.327
2431.16	465.685
2430.35	518.041
2429.54	440.89
2428.73	499.401
2427.92	462.344
2427.11	428.38
2426.3	474.542
2425.48	446.747
2424.67	428.202
2423.86	425.062
2423.05	415.764
2422.24	468.055
2421.43	427.964
2420.61	443.297
2419.8	412.456
2418.99	378.545
2418.18	467.73
2417.36	384.593
2416.55	430.685
2415.74	446.005
2414.93	427.49
2414.11	393.605
2413.3	424.297
2412.49	390.422
2411.67	418.032
2410.86	399.534
2410.05	390.26
2409.23	387.133
2408.42	368.647
2407.6	347.095
2406.79	396.186
2405.98	432.98
2405.16	365.372
2404.35	463.56
2403.53	365.271
2402.72	398.98
2401.9	414.268
2401.09	420.347
2400.27	389.611
2399.46	392.624
2398.64	364.967
2397.83	389.449
2397.01	438.453
2396.2	367.881
2395.38	423.005
2394.57	355.52
2393.75	370.793
2392.93	422.829
2392.12	346.181
2391.3	410.459
2390.49	358.336
2389.67	431.781
2388.85	391.917
2388.04	397.986
2387.22	376.504
2386.4	379.512
2385.59	434.542
2384.77	388.586
2383.95	419.125
2383.13	351.771
2382.32	403.716
2381.5	360.848
2380.68	379.144
2379.86	357.691
2379.05	458.514
2378.23	385.098
2377.41	369.765
2376.59	348.326
2375.77	366.608
2374.96	375.721
2374.14	412.319
2373.32	381.724
2372.5	375.565
2371.68	396.883
2370.86	405.986
2370.04	369.304
2369.22	350.943
2368.4	356.997
2367.58	399.659
2366.77	393.502
2365.95	405.648
2365.13	356.798
2364.31	390.289
2363.49	365.846
2362.67	362.746
2361.85	374.888
2361.02	396.168
2360.2	390.019
2359.38	396.058
2358.56	316.802
2357.74	395.948
2356.92	395.893
2356.1	414.107
2355.28	368.383
2354.46	389.64
2353.64	368.28
2352.82	353.013
2351.99	438.162
2351.17	395.508
2350.35	389.369
2349.53	416.689
2348.71	334.521
2347.88	367.923
2347.06	376.992
2346.24	373.9
2345.42	376.888
2344.59	364.679
2343.77	425.4
2342.95	331.158
2342.13	349.339
2341.3	364.477
2340.48	358.352
2339.66	412.959
2338.83	385.577
2338.01	379.452
2337.18	415.822
2336.36	336.86
2335.54	394.466
2334.71	379.242
2333.89	373.122
2333.06	360.938
2332.24	433.672
2331.42	485.16
2330.59	527.538
2329.77	485.025
2328.94	445.555
2328.12	439.432
2327.29	399.979
2326.47	409.012
2325.64	390.78
2324.82	369.523
2323.99	433.07
2323.16	393.645
2322.34	354.231
2321.51	393.536
2320.69	366.24
2319.86	378.295
2319.04	384.294
2318.21	381.215
2317.38	332.76
2316.56	365.986
2315.73	329.644
2314.9	381.003
2314.08	374.903
2313.25	396.012
2312.42	344.573
2311.59	359.636
2310.77	365.63
2309.94	398.813
2309.11	359.486
2308.28	398.703
2307.46	347.306
2306.63	383.494
2305.8	374.383
2304.97	362.255
2304.14	365.223
2303.32	383.28
2302.49	359.087
2301.66	368.088
2300.83	395.187
2300	367.986
2299.17	367.935
2298.34	370.899
2297.51	416.073
2296.68	304.475
2295.86	358.688
2295.03	400.831
2294.2	346.535
2293.37	358.538
2292.54	343.426
2291.71	379.523
2290.88	400.552
2290.05	367.372
2289.22	349.256
2288.39	364.26
2287.55	361.199
2286.72	382.216
2285.89	370.126
2285.06	352.022
2284.23	315.874
2283.4	385.011
2282.57	384.958
2281.74	342.805
2280.91	351.778
2280.07	378.785
2279.24	327.633
2278.41	378.679
2277.58	366.607
2276.75	360.547
2275.91	375.517
2275.08	324.402
2274.25	360.396
2273.42	321.309
2272.58	327.269
2271.75	381.26
2270.92	348.189
2270.09	357.144
2269.25	372.099
2268.42	390.049
2267.59	368.995
2266.75	359.945
2265.92	365.893
2265.09	320.862
2264.25	395.775
2263.42	404.713
2262.58	413.649
2261.75	341.663
2260.92	326.632
2260.08	344.564
2259.25	356.499
2258.41	356.449
2257.58	401.324
2256.74	353.356
2255.91	368.277
2255.07	386.188
2254.24	359.195
2253.4	353.159
2252.57	323.185
2251.73	323.14
2250.9	338.053
2250.06	382.874
2249.22	349.922
2248.39	367.816
2247.55	391.684
2246.72	379.672
2245.88	364.673
2245.04	385.543
2244.21	379.513
2243.37	358.545
2242.53	388.37
2241.7	316.627
2240.86	325.543
2240.02	355.359
2239.18	364.267
2238.35	379.143
2237.51	382.076
2236.67	370.084
2235.83	343.175
2235	355.063
2234.16	417.662
2233.32	366.895
2232.48	348.949
2231.64	381.703
2230.8	381.65
2229.97	345.822
2229.13	360.678
2228.29	339.765
2227.45	360.578
2226.61	342.65
2225.77	375.373
2224.93	357.448
2224.09	381.225
2223.25	413.929
2222.41	404.939
2221.57	369.158
2220.73	381.013
2219.89	389.888
2219.05	380.907
2218.21	389.78
2217.37	357
2216.53	374.798
2215.69	336.082
2214.85	386.589
2214.01	353.828
2213.17	344.86
2212.33	350.757
2211.49	386.373
2210.65	398.206
2209.8	398.151
2208.96	383.241
2208.12	362.394
2207.28	371.254
2206.44	362.293
2205.6	377.089
2204.75	382.974
2203.91	403.699
2203.07	382.867
2202.23	308.625
2201.38	353.089
2200.54	338.206
2199.7	394.519
2198.86	361.839
2198.01	349.927
2197.17	406.214
2196.33	367.617
2195.48	400.173
2194.64	337.876
2193.8	367.464
2192.95	373.338
2192.11	343.66
2191.26	396.932
2190.42	376.144
2189.58	417.55
2188.73	376.039
2187.89	378.947
2187.04	364.094
2186.2	378.841
2185.35	375.829
2184.51	369.859
2183.66	346.14
2182.82	375.672
2181.97	411.111
2181.13	372.61
2180.28	369.601
2179.44	342.942
2178.59	399.058
2177.74	369.447
2176.9	357.575
2176.05	378.208
2175.21	401.79
2174.36	354.471
2173.51	351.468
2172.67	389.809
2171.82	372.039
2170.97	404.462
2170.13	419.165
2169.28	339.417
2168.43	345.272
2167.59	395.384
2166.74	413.031
2165.89	371.676
2165.04	339.18
2164.19	336.184
2163.35	374.469
2162.5	362.624
2161.65	338.991
2160.8	394.943
2159.95	415.517
2159.11	383.047
2158.26	353.533
2157.41	356.429
2156.56	376.996
2155.71	353.385
2154.86	394.558
2154.01	382.726
2153.16	394.448
2152.31	367.903
2151.46	361.966
2150.61	364.858
2149.76	423.647
2148.92	379.464
2148.07	370.588
2147.21	397.003
2146.36	423.411
2145.51	376.313
2144.66	379.2
2143.81	373.268
2142.96	302.687
2142.11	405.486
2141.26	417.18
2140.41	378.935
2139.56	387.693
2138.71	370.019
2137.86	393.457
2137	402.21
2136.15	349.316
2135.3	366.878
2134.45	363.892
2133.6	375.578
2132.74	407.797
2131.89	381.34
2131.04	357.822
2130.19	346.042
2129.34	389.976
2128.48	348.877
2127.63	395.73
2126.78	351.711
2125.92	375.106
2125.07	383.844
2124.22	377.931
2123.36	366.161
2122.51	366.11
2121.66	354.345
2120.8	354.295
2119.95	333.752
2119.09	403.959
2118.24	360
2117.39	354.097
2116.53	412.568
2115.68	333.519
2114.82	397.827
2113.97	371.448
2113.11	339.228
2112.26	368.42
2111.4	374.216
2110.55	391.703
2109.69	353.652
2108.84	353.603
2107.98	376.929
2107.13	333.053
2106.27	327.164
2105.41	373.85
2104.56	359.196
2103.7	370.826
2102.84	376.613
2101.99	426.184
2101.13	385.263
2100.28	361.864
2099.42	373.484
2098.56	393.854
2097.7	376.297
2096.85	384.994
2095.99	393.689
2095.13	384.887
2094.27	373.171
2093.42	373.119
2092.56	375.981
2091.7	390.5
2090.84	402.1
2089.99	416.611
2089.13	372.858
2088.27	372.806
2087.41	346.545
2086.55	349.408
2085.69	352.27
2084.83	340.577
2083.98	323.067
2083.12	419.055
2082.26	413.177
2081.4	366.571
2080.54	334.522
2079.68	383.919
2078.82	378.049
2077.96	357.643
2077.1	348.871
2076.24	392.425
2075.38	380.744
2074.52	386.503
2073.66	395.166
2072.8	363.153
2071.94	360.197
2071.08	374.669
2070.22	354.289
2069.35	336.817
2068.49	377.415
2067.63	374.459
2066.77	412.138
2065.91	356.943
2065.05	368.499
2064.19	385.854
2063.32	362.594
2062.46	382.846
2061.6	408.892
2060.74	368.241
2059.88	362.391
2059.01	350.746
2058.15	353.595
2057.29	414.402
2056.43	382.471
2055.56	376.623
2054.7	367.881
2053.84	419.962
2052.97	364.882
2052.11	376.413
2051.25	367.675
2050.38	358.939
2049.52	353.1
2048.65	416.716
2047.79	370.362
2046.93	352.952
2046.06	370.259
2045.2	393.345
2044.33	349.912
2043.47	387.452
2042.6	378.724
2041.74	398.906
2040.87	375.728
2040.01	349.667
2039.14	404.517
2038.28	436.239
2037.41	346.632
2036.55	369.689
2035.68	360.974
2034.82	392.684
2033.95	404.177
2033.08	401.234
2032.22	421.381
2031.35	349.178
2030.48	401.065
2029.62	386.584
2028.75	409.607
2027.88	386.476
2027.02	403.724
2026.15	386.368
2025.28	426.675
2024.42	377.612
2023.55	366.031
2022.68	363.098
2021.81	386.097
2020.95	371.639
2020.08	397.511
2019.21	380.175
2018.34	397.4
2017.47	345.517
2016.61	400.167
2015.74	400.111
2014.87	388.543
2014	443.164
2013.13	408.575
2012.26	359.611
2011.39	373.943
2010.52	394.023
2009.65	347.957
2008.78	388.162
2007.91	422.606
2007.04	399.551
2006.18	431.11
2005.31	399.439
2004.43	402.256
2003.56	333.251
2002.69	393.526
2001.82	390.599
2000.95	381.929
2000.08	364.648
1999.21	373.209
1998.34	384.639
1997.47	355.885
1996.6	364.444
1995.73	378.739
1994.86	381.554
1993.98	347.08
1993.11	367.107
1992.24	384.262
1991.37	341.199
1990.5	366.953
1989.62	398.432
1988.75	366.85
1987.88	383.992
1987.01	363.882
1986.13	355.236
1985.26	352.322
1984.39	369.457
1983.52	409.495
1982.64	355.037
1981.77	369.301
1980.9	397.873
1980.02	406.404
1979.15	400.623
1978.28	406.29
1977.4	403.372
1976.53	357.549
1975.65	371.799
1974.78	368.887
1973.9	368.835
1973.03	374.501
1972.16	400.174
1971.28	388.686
1970.41	354.34
1969.53	382.862
1968.66	365.668
1967.78	359.904
1966.91	376.989
1966.03	365.514
1965.15	385.449
1964.28	402.524
1963.4	331.108
1962.53	385.287
1961.65	368.111
1960.77	402.298
1959.9	410.8
1959.02	382.218
1958.14	410.684
1957.27	376.408
1956.39	370.653
1955.51	379.153
1954.64	387.651
1953.76	361.947
1952.88	381.843
1952.01	373.242
1951.13	384.584
1950.25	413.014
1949.37	401.564
1948.49	410.05
1947.62	361.591
1946.74	381.468
1945.86	375.721
1944.98	341.517
1944.1	412.608
1943.22	364.182
1942.35	392.579
1941.47	364.08
1940.59	369.717
1939.71	366.821
1938.83	403.731
1937.95	335.448
1937.07	341.085
1936.19	383.667
1935.31	412.029
1934.43	403.448
1933.55	352.257
1932.67	386.292
1931.79	400.438
1930.91	363.467
1930.03	366.255
1929.15	363.365
1928.27	357.637
1927.39	366.101
1926.51	405.775
1925.62	346.137
1924.74	377.293
1923.86	402.768
1922.98	416.891
1922.1	442.353
1921.22	362.905
1920.34	351.515
1919.45	365.638
1918.57	379.756
1917.69	376.87
1916.81	422.148
1915.92	388.095
1915.04	444.688
1914.16	413.474
1913.28	387.931
1912.39	376.552
1911.51	376.499
1910.63	376.446
1909.74	362.243
1908.86	370.681
1907.98	325.361
1907.09	376.234
1906.21	333.755
1905.32	395.925
1904.44	344.972
1903.56	381.677
1902.67	404.238
1901.79	381.57
1900.9	319.343
1900.02	330.601
1899.13	384.234
1898.25	384.18
1897.36	370.004
1896.48	321.943
1895.59	341.663
1894.71	426.313
1893.82	355.681
1892.93	355.631
1892.05	395.09
1891.16	366.818
1890.28	378.052
1889.39	397.745
1888.5	403.33
1887.62	352.511
1886.73	406.036
1885.84	341.135
1884.96	346.725
1884.07	335.402
1883.18	355.081
1882.3	371.938
1881.41	405.693
1880.52	354.932
1879.63	391.496
1878.75	385.809
1877.86	351.966
1876.97	371.624
1876.08	365.942
1875.19	354.632
1874.31	430.564
1873.42	385.483
1872.53	402.309
1871.64	376.936
1870.75	393.758
1869.86	376.83
1868.97	410.518
1868.08	351.422
1867.19	376.671
1866.3	359.754
1865.41	390.616
1864.52	365.273
1863.64	368.031
1862.75	370.788
1861.85	412.865
1860.96	393.149
1860.07	412.748
1859.18	353.735
1858.29	390.176
1857.4	415.381
1856.51	378.841
1855.62	409.652
1854.73	342.264
1853.84	361.851
1852.95	378.628
1852.06	384.183
1851.16	353.287
1850.27	426.127
1849.38	372.809
1848.49	367.151
1847.6	403.529
1846.7	375.453
1845.81	372.599
1844.92	366.944
1844.03	386.497
1843.13	383.642
1842.24	330.39
1841.35	403.131
1840.45	369.485
1839.56	380.627
1838.67	363.784
1837.77	358.137
1836.88	304.933
1835.99	363.63
1835.09	360.782
1834.2	413.862
1833.3	352.292
1832.41	366.221
1831.52	371.76
1830.62	388.476
1829.73	354.888
1828.83	385.572
1827.94	332.439
1827.04	371.498
1826.15	368.652
1825.25	357.431
1824.36	385.301
1823.46	371.288
1822.57	396.357
1821.67	387.929
1820.77	396.245
1819.88	418.51
1818.98	387.765
1818.08	396.078
1817.19	373.711
1816.29	365.293
1815.4	390.334
1814.5	390.279
1813.6	367.926
1812.7	362.3
1811.81	376.181
1810.91	362.198
1810.01	334.289
1809.12	342.598
1808.22	387.109
1807.32	370.347
1806.42	378.647
1805.52	367.459
1804.63	414.725
1803.73	339.525
1802.83	370.086
1801.93	375.598
1801.03	364.418
1800.13	378.274
1799.23	400.469
1798.33	303.09
1797.44	344.751
1796.54	394.739
1795.64	403.022
1794.74	397.407
1793.84	364.007
1792.94	372.29
1792.04	383.349
1791.14	327.745
1790.24	380.464
1789.34	380.411
1788.44	380.357
1787.54	399.735
1786.64	391.352
1785.73	394.072
1784.83	391.241
1783.93	402.283
1783.03	385.583
1782.13	399.396
1781.23	399.34
1780.33	371.556
1779.42	396.455
1778.52	404.715
1777.62	415.744
1776.72	440.627
1775.82	376.835
1774.91	385.093
1774.01	401.659
1773.11	415.451
1772.21	373.853
1771.3	429.178
1770.4	395.896
1769.5	409.68
1768.59	395.784
1767.69	442.772
1766.79	390.138
1765.88	426.048
1764.98	409.391
1764.08	373.378
1763.17	409.275
1762.27	378.803
1761.36	400.866
1760.46	409.102
1759.55	447.738
1758.65	395.169
1757.74	436.559
1756.84	403.346
1755.93	411.575
1755.03	367.328
1754.12	428.028
1753.22	400.357
1752.31	403.061
1751.41	430.607
1750.5	405.707
1749.6	408.409
1748.69	413.87
1747.78	369.671
1746.88	394.444
1745.97	463.338
1745.06	388.818
1744.16	399.791
1743.25	432.816
1742.34	429.999
1741.44	449.23
1740.53	440.9
1739.62	377.467
1738.71	407.717
1737.81	388.378
1736.9	435.143
1735.99	410.298
1735.08	424.006
1734.17	407.429
1733.27	396.361
1732.36	445.844
1731.45	415.511
1730.54	398.945
1729.63	404.39
1728.72	456.594
1727.81	440.028
1726.91	412.468
1726	431.656
1725.09	406.853
1724.18	393.053
1723.27	414.983
1722.36	398.437
1721.45	387.391
1720.54	423.048
1719.63	387.282
1718.72	362.51
1717.81	392.664
1716.9	433.791
1715.99	376.082
1715.07	384.263
1714.16	411.652
1713.25	392.386
1712.34	403.305
1711.43	378.559
1710.52	373.02
1709.61	375.71
1708.69	386.625
1707.78	403.02
1706.87	402.963
1705.96	413.869
1705.05	405.589
1704.13	449.373
1703.22	419.173
1702.31	443.767
1701.4	399.882
1700.48	369.702
1699.57	427.15
1698.66	410.663
1697.74	388.706
1696.83	402.336
1695.92	396.806
1695	429.584
1694.09	407.637
1693.18	443.14
1692.26	361.026
1691.35	399.26
1690.43	401.938
1689.52	459.292
1688.6	461.961
1687.69	415.433
1686.77	431.77
1685.86	418.047
1684.94	412.524
1684.03	439.781
1683.11	390.558
1682.2	401.426
1681.28	434.134
1680.37	395.852
1679.45	434.011
1678.54	450.325
1677.62	422.973
1676.7	411.999
1675.79	450.134
1674.87	414.61
1673.95	430.915
1673.04	471.758
1672.12	436.246
1671.2	444.363
1670.29	436.122
1669.37	408.807
1668.45	430.549
1667.53	395.068
1666.62	419.53
1665.7	422.194
1664.78	438.475
1663.86	476.536
1662.94	462.855
1662.02	473.679
1661.11	430.061
1660.19	443.608
1659.27	443.545
1658.35	438.041
1657.43	459.741
1656.51	462.396
1655.59	467.77
1654.67	464.984
1653.75	475.794
1652.83	443.105
1651.91	481.095
1650.99	470.156
1650.07	513.566
1649.15	472.74
1648.23	464.523
1647.31	529.645
1646.39	486.118
1645.47	499.625
1644.55	532.134
1643.63	480.482
1642.71	504.841
1641.79	545.477
1640.87	515.552
1639.95	564.314
1639.02	556.096
1638.1	547.88
1637.18	629.159
1636.26	599.243
1635.34	639.825
1634.41	647.867
1633.49	639.644
1632.57	723.562
1631.65	737.008
1630.72	785.669
1629.8	723.254
1628.88	826.072
1627.95	904.489
1627.03	939.56
1626.11	1012.52
1625.18	990.724
1624.26	1142.15
1623.34	1193.4
1622.41	1233.82
1621.49	1263.4
1620.56	1401.18
1619.64	1322.55
1618.72	1419.71
1617.79	1389.77
1616.87	1438.23
1615.94	1516.42
1615.02	1532.42
1614.09	1583.54
1613.17	1685.99
1612.24	1747.89
1611.31	1901.6
1610.39	1933.74
1609.46	2000.98
1608.54	2084.39
1607.61	2256.87
1606.69	2342.93
1605.76	2353.39
1604.83	2431.31
1603.91	2644.12
1602.98	2697.69
1602.05	2646.06
1601.13	2715.81
1600.2	2701.94
1599.27	2898.37
1598.34	2768.57
1597.42	2962.24
1596.49	2999.55
1595.56	2972.18
1594.63	3141.49
1593.7	3235.33
1592.78	3299.52
1591.85	3441.78
1590.92	3648.63
1589.99	3785.43
1589.06	4024.47
1588.13	4128.87
1587.2	4289.76
1586.28	4485.58
1585.35	4794.34
1584.42	4863.6
1583.49	5075.39
1582.56	5273.68
1581.63	5337.46
1580.7	5285.62
1579.77	5233.79
1578.84	5224.99
1577.91	4767.39
1576.98	4721.04
1576.05	4604.84
1575.12	4193.2
1574.19	3835.38
1573.25	3700.56
1572.32	3410.05
1571.39	3055.19
1570.46	2831.95
1569.53	2630.26
1568.6	2385.68
1567.67	2256.55
1566.73	2025.51
1565.8	1901.83
1564.87	1818.41
1563.94	1603.62
1563.01	1560.5
1562.07	1463.76
1561.14	1426.03
1560.21	1350.78
1559.27	1219.28
1558.34	1141.41
1557.41	1192.15
1556.48	1033.94
1555.54	1023.08
1554.61	1006.87
1553.67	1004.05
1552.74	926.268
1551.81	899.369
1550.87	896.565
1549.94	869.678
1549	810.693
1548.07	821.278
1547.13	799.763
1546.2	772.905
1545.26	748.729
1544.33	729.907
1543.39	676.338
1542.46	660.204
1541.52	710.888
1540.59	684.065
1539.65	657.251
1538.72	659.828
1537.78	691.786
1536.84	683.676
1535.91	643.526
1534.97	592.707
1534.04	648.681
1533.1	616.56
1532.16	605.797
1531.23	616.385
1530.29	578.945
1529.35	602.871
1528.41	616.121
1527.48	584.032
1526.54	594.615
1525.6	578.534
1524.66	575.786
1523.72	599.691
1522.79	538.313
1521.85	551.559
1520.91	572.794
1519.97	508.782
1519.03	604.592
1518.09	532.604
1517.16	516.552
1516.22	572.386
1515.28	556.333
1514.34	521.655
1513.4	473.68
1512.46	494.899
1511.52	510.79
1510.58	505.398
1509.64	523.943
1508.7	534.505
1507.76	507.841
1506.82	483.842
1505.88	531.619
1504.94	457.127
1504	536.782
1503.06	483.567
1502.11	539.286
1501.17	520.616
1500.23	478.048
1499.29	485.947
1498.35	491.188
1497.41	501.736
1496.47	538.825
1495.52	546.71
1494.58	490.908
1493.64	456.346
1492.7	482.809
1491.75	527.832
1490.81	506.54
1489.87	517.075
1488.93	498.442
1487.98	477.164
1487.04	461.193
1486.1	450.526
1485.15	487.559
1484.21	513.983
1483.27	445.036
1482.32	532.377
1481.38	471.391
1480.43	458.085
1479.49	495.085
1478.54	450.013
1477.6	465.829
1476.66	465.763
1475.71	484.218
1474.77	462.984
1473.82	481.435
1472.87	499.881
1471.93	454.853
1470.98	460.076
1470.04	441.505
1469.09	467.875
1468.15	444.022
1467.2	488.883
1466.25	528.446
1465.31	501.953
1464.36	515.088
1463.42	475.398
1462.47	462.127
1461.52	459.421
1460.57	491.035
1459.63	475.127
1458.68	472.42
1457.73	453.881
1456.79	467.009
1455.84	456.39
1454.89	451.049
1453.94	498.457
1452.99	506.297
1452.05	479.858
1451.1	471.881
1450.15	492.901
1449.2	477.018
1448.25	471.679
1447.3	495.324
1446.35	437.299
1445.4	450.406
1444.46	434.54
1443.51	484.509
1442.56	479.174
1441.61	473.841
1440.66	505.358
1439.71	492.128
1438.76	449.956
1437.81	497.249
1436.86	494.547
1435.91	462.914
1434.96	439.18
1434	468.041
1433.05	494.265
1432.1	481.051
1431.15	488.867
1430.2	486.17
1429.25	459.824
1428.3	493.912
1427.35	493.842
1426.39	485.892
1425.44	459.562
1424.49	512.01
1423.54	498.81
1422.58	477.74
1421.63	427.805
1420.68	503.845
1419.73	519.516
1418.77	445.985
1417.82	540.352
1416.87	516.671
1415.91	466.773
1414.96	508.657
1414.01	508.585
1413.05	477.058
1412.1	492.715
1411.15	474.301
1410.19	495.194
1409.24	518.7
1408.28	555.297
1407.33	492.363
1406.37	484.437
1405.42	513.168
1404.46	471.209
1403.51	494.699
1402.55	494.628
1401.6	505.024
1400.64	504.952
1399.69	531.039
1398.73	528.348
1397.77	541.349
1396.82	522.967
1395.86	441.844
1394.91	559.415
1393.95	504.447
1392.99	517.442
1392.04	496.464
1391.08	553.87
1390.12	527.669
1389.16	524.981
1388.21	543.187
1387.25	587.498
1386.29	548.253
1385.33	608.213
1384.38	615.955
1383.42	608.039
1382.46	657.527
1381.5	667.869
1380.54	644.297
1379.59	628.556
1378.63	711.914
1377.67	649.235
1376.71	701.282
1375.75	706.395
1374.79	794.906
1373.83	766.128
1372.87	776.44
1371.91	844.063
1370.95	828.314
1369.99	942.788
1369.03	908.801
1368.07	900.86
1367.11	887.715
1366.15	942.249
1365.19	978.549
1364.23	1087.7
1363.27	1058.92
1362.31	1089.99
1361.35	1069.03
1360.39	1092.28
1359.42	1081.72
1358.46	1125.76
1357.5	1187.99
1356.54	1109.85
1355.58	1221.44
1354.61	1151.1
1353.65	1210.7
1352.69	1179.35
1351.73	1168.79
1350.77	1225.76
1349.8	1111.33
1348.84	1121.56
1347.88	1173.31
1346.91	1100.47
1345.95	1118.48
1344.99	1113.13
1344.02	1076.65
1343.06	1032.4
1342.09	1063.38
1341.13	1052.85
1340.17	1047.51
1339.2	966.997
1338.24	987.595
1337.27	997.821
1336.31	943.259
1335.34	981.989
1334.38	901.539
1333.41	909.18
1332.45	841.713
1331.48	859.719
1330.52	836.294
1329.55	797.342
1328.59	792.051
1327.62	773.821
1326.65	755.597
1325.69	742.552
1324.72	734.685
1323.75	719.06
1322.79	721.544
1321.82	687.825
1320.85	638.603
1319.89	623.001
1318.92	687.529
1317.95	602.148
1316.98	576.222
1316.02	630.395
1315.05	586.39
1314.08	552.729
1313.11	593.969
1312.14	575.809
1311.18	575.727
1310.21	585.969
1309.24	534.266
1308.27	572.898
1307.3	544.433
1306.33	583.054
1305.36	559.754
1304.39	567.412
1303.42	495.125
1302.46	523.416
1301.49	482.092
1300.52	520.688
1299.55	474.222
1298.58	554.039
1297.61	484.392
1296.63	486.899
1295.66	481.678
1294.69	473.882
1293.72	512.441
1292.75	522.666
1291.78	471.104
1290.81	450.445
1289.84	481.263
1288.87	460.608
1287.89	452.824
1286.92	468.194
1285.95	486.131
1284.98	457.772
1284.01	426.85
1283.03	437.073
1282.06	457.575
1281.09	493.494
1280.12	449.734
1279.14	436.822
1278.17	503.558
1277.2	467.522
1276.22	462.318
1275.25	449.412
1274.28	428.806
1273.3	467.254
1272.33	415.848
1271.35	433.754
1270.38	454.222
1269.41	459.288
1268.43	497.705
1267.46	469.417
1266.48	453.961
1265.51	507.748
1264.53	430.754
1263.56	443.511
1262.58	430.631
1261.61	476.701
1260.63	476.633
1259.66	453.505
1258.68	420.136
1257.7	461.059
1256.73	420.016
1255.75	399.47
1254.77	391.731
1253.8	440.314
1252.82	396.738
1251.84	450.425
1250.87	437.566
1249.89	419.593
1248.91	404.184
1247.94	386.222
1246.96	442.429
1245.98	404.01
1245	421.849
1244.02	424.344
1243.05	447.287
1242.07	429.334
1241.09	426.717
1240.11	385.778
1239.13	426.594
1238.15	421.425
1237.17	403.488
1236.2	469.817
1235.22	421.243
1234.24	410.972
1233.26	479.824
1232.28	410.854
1231.3	367.419
1230.32	431.145
1229.34	438.735
1228.36	420.819
1227.38	379.958
1226.4	392.652
1225.42	458.878
1224.44	387.441
1223.45	359.351
1222.47	384.781
1221.49	377.082
1220.51	384.671
1219.53	397.351
1218.55	382.013
1217.57	412.515
1216.58	381.903
1215.6	412.396
1214.62	366.522
1213.64	389.373
1212.65	427.486
1211.67	414.703
1210.69	424.819
1209.71	427.301
1208.72	396.723
1207.74	383.952
1206.76	429.659
1205.77	429.597
1204.79	350.745
1203.81	444.721
1202.82	381.135
1201.84	391.242
1200.85	398.806
1199.87	431.766
1198.89	446.941
1197.9	368.165
1196.92	413.809
1195.93	426.441
1194.95	375.62
1193.96	406.018
1192.98	390.736
1191.99	400.827
1191	415.988
1190.02	393.103
1189.03	400.654
1188.05	395.525
1187.06	405.609
1186.07	443.571
1185.09	420.698
1184.1	390.23
1183.11	364.838
1182.13	410.383
1181.14	410.324
1180.15	390.005
1179.17	427.931
1178.18	379.766
1177.19	407.556
1176.2	389.78
1175.22	399.847
1174.23	394.729
1173.24	414.912
1172.25	419.911
1171.26	379.383
1170.27	391.973
1169.28	396.973
1168.3	407.028
1167.31	424.664
1166.32	394.274
1165.33	384.109
1164.34	391.634
1163.35	376.42
1162.36	388.995
1161.37	449.553
1160.38	361.106
1159.39	376.203
1158.4	419.065
1157.41	401.335
1156.42	403.801
1155.43	408.79
1154.44	375.932
1153.45	385.968
1152.45	393.479
1151.46	373.247
1150.47	373.193
1149.48	413.479
1148.49	438.628
1147.5	423.442
1146.5	420.861
1145.51	408.201
1144.52	387.987
1143.53	403.045
1142.54	397.95
1141.54	390.338
1140.55	390.281
1139.56	400.295
1138.56	364.996
1137.57	430.382
1136.58	347.276
1135.58	382.451
1134.59	425.164
1133.6	394.918
1132.6	412.466
1131.61	367.143
1130.61	387.204
1129.62	422.344
1128.62	399.661
1127.63	376.984
1126.63	374.417
1125.64	374.363
1124.64	356.724
1123.65	396.861
1122.65	396.803
1121.66	404.279
1120.66	371.582
1119.67	361.487
1118.67	381.515
1117.67	434.161
1116.68	398.969
1115.68	376.332
1114.68	361.226
1113.69	398.796
1112.69	406.262
1111.69	393.666
1110.7	376.06
1109.7	368.486
1108.7	401.015
1107.7	405.969
1106.71	418.439
1105.71	383.304
1104.71	383.249
1103.71	393.212
1102.71	410.684
1101.72	383.083
1100.72	423.083
1099.72	410.506
1098.72	375.409
1097.72	382.862
1096.72	362.791
1095.72	375.246
1094.72	412.711
1093.72	385.142
1092.72	390.087
1091.72	442.535
1090.72	454.97
1089.72	437.408
1088.72	407.356
1087.72	437.282
1086.72	364.765
1085.72	422.167
1084.72	447.083
1083.72	417.051
1082.72	429.475
1081.72	406.944
1080.71	374.434
1079.71	386.859
1078.71	409.263
1077.71	394.233
1076.71	426.608
1075.7	386.636
1074.7	411.52
1073.7	418.942
1072.7	413.895
1071.69	383.919
1070.69	421.253
1069.69	388.793
1068.68	403.688
1067.68	431.036
1066.68	416.027
1065.67	386.077
1064.67	386.021
1063.67	420.827
1062.66	390.889
1061.66	410.748
1060.65	423.133
1059.65	395.697
1058.64	430.476
1057.64	427.926
1056.63	405.476
1055.63	405.417
1054.62	370.542
1053.62	410.273
1052.61	348.06
1051.61	400.211
1050.6	407.609
1049.6	412.52
1048.59	397.552
1047.58	392.526
1046.58	380.049
1045.57	437.118
1044.56	374.973
1043.56	419.611
1042.55	444.376
1041.54	407.079
1040.53	454.174
1039.53	409.442
1038.52	439.156
1037.51	463.9
1036.5	535.765
1035.5	481.126
1034.49	518.252
1033.48	533.053
1032.47	528.018
1031.46	522.984
1030.45	557.604
1029.44	545.133
1028.44	530.189
1027.43	542.498
1026.42	572.141
1025.41	569.582
1024.4	562.071
1023.39	646.165
1022.38	628.744
1021.37	638.553
1020.36	633.511
1019.35	586.408
1018.34	658.067
1017.33	717.337
1016.32	692.501
1015.3	704.765
1014.29	702.191
1013.28	726.81
1012.27	719.29
1011.26	731.543
1010.25	721.552
1009.24	726.389
1008.22	775.691
1007.21	790.399
1006.2	814.98
1005.19	827.209
1004.17	920.908
1003.16	876.34
1002.15	849.063
1001.14	925.443
1000.12	910.504
999.109	949.846
998.095	966.976
997.082	1060.56
996.068	1114.66
995.054	1166.28
994.04	1225.28
993.026	1185.66
992.011	1404.84
990.997	1426.81
989.982	1493.13
988.967	1677.68
987.953	1645.42
986.937	1810.19
985.922	1792.69
984.907	1868.76
983.891	1856.18
982.876	1917.44
981.86	1968.85
980.844	1948.88
979.828	1960.9
978.811	1901.57
977.795	2039.04
976.778	1905.94
975.762	1942.55
974.745	1880.8
973.728	1973.94
972.711	2003.15
971.693	1911.93
970.676	1980.45
969.658	1948.23
968.641	1984.79
967.623	1856.79
966.605	1878.62
965.587	1996.2
964.568	1927.17
963.55	1929.35
962.531	1887.35
961.512	1938.6
960.493	1886.8
959.474	1972.39
958.455	1829.83
957.436	1866.36
956.416	1885.7
955.397	1858.46
954.377	1845.93
953.357	1933.9
952.337	1842.95
951.316	1935.79
950.296	1991.86
949.276	1856.84
948.255	1873.72
947.234	1902.83
946.213	1976.01
945.192	1963.48
944.171	1950.96
943.149	1926.2
942.128	1921.03
941.106	1940.32
940.084	1891.11
939.062	1932.42
938.04	1660.66
937.017	1650.64
935.995	1569.71
934.972	1430.14
933.949	1363.93
932.927	1273.31
931.903	1163.16
930.88	1087.25
929.857	1023.58
928.833	935.497
927.81	920.708
926.786	815.575
925.762	754.42
924.738	744.545
923.714	702.944
922.689	624.748
921.665	671.019
920.64	619.687
919.615	695.217
918.59	629.263
917.565	607.224
916.54	597.382
915.514	658.244
914.488	611.834
913.463	623.931
912.437	567.793
911.411	618.877
910.385	655.33
909.358	545.623
908.332	618.607
907.305	550.334
906.278	589.21
905.251	598.862
904.224	586.605
903.197	564.616
902.17	596.168
901.142	588.782
900.114	554.639
899.086	544.83
898.058	552.046
897.03	617.618
896.002	566.473
894.974	576.114
893.945	563.878
892.916	568.656
891.887	573.433
890.858	590.355
889.829	546.546
888.8	590.184
887.77	602.24
886.741	553.591
885.711	560.794
884.681	609.259
883.651	536.361
882.621	613.935
881.59	550.762
880.56	577.367
879.529	591.837
878.498	533.545
877.467	523.768
876.436	610.974
875.405	593.916
874.373	596.253
873.342	567.085
872.31	567.003
871.278	542.693
870.246	545.036
869.214	549.801
868.181	547.299
867.149	590.803
866.116	576.192
865.084	576.108
864.051	580.864
863.018	542.061
861.984	561.339
860.951	583.03
859.917	568.432
858.884	536.908
857.85	599.702
856.816	529.498
855.782	529.421
854.747	589.772
853.713	531.684
852.678	550.937
851.644	538.777
850.609	550.777
849.574	560.358
848.538	574.766
847.503	555.365
846.468	591.499
845.432	557.617
844.396	564.777
843.36	567.108
842.324	557.374
841.288	583.83
840.251	557.211
839.215	694.604
838.178	600.455
837.141	653.412
836.104	660.549
835.067	672.505
834.03	645.896
832.992	684.357
831.955	631.252
830.917	643.205
829.879	638.294
828.841	635.792
827.803	614.028
826.764	563.379
825.726	618.663
824.687	606.539
823.648	649.768
822.609	575.081
821.57	639.955
820.531	651.889
819.491	620.527
818.452	622.842
817.412	622.751
816.372	601.023
815.332	603.339
814.292	651.319
813.252	627.193
812.211	583.854
811.17	542.929
810.13	576.477
809.089	641.237
808.048	617.131
807.006	605.036
805.965	619.351
804.923	559.255
803.882	619.171
802.84	602.283
801.798	571.006
800.755	628.495
799.713	578.035
798.671	556.367
797.628	601.844
796.585	580.179
795.542	587.286
794.499	582.406
793.456	594.303
792.413	582.236
791.369	584.547
790.325	565.299
789.282	514.922
788.238	579.502
787.193	531.531
786.149	569.757
785.105	586.429
784.06	564.804
783.015	569.507
781.97	586.172
780.925	569.341
779.88	571.649
778.835	559.608
777.789	569.091
776.743	600.088
775.698	554.582
774.652	595.133
773.606	542.472
772.559	556.729
771.513	563.814
770.466	554.177
769.419	563.65
768.373	522.971
767.325	527.67
766.278	515.657
765.231	525.129
764.183	527.439
763.136	548.838
762.088	563.073
761.04	505.738
759.992	515.204
758.944	469.817
757.895	553.206
756.846	479.216
755.798	526.822
754.749	514.828
753.7	545.733
752.651	528.974
751.601	528.897
750.552	538.348
749.502	512.07
748.452	514.376
747.402	538.111
746.352	568.981
745.302	576.039
744.251	506.936
743.201	537.797
742.15	530.58
741.099	547.155
740.048	494.746
738.997	504.187
737.946	535.025
736.894	525.437
735.843	537.246
734.791	508.645
733.739	532.336
732.687	548.891
731.634	551.186
730.582	593.864
729.529	517.774
728.477	512.948
727.424	555.613
726.371	534.165
725.317	550.703
724.264	557.742
723.211	557.66
722.157	569.442
721.103	507.678
720.049	533.696
718.995	531.246
717.941	559.624
716.886	576.138
715.832	564.201
714.777	568.859
713.722	549.816
712.667	547.366
711.612	525.963
710.556	559.05
709.501	551.863
708.445	577.832
707.389	544.598
706.333	570.56
705.277	639.123
704.221	530.158
703.165	565.577
702.108	520.538
701.051	598.531
699.994	560.597
698.937	548.69
697.88	588.809
696.823	560.351
695.765	572.089
694.707	631.096
693.65	612.097
692.592	578.926
691.533	621.368
690.475	611.828
689.417	585.757
688.358	606.926
687.299	604.476
686.24	604.387
685.181	601.938
684.122	611.29
683.063	625.36
682.003	608.752
680.943	636.972
679.884	610.932
678.824	636.785
677.763	606.037
676.703	646.03
675.643	653.007
674.582	648.197
673.521	608.038
672.46	697.492
671.399	669.117
670.338	676.086
669.276	640.656
668.215	657.047
667.153	689.916
666.091	616.831
665.029	644.988
663.967	649.601
662.905	597.733
661.842	637.646
660.78	609.321
659.717	606.879
658.654	590.327
657.591	583.186
656.527	646.583
655.464	594.769
654.4	632.29
653.337	618.096
652.273	601.557
651.209	615.565
650.144	613.126
649.08	561.362
648.016	634.082
646.951	582.33
645.886	601.027
644.821	685.446
643.756	598.503
642.691	598.415
641.625	560.785
640.559	628.738
639.494	555.929
638.428	525.358
637.362	581.561
636.295	609.612
635.229	593.112
634.162	581.305
633.096	609.343
632.029	588.164
630.962	660.709
629.895	618.445
628.827	594.932
627.76	590.16
626.692	590.074
625.624	627.447
624.556	625.014
623.488	610.879
622.42	636.531
621.351	664.515
620.283	692.492
619.214	699.407
618.145	666.561
617.076	675.817
616.007	647.66
614.937	677.956
613.868	624.096
612.798	652.049
611.728	619.239
610.658	626.157
609.588	584.016
608.518	621.301
607.447	602.527
606.377	623.454
605.306	550.987
604.235	583.587
603.164	597.505
602.092	581.081
601.021	562.329
599.949	583.243
598.878	578.492
597.806	559.749
596.734	527.019
595.661	552.589
594.589	540.852
593.517	575.736
592.444	494.081
591.371	540.613
590.298	498.596
589.225	545.113
588.151	556.679
587.078	512.349
586.004	556.515
584.931	537.808
583.857	521.434
582.782	549.287
581.708	537.571
580.634	514.224
579.559	509.495
578.484	521.051
577.409	548.883
576.334	581.358
575.259	541.746
574.184	550.966
573.108	555.533
572.033	594.961
570.957	578.607
569.881	606.402
568.804	585.406
567.728	566.738
566.652	585.233
565.575	592.113
564.498	615.243
563.421	615.152
562.344	638.271
561.267	594.085
560.189	658.966
559.112	626.39
558.034	644.854
556.956	649.398
555.878	651.621
554.8	681.667
553.721	700.113
552.643	739.414
551.564	734.67
550.485	767.003
549.406	778.474
548.327	771.41
547.248	829.201
546.168	875.396
545.088	907.685
544.009	963.115
542.929	1023.16
541.848	1073.93
540.768	1143.19
539.688	1089.81
538.607	1242.34
537.526	1265.28
536.445	1369.17
535.364	1537.78
534.283	1669.34
533.202	1789.31
532.12	2013.26
531.038	2368.87
529.956	2708.2
528.874	3243.81
527.792	3839.33
526.71	4790.37
525.627	6639.48
524.544	9347.02
523.462	14288.6
522.379	24524.1
521.295	45696.6
520.212	71829
519.129	75657.8
518.045	54272.2
516.961	30879.3
515.877	17659.5
514.793	11165.6
513.709	7746.96
512.624	5696.4
511.54	4432.44
510.455	3590.6
509.37	3050.87
508.285	2561.98
507.2	2183.81
506.114	1985.41
505.029	1803.19
503.943	1621.02
502.857	1521.78
501.771	1335.1
500.685	1325.7
499.598	1240.36
498.512	1182.65
497.425	1122.66
496.338	1083.4
495.251	995.841
494.164	1025.59
493.077	997.846
491.989	947.124
490.901	951.581
489.814	933.056
488.726	935.216
487.637	916.698
486.549	838.459
485.461	879.678
484.372	858.88
483.283	753.131
482.194	766.794
481.105	803.408
480.016	798.699
478.927	745.802
477.837	718.158
476.747	752.464
475.657	759.234
474.567	715.547
473.477	740.665
472.387	724.506
471.296	683.136
470.205	650.946
469.114	692.101
468.023	694.29
466.932	691.896
465.841	668.887
464.749	636.723
463.658	654.949
462.566	675.459
461.474	650.177
460.382	629.479
459.289	629.386
458.197	588.103
457.104	576.576
456.011	608.518
454.918	601.566
453.825	640.356
452.732	640.261
451.638	653.885
450.545	640.072
449.451	681.119
448.357	713.012
447.263	708.337
446.169	664.824
445.074	710.412
443.98	653.208
442.885	728.47
441.79	753.479
440.695	780.762
439.6	730.43
438.504	794.225
437.409	812.363
436.313	771.174
435.217	825.81
434.121	839.373
433.025	816.443
431.928	836.844
430.832	807.082
429.735	845.715
428.638	779.492
427.541	747.473
426.444	811.161
425.347	781.425
424.249	779.031
423.151	760.695
422.054	790.186
420.956	853.821
419.857	849.142
418.759	796.664
417.661	762.408
416.562	737.265
415.463	771.283
414.364	803.017
413.265	780.153
412.166	764.118
411.066	834.494
409.967	772.986
408.867	797.876
407.767	788.667
406.667	774.915
405.566	815.699
404.466	758.783
403.365	756.399
402.265	808.523
401.164	781.153
400.063	810.554
398.961	758.221
397.86	753.569
396.758	823.81
395.656	816.881
394.555	778.19
393.453	787.149
392.35	780.228
391.248	775.577
390.145	811.741
389.043	827.49
387.94	818.3
386.837	811.38
385.733	815.792
384.63	768.09
383.526	847.266
382.423	840.345
381.319	856.073
380.215	840.096
379.111	815.066
378.006	819.473
376.902	851.039
375.797	848.65
374.692	850.787
373.587	812.2
372.482	841.486
371.377	852.67
370.271	800.531
369.165	852.417
368.06	926.894
366.954	883.809
365.847	874.638
364.741	860.95
363.635	849.525
362.528	858.435
361.421	867.343
360.314	910.123
359.207	855.795
358.1	880.503
356.992	828.453
355.884	889.27
354.777	866.571
353.669	879.98
352.56	846.009
351.452	863.929
350.344	940.483
349.235	944.854
348.126	883.837
347.017	906.249
345.908	955.703
344.799	928.517
343.689	912.606
342.58	903.458
341.47	907.829
340.36	900.937
339.25	961.608
338.14	911.928
337.029	956.82
335.919	983.69
334.808	970.04
333.697	1026.15
332.586	1005.75
331.474	1019.1
330.363	969.463
329.251	1054.78
328.14	944.44
327.028	1052.22
325.916	1045.32
324.803	1027.18
323.691	1029.28
322.578	1060.58
321.466	1060.42
320.353	1067.01
319.24	1051.13
318.126	1062.2
317.013	1039.59
315.899	1100.05
314.786	1113.35
313.672	1110.94
312.558	1126.48
311.443	1103.88
310.329	1186.72
309.214	1166.36
308.1	1170.67
306.985	1278.13
305.87	1246.55
304.754	1336.03
303.639	1394.1
302.523	1438.72
301.408	1469.87
300.292	1397.96
299.176	1404.47
