3199.12	5342.41
3198.41	5423.95
3197.7	5380.67
3197	5337.41
3196.29	5308.33
3195.59	5162.34
3194.88	5345.85
3194.18	5291.99
3193.47	5415.23
3192.76	5269.3
3192.06	5275.66
3191.35	5243.08
3190.65	5408.73
3189.94	5298.27
3189.23	5230.31
3188.53	5250.83
3187.82	5186.43
3187.11	5309.53
3186.41	5482.11
3185.7	5364.66
3184.99	5395.75
3184.29	5515.22
3183.58	5387.21
3182.87	5344.06
3182.16	5251.45
3181.46	5250.73
3180.75	5334.81
3180.04	5309.35
3179.33	5336.88
3178.63	5336.15
3177.92	5208.31
3177.21	5228.78
3176.5	5432.81
3175.79	5177.94
3175.08	5304.28
3174.38	5494.1
3173.67	5359.28
3172.96	5224.49
3172.25	5417.78
3171.54	5431.14
3170.83	5317.56
3170.12	5253.37
3169.41	5256.18
3168.7	5347.11
3167.99	5304.09
3167.29	5296.31
3166.58	5327.3
3165.87	5449.87
3165.16	5255.4
3164.45	5374.42
3163.74	5384.25
3163.03	5429.29
3162.32	5259.57
3161.61	5392.61
3160.9	5215.9
3160.19	5447.44
3159.48	5365.77
3158.76	5308.75
3158.05	5311.54
3157.34	5338.95
3156.63	5218.66
3155.92	5369.14
3155.21	5449.26
3154.5	5258.7
3153.79	5317.73
3153.08	5327.55
3152.36	5498.99
3151.65	5269.88
3150.94	5349.95
3150.23	5236.83
3149.52	5295.82
3148.81	5326.69
3148.09	5210.11
3147.38	5311.2
3146.67	5278.88
3145.96	5295.71
3145.24	5393.24
3144.53	5360.92
3143.82	5447.89
3143.11	5478.71
3142.39	5446.4
3141.68	5259.81
3140.97	5434.4
3140.25	5279.41
3139.54	5439.92
3138.83	5421.65
3138.11	5263.23
3137.4	5472.73
3136.69	5335.36
3135.97	5422.19
3135.26	5326.89
3134.55	5326.17
3133.83	5458.49
3133.12	5440.24
3132.4	5309.98
3131.69	5379.25
3130.97	5640.97
3130.26	5293.81
3129.55	5544.97
3128.83	5449.77
3128.12	5525.97
3127.4	5511.23
3126.69	5356.63
3125.97	5446.79
3125.26	5400.6
3124.54	5613.07
3123.82	5427.09
3123.11	5415.86
3122.39	5478.01
3121.68	5637.94
3120.96	5438.09
3120.25	5468.78
3119.53	5401.69
3118.81	5530.12
3118.1	5564.28
3117.38	5532.1
3116.67	5615.1
3115.95	5600.38
3115.23	5582.17
3114.52	5441.87
3113.8	5437.64
3113.08	5646.14
3112.37	5711.62
3111.65	5519.08
3110.93	5445.12
3110.21	5594.26
3109.5	5795.63
3108.78	5655.45
3108.06	5640.74
3107.34	5326.44
3106.63	5503.36
3105.91	5457.33
3105.19	5522.75
3104.47	5633.41
3103.75	5437.69
3103.04	5628.38
3102.32	5474.48
3101.6	5449.38
3100.88	5751.33
3100.16	5611.39
3099.44	5690.63
3098.72	5509
3098.01	5623
3097.29	5444.91
3096.57	5388.54
3095.85	5766.69
3095.13	5727.67
3094.41	5448.88
3093.69	5524.58
3092.97	5596.78
3092.25	5484.86
3091.53	5567.46
3090.81	5632.68
3090.09	5645.8
3089.37	5492.27
3088.65	5654.67
3087.93	5463
3087.21	5847.46
3086.49	5548.26
3085.77	5651.58
3085.05	5727.12
3084.33	5497.42
3083.61	5815.72
3082.89	5624.22
3082.16	5838.4
3081.44	5633.08
3080.72	5649.64
3080	5551.83
3079.28	5578.79
3078.56	5456.77
3077.84	5726.22
3077.11	5534.94
3076.39	5811.24
3075.67	5703.1
3074.95	5577.68
3074.23	5601.15
3073.5	5624.61
3072.78	5526.94
3072.06	5702.66
3071.34	5632.68
3070.61	5635.37
3069.89	5582.72
3069.17	5882.84
3068.44	5736.8
3067.72	5684.15
3067	5645.35
3066.28	5551.25
3065.55	5830.43
3064.83	5715.6
3064.1	5904.85
3063.38	5900.59
3062.66	5733.98
3061.93	5757.37
3061.21	5936.15
3060.49	5610.78
3059.76	5755.01
3059.04	5788.74
3058.31	5808.66
3057.59	5921.74
3056.86	5786.37
3056.14	5802.83
3055.41	5908.97
3054.69	5746.05
3053.96	5821.14
3053.24	5989.29
3052.51	5698.88
3051.79	5825.64
3051.06	5942.03
3050.34	5758.57
3049.61	5912.84
3048.89	5815.56
3048.16	5904.33
3047.44	5865.64
3046.71	5802.85
3045.98	5784.84
3045.26	5911.43
3044.53	5800.46
3043.81	5765.25
3043.08	5915.89
3042.35	5959.81
3041.63	6034.69
3040.9	5851.54
3040.17	5781.95
3039.45	6032.21
3038.72	5825.07
3037.99	6037.44
3037.26	5868.16
3036.54	5857.05
3035.81	5986.84
3035.08	5934.48
3034.35	5875.26
3033.63	5987.82
3032.9	6134.7
3032.17	5975.88
3031.44	6033.44
3030.71	5998.28
3029.99	5952.83
3029.26	5927.99
3028.53	5916.88
3027.8	5960.68
3027.07	6038.78
3026.34	5931.6
3025.61	5920.5
3024.89	6255.8
3024.16	5984.04
3023.43	5870.07
3022.7	6208.67
3021.97	6036.43
3021.24	6203.54
3020.51	6045.06
3019.78	5944.86
3019.05	6153.03
3018.32	6025.45
3017.59	6007.5
3016.86	6040.92
3016.13	6139.39
3015.4	6224.14
3014.67	5946.01
3013.94	6396.99
3013.21	6146.3
3012.48	6032.54
3011.75	6137.77
3011.02	6277.19
3010.29	5965.08
3009.56	6213.91
3008.82	6254.09
3008.09	6078.87
3007.36	6071.2
3006.63	6114.8
3005.9	6230.16
3005.17	6154.13
3004.44	6078.13
3003.7	5995.31
3002.97	6346.3
3002.24	6157.6
3001.51	6187.49
3000.78	6224.2
3000.04	6028.76
2999.31	6283.93
2998.58	6399.11
2997.85	6302.68
2997.11	6332.53
2996.38	6277.08
2995.65	6303.51
2994.91	6200.33
2994.18	6257.45
2993.45	6362.29
2992.71	6300.06
2991.98	6210.57
2991.25	6202.9
2990.51	6321.32
2989.78	6296.61
2989.05	6305.96
2988.31	6328.95
2987.58	6351.92
2986.84	6286.35
2986.11	6391.04
2985.38	6437.83
2984.64	6229.3
2983.91	6391.82
2983.17	6411.36
2982.44	6264.17
2981.7	6351.77
2980.97	6527.79
2980.23	6275.2
2979.5	6376.37
2978.76	6497.9
2978.03	6323.62
2977.29	6397.54
2976.56	6335.49
2975.82	6616.69
2975.08	6568.21
2974.35	6278.52
2973.61	6464.5
2972.88	6371.91
2972.14	6489.9
2971.4	6370.16
2970.67	6511.89
2969.93	6541.55
2969.19	6652.66
2968.46	6478.67
2967.72	6511.71
2966.98	6656.71
2966.25	6570.99
2965.51	6607.4
2964.77	6813.37
2964.04	6625.94
2963.3	6462.28
2962.56	6308.85
2961.82	6419.84
2961.09	6669.75
2960.35	6550.24
2959.61	6610.33
2958.87	6443.42
2958.13	6655.94
2957.4	6817.59
2956.66	6809.89
2955.92	6643.05
2955.18	6631.98
2954.44	6461.82
2953.7	6440.63
2952.96	6703.7
2952.23	6587.74
2951.49	6715.4
2950.75	6673.89
2950.01	6659.44
2949.27	6573.99
2948.53	6860.49
2947.79	6812.22
2947.05	6635.51
2946.31	6736
2945.57	6718.18
2944.83	6599
2944.09	6837.96
2943.35	6776.22
2942.61	6738.14
2941.87	6841.9
2941.13	6773.43
2940.39	6725.24
2939.65	6903.23
2938.91	6969.79
2938.17	6766.35
2937.43	6748.55
2936.69	6818.47
2935.95	6766.94
2935.2	6799.74
2934.46	6825.79
2933.72	6791.13
2932.98	6729.52
2932.24	6627.46
2931.5	6933.28
2930.75	6827.85
2930.01	6954.96
2929.27	6795.66
2928.53	6774.51
2927.79	7009.36
2927.04	6914.11
2926.3	6785.2
2925.56	7030.05
2924.82	6992.06
2924.07	6876.66
2923.33	6862.25
2922.59	6868.04
2921.84	6998.32
2921.1	6903.16
2920.36	7026.67
2919.62	6971.9
2918.87	6920.5
2918.13	7138.1
2917.38	6824.47
2916.64	6937.82
2915.9	6842.77
2915.15	6979.61
2914.41	6672.89
2913.66	6907.14
2912.92	7107.74
2912.18	6982.5
2911.43	6947.96
2910.69	6943.65
2909.94	6821.84
2909.2	6968.6
2908.45	7122.03
2907.71	6926.42
2906.96	7150.28
2906.22	6911.1
2905.47	7098
2904.73	6855.54
2903.98	7015.57
2903.24	6877.13
2902.49	6963.36
2901.74	6878.6
2901	6857.54
2900.25	7131.4
2899.51	6815.45
2898.76	7112.7
2898.01	6900.68
2897.27	7080.6
2896.52	7116.47
2895.77	6917.93
2895.03	7054.25
2894.28	7053.28
2893.53	7132.65
2892.79	7322.43
2892.04	7157.46
2891.29	6865.4
2890.55	7078.56
2889.8	7274.93
2889.05	7120.09
2888.3	6875.01
2887.55	6910.85
2886.81	7067.02
2886.06	7129.56
2885.31	6948.11
2884.56	6953.84
2883.81	7099.89
2883.07	7025.42
2882.32	7228.21
2881.57	7237.24
2880.82	7062.61
2880.07	7131.75
2879.32	7190.86
2878.57	7016.31
2877.82	7055.39
2877.08	7341.41
2876.33	7133.53
2875.58	7045.82
2874.83	7435.12
2874.08	7157.28
2873.33	7099.61
2872.58	7181.99
2871.83	7291.02
2871.08	7160.02
2870.33	7289.02
2869.58	7294.68
2868.83	7163.74
2868.08	7249.37
2867.33	7128.46
2866.58	7274.03
2865.83	7379.59
2865.07	7391.9
2864.32	7320.97
2863.57	7143.54
2862.82	7122.59
2862.07	7158.22
2861.32	7300.32
2860.57	7419.09
2859.82	7198.52
2859.06	7353.86
2858.31	7229.8
2857.56	7321.91
2856.81	7241.11
2856.06	7233.47
2855.3	7262.39
2854.55	7391
2853.8	7416.57
2853.05	7196.28
2852.3	7391.28
2851.54	7300.59
2850.79	7508.81
2850.04	7640.6
2849.28	7357.35
2848.53	7296.58
2847.78	7448.26
2847.02	7254.75
2846.27	7466.13
2845.52	7587.86
2844.76	7523.79
2844.01	7396.72
2843.26	7422.23
2842.5	7510.75
2841.75	7300.83
2840.99	7571.67
2840.24	7636.92
2839.49	7281.26
2838.73	7339.9
2837.98	7434.98
2837.22	7424.02
2836.47	7472.69
2835.71	7657.13
2834.96	7732.24
2834.2	7595.43
2833.45	7617.56
2832.69	7590.03
2831.94	7502.94
2831.18	7673.99
2830.43	7272.58
2829.67	7609.02
2828.91	7531.9
2828.16	7692.93
2827.4	7688.56
2826.65	7604.85
2825.89	7342.63
2825.13	7725.06
2824.38	7548.83
2823.62	7779.12
2822.86	7652.49
2822.11	7535.81
2821.35	7828.77
2820.59	7441.26
2819.84	7671.41
2819.08	7601.01
2818.32	7586.76
2817.56	7655.04
2816.81	7769.51
2816.05	7798.14
2815.29	7562.8
2814.53	7769.61
2813.78	7573.91
2813.02	7661.93
2812.26	7644.39
2811.5	7696.09
2810.74	7764.27
2809.99	7746.72
2809.23	7880.8
2808.47	7784.14
2807.71	7766.6
2806.95	7844.6
2806.19	7889.64
2805.43	7707.4
2804.67	7838.08
2803.91	7761.26
2803.16	7990.67
2802.4	7690
2801.64	7840.35
2800.88	7928.13
2800.12	7834.91
2799.36	7685.78
2798.6	7862.36
2797.84	7999.43
2797.08	7952.29
2796.32	8000.52
2795.56	7808.72
2794.8	7863.54
2794.04	7793.43
2793.27	7759.49
2792.51	7676.28
2791.75	7888.79
2790.99	8002.68
2790.23	7870.2
2789.47	7951.22
2788.71	7904.16
2787.95	7814.42
2787.19	8016.89
2786.42	8074.87
2785.66	7896.53
2784.9	8046.4
2784.14	7881.23
2783.38	8113.08
2782.61	8121.8
2781.85	8097.73
2781.09	7978.56
2780.33	7823.36
2779.56	8061.61
2778.8	8122.78
2778.04	7938.12
2777.28	8041.9
2776.51	7971.98
2775.75	8010.2
2774.99	8215.47
2774.22	7922.84
2773.46	8160.81
2772.7	7943.59
2771.93	7867.19
2771.17	8013.42
2770.41	8090.87
2769.64	8014.49
2768.88	8170.45
2768.11	8061.36
2767.35	8227.08
2766.58	8153.99
2765.82	8143.06
2765.06	8079.81
2764.29	8251.98
2763.53	8273.73
2762.76	8125.51
2762	8114.59
2761.23	8031.78
2760.47	8341.06
2759.7	8166.78
2758.94	8358.36
2758.17	8402.93
2757.4	8378.92
2756.64	8550.81
2755.87	8239.51
2755.11	8326.51
2754.34	8358
2753.57	8294.85
2752.81	8391.59
2752.04	8308.88
2751.28	8575.2
2750.51	8567.5
2749.74	8484.8
2748.98	8389.08
2748.21	8469.42
2747.44	8621.46
2746.67	8643.08
2745.91	8404.02
2745.14	8542.96
2744.37	8551.56
2743.61	8556.9
2742.84	8702.28
2742.07	8648.98
2741.3	8784.54
2740.53	8672.64
2739.77	8655.18
2739	8836.24
2738.23	8929.4
2737.46	8798.02
2736.69	8861.88
2735.92	8802.11
2735.16	8836.67
2734.39	8832.2
2733.62	8785.47
2732.85	8790.76
2732.08	8783.05
2731.31	8944.35
2730.54	9060.11
2729.77	9029.62
2729	8982.89
2728.23	9114.84
2727.46	9136.32
2726.69	9099.34
2725.92	8997.43
2725.15	9203.97
2724.38	9309.83
2723.61	9139.77
2722.84	9209.91
2722.07	9315.72
2721.3	9262.53
2720.53	9176.91
2719.76	9331.33
2718.99	9122.5
2718.22	9085.58
2717.45	9165.38
2716.68	9319.72
2715.9	9373.53
2715.13	9226.41
2714.36	9364.47
2713.59	9201.19
2712.82	9339.22
2712.05	9163.03
2711.27	9372.27
2710.5	9141.08
2709.73	9366.45
2708.96	9549.68
2708.19	9441.56
2707.41	9385.24
2706.64	9351.59
2705.87	9337.36
2705.1	9323.14
2704.32	9321.85
2703.55	9236.48
2702.78	9222.28
2702	9447.33
2701.23	9235.9
2700.46	9347.76
2699.68	9155.8
2698.91	9338.72
2698.13	9224.36
2697.36	9310.31
2696.59	9147.52
2695.81	9343.27
2695.04	9396.88
2694.26	9431.1
2693.49	9471.77
2692.72	9231.61
2691.94	9314.25
2691.17	9219.39
2690.39	9540.77
2689.62	9526.55
2688.84	9322.02
2688.07	9317.51
2687.29	9287.21
2686.52	9350.41
2685.74	9658.62
2684.96	9280.15
2684.19	9062.93
2683.41	9264.7
2682.64	9231.21
2681.86	9307.25
2681.09	9312.41
2680.31	9385.21
2679.53	9148.83
2678.76	9405.16
2677.98	8991.78
2677.2	9128.96
2676.43	9256.44
2675.65	9110.35
2674.87	8899.95
2674.1	9024.2
2673.32	9084.07
2672.54	8973.47
2671.76	8943.29
2670.99	9115.69
2670.21	9072.64
2669.43	8971.74
2668.65	9047.64
2667.87	9043.18
2667.1	9164.04
2666.32	8998.92
2665.54	8891.68
2664.76	9173.1
2663.98	9088.33
2663.2	8955.43
2662.43	8854.67
2661.65	8930.49
2660.87	9028.76
2660.09	8729.06
2659.31	8869.04
2658.53	8967.28
2657.75	8908.3
2656.97	9291.97
2656.19	8976.4
2655.41	8917.45
2654.63	8813.62
2653.85	8972.69
2653.07	8891.32
2652.29	8752.29
2651.51	9004.23
2650.73	8932.5
2649.95	8658.98
2649.17	8840.36
2648.39	8874.37
2647.61	8866.74
2646.83	8846.31
2646.05	8726.64
2645.27	8939.89
2644.49	9021.87
2643.71	8819.03
2642.92	8840.21
2642.14	8848.59
2641.36	8962.52
2640.58	8731.02
2639.8	8928.07
2639.02	9109.09
2638.23	8800.93
2637.45	8879.63
2636.67	9041.4
2635.89	8941.09
2635.1	8652.3
2634.32	8849.18
2633.54	8755.33
2632.76	8862.71
2631.97	8676.27
2631.19	8825.14
2630.41	8935.66
2629.62	8746.1
2628.84	8831.07
2628.06	8880.91
2627.27	8914.78
2626.49	8945.45
2625.71	8861.28
2624.92	8828.17
2624.14	8775.93
2623.35	8755.59
2622.57	8971.17
2621.79	8596.98
2621	8767.9
2620.22	8938.77
2619.43	8720.87
2618.65	8799.32
2617.86	9052.94
2617.08	8825.56
2616.29	9155.53
2615.51	8832.67
2614.72	8895.13
2613.94	8865.25
2613.15	9125.02
2612.37	8811.89
2611.58	8992.04
2610.79	8917.63
2610.01	9021.37
2609.22	8648
2608.44	8853.52
2607.65	9027.18
2606.86	8876.51
2606.08	8687.73
2605.29	9048.87
2604.5	8850.59
2603.72	8890.67
2602.93	9007
2602.14	8926.34
2601.36	8963.22
2600.57	8695.22
2599.78	8741.65
2598.99	8870.62
2598.21	9059.86
2597.42	8741.21
2596.63	9012.93
2595.84	8748.32
2595.06	8870.84
2594.27	8774.45
2593.48	8969.89
2592.69	8791.06
2591.9	8884.97
2591.11	8794.97
2590.33	8996.64
2589.54	8954.2
2588.75	8956.13
2587.96	8958.06
2587.17	8706.53
2586.38	8870.06
2585.59	8922.68
2584.8	8978.45
2584.01	9145.04
2583.22	8941.15
2582.43	8879.77
2581.64	9065.29
2580.85	9032.39
2580.06	9075.45
2579.27	9090.01
2578.48	8902.11
2577.69	8843.95
2576.9	8962.91
2576.11	9078.67
2575.32	9146.98
2574.53	9088.81
2573.74	9062.27
2572.95	9152.67
2572.16	8990.24
2571.37	9124.86
2570.57	9098.33
2569.78	9074.96
2568.99	9203.2
2568.2	8999.83
2567.41	9172.24
2566.62	9325.67
2565.82	9021.35
2565.03	9244.19
2564.24	9145.09
2563.45	9159.6
2562.66	8984.82
2561.86	9141.3
2561.07	9146.35
2560.28	9157.7
2559.48	9140.67
2558.69	9092.11
2557.9	9261.08
2557.11	9338.59
2556.31	9290.03
2555.52	9112.3
2554.72	9432.38
2553.93	9207.43
2553.14	9247.1
2552.34	9315.11
2551.55	9238.25
2550.76	9388.09
2549.96	9134.97
2549.17	9215.54
2548.37	9207.97
2547.58	9319.98
2546.78	9284.08
2545.99	9493.56
2545.19	9369.58
2544.4	9217.34
2543.6	9467.61
2542.81	9136.19
2542.01	9285.82
2541.22	9253.11
2540.42	9267.54
2539.63	9278.83
2538.83	9362.37
2538.04	9389.35
2537.24	9227.87
2536.44	9214.03
2535.65	9413.72
2534.85	9365.32
2534.05	9219.63
2533.26	9510.26
2532.46	9304.95
2531.66	9266.01
2530.87	9399.64
2530.07	9432.85
2529.27	9462.91
2528.48	9508.64
2527.68	9447.75
2526.88	9452.72
2526.08	9476.49
2525.29	9716.52
2524.49	9332.84
2523.69	9575.97
2522.89	9652.97
2522.1	9676.69
2521.3	9675.36
2520.5	9608.25
2519.7	9475.41
2518.9	9521.06
2518.1	9557.31
2517.3	9643.63
2516.51	9592.22
2515.71	9813.07
2514.91	9642.76
2514.11	9638.3
2513.31	9765.21
2512.51	9851.43
2511.71	9778.14
2510.91	9661.11
2510.11	9737.93
2509.31	9817.85
2508.51	9710.23
2507.71	9780.76
2506.91	9551.33
2506.11	9878.02
2505.31	9876.66
2504.51	9812.83
2503.71	10055
2502.91	9931.88
2502.11	9802.51
2501.31	9748.1
2500.51	9852.86
2499.7	9798.45
2498.9	9834.53
2498.1	9973.56
2497.3	9881.72
2496.5	9842.93
2495.7	9878.99
2494.9	9949.33
2494.09	10047.7
2493.29	9843.72
2492.49	9910.92
2491.69	9900.2
2490.88	9961.15
2490.08	9860.08
2489.28	9970.85
2488.48	9904.07
2487.67	9968.09
2486.87	10138
2486.07	9884.39
2485.27	10269
2484.46	10077.7
2483.66	10175.9
2482.85	10096.7
2482.05	10210.4
2481.25	9978.84
2480.44	10378.7
2479.64	10315
2478.84	10092.9
2478.03	10144.3
2477.23	10351.2
2476.42	10268.9
2475.62	10183.6
2474.81	10368.6
2474.01	9938.46
2473.2	10325.4
2472.4	10212.1
2471.59	10331.8
2470.79	10227.9
2469.98	10505.9
2469.18	10358.6
2468.37	10285.8
2467.57	10514
2466.76	10335.7
2465.96	10607.2
2465.15	10472.4
2464.34	10557.8
2463.54	10255.5
2462.73	10567.3
2461.93	10590.6
2461.12	10397
2460.31	10302.5
2459.51	10502.5
2458.7	10513.5
2457.89	10397.4
2457.08	10532.3
2456.28	10400.7
2455.47	10541.7
2454.66	10543.4
2453.86	10315.9
2453.05	10528.1
2452.24	10628.7
2451.43	10686.1
2450.62	10675.3
2449.82	10692.4
2449.01	10508.4
2448.2	10605.9
2447.39	10573.5
2446.58	10420.5
2445.77	10796.3
2444.97	10717.5
2444.16	10459.5
2443.35	10696
2442.54	10478.2
2441.73	10541.7
2440.92	10719.4
2440.11	10696.3
2439.3	10778.2
2438.49	10863.1
2437.68	10701.1
2436.87	10727.4
2436.06	10889.5
2435.25	10570.1
2434.44	10793.9
2433.63	10736.9
2432.82	10778.6
2432.01	10780.2
2431.2	10843.4
2430.39	10919
2429.58	11013.1
2428.77	10709.4
2427.96	10868.2
2427.15	10780.4
2426.33	10889.9
2425.52	10900.7
2424.71	10951.6
2423.9	10700.5
2423.09	10877.7
2422.28	10968.6
2421.46	10877.7
2420.65	11141
2419.84	10754.7
2419.03	10900.9
2418.21	11108.7
2417.4	10910.2
2416.59	10881
2415.78	11131.7
2414.96	11114.8
2414.15	10864.2
2413.34	11148.6
2412.52	11002.6
2411.71	11105.6
2410.9	10870.5
2410.08	11038
2409.27	11097.9
2408.46	11243.8
2407.64	11214.6
2406.83	11038
2406.02	11438.7
2405.2	11142.4
2404.39	11076.4
2403.57	11329.6
2402.76	11196.1
2401.94	11163.8
2401.13	11196
2400.31	11246.6
2399.5	11030.4
2398.68	11335.5
2397.87	11272.6
2397.05	11372.2
2396.24	11180.6
2395.42	11408.9
2394.61	11376.7
2393.79	11264.8
2392.97	11278.6
2392.16	11473.1
2391.34	11318.3
2390.53	11436.2
2389.71	11306
2388.89	11573.9
2388.08	11302.9
2387.26	11622.7
2386.44	11504.8
2385.63	11423.6
2384.81	11639.3
2383.99	11402.1
2383.17	11305.7
2382.36	11402
2381.54	11314.8
2380.72	11631.2
2379.9	11547.1
2379.09	11573
2378.27	11488.8
2377.45	11582
2376.63	11632.3
2375.81	11477.9
2374.99	11467.2
2374.18	11493.1
2373.36	11589.2
2372.54	11914.3
2371.72	11738.6
2370.9	11685.1
2370.08	11491.2
2369.26	11633.1
2368.44	11704.7
2367.62	11739.7
2366.8	11719.7
2365.98	11858.4
2365.16	11686
2364.34	11623.4
2363.52	11691.9
2362.7	11653.7
2361.88	11737.4
2361.06	11586.4
2360.24	11688.4
2359.42	11866.6
2358.6	11858.8
2357.78	11659.2
2356.96	11721.5
2356.14	12021.4
2355.32	11812.7
2354.5	11768.4
2353.68	11809.4
2352.85	12026.9
2352.03	12031.3
2351.21	11880.5
2350.39	11818
2349.57	12032.3
2348.75	11732.6
2347.92	11965.2
2347.1	12288.8
2346.28	11952.7
2345.46	12191.2
2344.63	11988.9
2343.81	11738.1
2342.99	12116.2
2342.16	12147.9
2341.34	12015.7
2340.52	11825.7
2339.69	12149
2338.87	12019.8
2338.05	12224.5
2337.22	12265.3
2336.4	12230.2
2335.58	12049.5
2334.75	12035.7
2333.93	12404.1
2333.1	11986.8
2332.28	12197.5
2331.46	12204.9
2330.63	12118.3
2329.81	12319.7
2328.98	12272.5
2328.16	12325.4
2327.33	12293.4
2326.51	12437.1
2325.68	12286.9
2324.86	12182.2
2324.03	12325.9
2323.2	12184.9
2322.38	12340.6
2321.55	12342
2320.73	12361.4
2319.9	12414.2
2319.07	12463.9
2318.25	12332.1
2317.42	12390.9
2316.6	12443.6
2315.77	12420.7
2314.94	12358.5
2314.12	12501.9
2313.29	12439.7
2312.46	12534.7
2311.63	12499.7
2310.81	12637
2309.98	12233.4
2309.15	12422
2308.32	12368.9
2307.5	12297.7
2306.67	12613.1
2305.84	12267.1
2305.01	12673
2304.18	12725.5
2303.36	12343.5
2302.53	12571.1
2301.7	12322
2300.87	12507.3
2300.04	12722.7
2299.21	12702.9
2298.38	12680
2297.55	12729.5
2296.72	12634.3
2295.89	12795.3
2295.07	12594.6
2294.24	12806.8
2293.41	12639.3
2292.58	12727.9
2291.75	12614.7
2290.92	12504.5
2290.09	12578.1
2289.26	12784.1
2288.42	12821.4
2287.59	12789.5
2286.76	12857
2285.93	12789
2285.1	12700
2284.27	12818.5
2283.44	12849.8
2282.61	12824
2281.78	12804.2
2280.95	12826.4
2280.11	12791.6
2279.28	12919
2278.45	12827.1
2277.62	12819.3
2276.79	13099.9
2275.95	12917.9
2275.12	12687.8
2274.29	12920.3
2273.46	12867.4
2272.62	12820.6
2271.79	12986.9
2270.96	13000.1
2270.13	12944.3
2269.29	12942.5
2268.46	12742.7
2267.63	13001.9
2266.79	12922.1
2265.96	12794.3
2265.13	13041.5
2264.29	12898.7
2263.46	13178.7
2262.62	13060
2261.79	13109.1
2260.96	13086.3
2260.12	13213.3
2259.29	13082.7
2258.45	13104.8
2257.62	13133
2256.78	13268.9
2255.95	13057.4
2255.11	13259.2
2254.28	13254.4
2253.44	12977.2
2252.61	13160.9
2251.77	13150.1
2250.93	13193.1
2250.1	13236.2
2249.26	13231.3
2248.43	13008.2
2247.59	13532.6
2246.75	13285.6
2245.92	13274.8
2245.08	13120.5
2244.25	13333.8
2243.41	13394.7
2242.57	13249.5
2241.73	13235.7
2240.9	13284.6
2240.06	13127.5
2239.22	13301.8
2238.39	12950.7
2237.55	13205.6
2236.71	13373.8
2235.87	13288.4
2235.04	13328.3
2234.2	13532.3
2233.36	13103.9
2232.52	13448
2231.68	13207.6
2230.84	13465.2
2230.01	13281.4
2229.17	13199.1
2228.33	13498.3
2227.49	13597.7
2226.65	13291.9
2225.81	13608.8
2224.97	13407.4
2224.13	13438.3
2223.29	13397.7
2222.45	13261.8
2221.61	13370.1
2220.77	13645.1
2219.93	13366.4
2219.09	13477.6
2218.25	13502.5
2217.41	13720.8
2216.57	13296.5
2215.73	13559.3
2214.89	13477.2
2214.05	13635.8
2213.21	13446.6
2212.37	13397.2
2211.53	13398.3
2210.69	13417.3
2209.84	13549.1
2209	13796.8
2208.16	13512.6
2207.32	13650.3
2206.48	13651.4
2205.64	13806.9
2204.79	13846.5
2203.95	13663.5
2203.11	13744.7
2202.27	13754.7
2201.42	13782.4
2200.58	13566.9
2199.74	13683.7
2198.9	13930.9
2198.05	13768.8
2197.21	13728.3
2196.37	13732.4
2195.52	13617.8
2194.68	13870.8
2193.84	13842.2
2192.99	13946.9
2192.15	13636.9
2191.3	13744.6
2190.46	13807.8
2189.62	13823.7
2188.77	14029
2187.93	13867.2
2187.08	13705.4
2186.24	13673.9
2185.39	14053.7
2184.55	13883.1
2183.7	14174.1
2182.86	13852.6
2182.01	14037
2181.17	13804.4
2180.32	14089.3
2179.48	13963.2
2178.63	14023.3
2177.78	13935.6
2176.94	13797.7
2176.09	14091.3
2175.25	13932.7
2174.4	14108
2173.55	13816.6
2172.71	13761.5
2171.86	14063.7
2171.01	14271.4
2170.17	14177.9
2169.32	14140.5
2168.47	14153.3
2167.63	14307.7
2166.78	13848.4
2165.93	14076.6
2165.08	14304.6
2164.24	14320.3
2163.39	14312.5
2162.54	14068.7
2161.69	14113.9
2160.84	14029.4
2159.99	14313.3
2159.15	14284.8
2158.3	14005.9
2157.45	14077.5
2156.6	14149.2
2155.75	14126.6
2154.9	14162.9
2154.05	14225.7
2153.2	14100.1
2152.35	14501.4
2151.5	14119.7
2150.66	14329.6
2149.81	14148.1
2148.96	14546.2
2148.11	14376.5
2147.26	14268.7
2146.41	14072.6
2145.55	14323.5
2144.7	14250.9
2143.85	14260.7
2143	14487.9
2142.15	14280.2
2141.3	14163.7
2140.45	14481.9
2139.6	14385.9
2138.75	14430.8
2137.9	14164.6
2137.04	14418
2136.19	14480.6
2135.34	14587.1
2134.49	14277
2133.64	14697.5
2132.79	14598.6
2131.93	14370.7
2131.08	14359.9
2130.23	14463.5
2129.38	14440.9
2128.52	14576.7
2127.67	14633.3
2126.82	14478.8
2125.96	14579.4
2125.11	14685.8
2124.26	14598.8
2123.4	14725.6
2122.55	14430.7
2121.7	14384.7
2120.84	14400.3
2119.99	14872.5
2119.13	14648
2118.28	14537.7
2117.43	14684.9
2116.57	14638.9
2115.72	14648.6
2114.86	14658.2
2114.01	14770.3
2113.15	14829.6
2112.3	14561.5
2111.44	14319.7
2110.59	14572
2109.73	14987.9
2108.88	14679
2108.02	14487
2107.17	14707
2106.31	14585.2
2105.45	14553.9
2104.6	14695
2103.74	14415.6
2102.89	14466.1
2102.03	14493.3
2101.17	14645.9
2100.32	14614.7
2099.46	14536.8
2098.6	15022
2097.75	14830.3
2096.89	14656.1
2096.03	14782.4
2095.17	14762.8
2094.32	14547.9
2093.46	14388.5
2092.6	14529.3
2091.74	14582.6
2090.88	14799.1
2090.03	14619.3
2089.17	14835.8
2088.31	14827.9
2087.45	14846.2
2086.59	14829.5
2085.73	14807.1
2084.88	14837
2084.02	14712.7
2083.16	14701.9
2082.3	15014.1
2081.44	14884
2080.58	14896.5
2079.72	14487.2
2078.86	14685.8
2078	14727.4
2077.14	14748.6
2076.28	14668
2075.42	14616.6
2074.56	14826.7
2073.7	14682.2
2072.84	14688.9
2071.98	14875.7
2071.12	14716.7
2070.26	14682.7
2069.4	14672
2068.53	14908
2067.67	14749.1
2066.81	14819.6
2065.95	14858.2
2065.09	14740
2064.23	14845.3
2063.37	14860.7
2062.5	14890.5
2061.64	14989.9
2060.78	14950.1
2059.92	14666.8
2059.05	14830
2058.19	14732.2
2057.33	14959.1
2056.47	14965.7
2055.6	14798.5
2054.74	14808
2053.88	14655.3
2053.01	14757.5
2052.15	14830.7
2051.29	14802.6
2050.42	15087.1
2049.56	14792.7
2048.7	14602.5
2047.83	14675.7
2046.97	14766.2
2046.1	15331.1
2045.24	14765
2044.37	14832.3
2043.51	14752.2
2042.64	14839.7
2041.78	15008.2
2040.92	14803.8
2040.05	15035.8
2039.18	14802.5
2038.32	15014.2
2037.45	15214.3
2036.59	14932
2035.72	14724.9
2034.86	14864.3
2033.99	15026.8
2033.12	15001.6
2032.26	14892.7
2031.39	14760.8
2030.53	15154
2029.66	14941.3
2028.79	14820.9
2027.93	15061.1
2027.06	15142.6
2026.19	14820.5
2025.32	14867.4
2024.46	14934.5
2023.59	14805.6
2022.72	15034.1
2021.85	15063.6
2020.99	15047.1
2020.12	15001.8
2019.25	14829.8
2018.38	14712.5
2017.51	14851.5
2016.65	14984.8
2015.78	15227.3
2014.91	14724.4
2014.04	14906.5
2013.17	15137.5
2012.3	14951.3
2011.43	15058.5
2010.56	14880.9
2009.69	15094.5
2008.83	14928.5
2007.96	14966.7
2007.09	15157.1
2006.22	14677.9
2005.35	14992
2004.48	15061.7
2003.61	15229.1
2002.74	15166.6
2001.87	15087
2000.99	15038.9
2000.12	15174.6
1999.25	15028.9
1998.38	14992.4
1997.51	15085
1996.64	15223.5
1995.77	15207
1994.9	15322.5
1994.03	15022
1993.15	14951.1
1992.28	15198.5
1991.41	15222.2
1990.54	14990.7
1989.67	15086
1988.79	15172.8
1987.92	15190.7
1987.05	15022.4
1986.18	15335.4
1985.3	14915.1
1984.43	15013.2
1983.56	15174.3
1982.68	15289.6
1981.81	15207.3
1980.94	15334
1980.06	15194.4
1979.19	15200.9
1978.32	15167.3
1977.44	15253.8
1976.57	15354.7
1975.69	15183.8
1974.82	15361.8
1973.95	15336.8
1973.07	15014.4
1972.2	15412.5
1971.32	15224.6
1970.45	15393.9
1969.57	15360.3
1968.7	15335.3
1967.82	15256
1966.95	15448.1
1966.07	15106.1
1965.2	15321
1964.32	15641.4
1963.44	15094
1962.57	15117.6
1961.69	15369.4
1960.82	15070.6
1959.94	15536.3
1959.06	15169
1958.19	15318
1957.31	15506.9
1956.43	15576
1955.56	15266
1954.68	15272.4
1953.8	15196.1
1952.92	15370.7
1952.05	15134.9
1951.17	15514.5
1950.29	15153.4
1949.41	15174.1
1948.54	15021
1947.66	15491.6
1946.78	15349.9
1945.9	15245.3
1945.02	15382.6
1944.14	15337.7
1943.27	15201.9
1942.39	15558.2
1941.51	15371.1
1940.63	15442.9
1939.75	15443.6
1938.87	15273.6
1937.99	15561.5
1937.11	15061.8
1936.23	15392.2
1935.35	15211.1
1934.47	15396.4
1933.59	15198.3
1932.71	15380.8
1931.83	15546.2
1930.95	15200.4
1930.07	15300.5
1929.19	15244.4
1928.31	15423.9
1927.43	15333.7
1926.55	15237.9
1925.67	15468.5
1924.79	15659.2
1923.9	15367.7
1923.02	15249.2
1922.14	15417.2
1921.26	15429.2
1920.38	15551.8
1919.49	15305.9
1918.61	15354.7
1917.73	15380.9
1916.85	15523.2
1915.97	15759
1915.08	15232.8
1914.2	15174
1913.32	15171.9
1912.43	15441.5
1911.55	15147.8
1910.67	15479.7
1909.78	15157.7
1908.9	15328.2
1908.02	15560.8
1907.13	15309.7
1906.25	15047.3
1905.37	15082
1904.48	15427.7
1903.6	15151.3
1902.71	15573.2
1901.83	15195
1900.94	15266.4
1900.06	15603.3
1899.17	15587
1898.29	15322.1
1897.4	15452.7
1896.52	15193.5
1895.63	15188.6
1894.75	15324.8
1893.86	15466.6
1892.98	15314.8
1892.09	15197
1891.2	15440.3
1890.32	15432.5
1889.43	15331.6
1888.55	15352
1887.66	15206
1886.77	15384.3
1885.89	15331.4
1885	15380
1884.11	15465.2
1883.23	15325
1882.34	15227
1881.45	15320.6
1880.56	15484.7
1879.68	15637.4
1878.79	15601.4
1877.9	15430.3
1877.01	15659
1876.12	15425.9
1875.24	15567.3
1874.35	15517.3
1873.46	15278.7
1872.57	15417.3
1871.68	15572.6
1870.79	15607
1869.9	15228
1869.01	15521
1868.13	15521.7
1867.24	15519.5
1866.35	15345.9
1865.46	15397.1
1864.57	15335.9
1863.68	15465.8
1862.79	15365.3
1861.9	15455.8
1861.01	15361
1860.12	15142.6
1859.23	15491.4
1858.34	15430.3
1857.44	15416.9
1856.55	15451.2
1855.66	15207.7
1854.77	15258.9
1853.88	15312.8
1852.99	15246.2
1852.1	15350.6
1851.21	15359.6
1850.31	15416.3
1849.42	15161.9
1848.53	15512.9
1847.64	15446.3
1846.75	15385.3
1845.85	15500.7
1844.96	15372.5
1844.07	15602.8
1843.18	15348.6
1842.28	15338
1841.39	15495.4
1840.5	15165.7
1839.6	15493.9
1838.71	15393.7
1837.82	15369.2
1836.92	15325.1
1836.03	15255.8
1835.14	15262
1834.24	15313
1833.35	15526.1
1832.45	15613.4
1831.56	15569.3
1830.66	15128.3
1829.77	15402.8
1828.87	15193.9
1827.98	15647.1
1827.08	15259.4
1826.19	15318.7
1825.29	15470.1
1824.4	15166.4
1823.5	15348.5
1822.61	15463.6
1821.71	15648.4
1820.82	15305.8
1819.92	15429.2
1819.02	15385.1
1818.13	15346.7
1817.23	15403.1
1816.33	15258.7
1815.44	15170.1
1814.54	15430.1
1813.64	15408.4
1812.75	15654.2
1811.85	15328.8
1810.95	15479.9
1810.06	15377.4
1809.16	15620.3
1808.26	15364.7
1807.36	15460
1806.46	15502.4
1805.57	15383.3
1804.67	15113.9
1803.77	15281.5
1802.87	15563.2
1801.97	15591.6
1801.07	15483.7
1800.18	15523.2
1799.28	15198.4
1798.38	15385.4
1797.48	15536.1
1796.58	15550.6
1795.68	15515.1
1794.78	15429.5
1793.88	15369
1792.98	15311.2
1792.08	15678.5
1791.18	15301.4
1790.28	15588
1789.38	15477.5
1788.48	15389.3
1787.58	15301
1786.68	15423.8
1785.78	15335.6
1784.88	15386.1
1783.97	15381.2
1783.07	15254.2
1782.17	15171.6
1781.27	15502.2
1780.37	15222.8
1779.47	15373.1
1778.57	15687
1777.66	15543.4
1776.76	15463.6
1775.86	15428.2
1774.96	15414.9
1774.05	15423.8
1773.15	15529.6
1772.25	15571.8
1771.35	15553
1770.44	15462.2
1769.54	15296.7
1768.64	15546.4
1767.73	15433.5
1766.83	15398.1
1765.93	15445.7
1765.02	15429.7
1764.12	15341.8
1763.21	15267.7
1762.31	15398.3
1761.41	15667
1760.5	15501.7
1759.6	15632.2
1758.69	15411.7
1757.79	15696.9
1756.88	15542.7
1755.98	15388.6
1755.07	15433.4
1754.17	15127.4
1753.26	15379.3
1752.36	15529
1751.45	15604.1
1750.54	15488.7
1749.64	15456.2
1748.73	15702.3
1747.83	15493.2
1746.92	15339.3
1746.01	15483.3
1745.11	15657.6
1744.2	15387.9
1743.29	15589.8
1742.39	15557.2
1741.48	15590.9
1740.57	15674.1
1739.66	15247.6
1738.76	15617.3
1737.85	15609.6
1736.94	15588.1
1736.03	15607.9
1735.13	15198.2
1734.22	15430.1
1733.31	15494
1732.4	15530.3
1731.49	15737.2
1730.58	15501.2
1729.68	15322.9
1728.77	15549
1727.86	15601.8
1726.95	15544.6
1726.04	15534.2
1725.13	15537.5
1724.22	15403.4
1723.31	15447.9
1722.4	15679.3
1721.49	15649.6
1720.58	15732.5
1719.67	15452.9
1718.76	15491.9
1717.85	15432.1
1716.94	15460.1
1716.03	15614.4
1715.12	15535.3
1714.21	15777.3
1713.3	15572.1
1712.38	15591.8
1711.47	15584.1
1710.56	15494.1
1709.65	15497.4
1708.74	15454.1
1707.83	15246.3
1706.91	15559.4
1706	15598.3
1705.09	15565.9
1704.18	15678.8
1703.26	15794.4
1702.35	15397.7
1701.44	15450.3
1700.53	15379.7
1699.61	15656.8
1698.7	15728.5
1697.79	15422.4
1696.87	15423
1695.96	15620.6
1695.05	15415.9
1694.13	15575.1
1693.22	15430.7
1692.3	15532.4
1691.39	15598.6
1690.48	15372.2
1689.56	15566.8
1688.65	15550.9
1687.73	15505
1686.82	15470
1685.9	15353.1
1684.99	15911
1684.07	15520.8
1683.16	15584.2
1682.24	15412.7
1681.33	15650.8
1680.41	15514.8
1679.49	15343.3
1678.58	15120.1
1677.66	15611.9
1676.75	15454.1
1675.83	15555.6
1674.91	15335.2
1674	15474.8
1673.08	15519
1672.16	15211.4
1671.25	15533.7
1670.33	15566.9
1669.41	15622
1668.49	15532.5
1667.58	15391.4
1666.66	15495.5
1665.74	15368
1664.82	15439.3
1663.9	15273.7
1662.99	15407.7
1662.07	15549.8
1661.15	15612.9
1660.23	15284.1
1659.31	15423.5
1658.39	15375
1657.47	15759.2
1656.56	15656.3
1655.64	15572.5
1654.72	15505
1653.8	15679.5
1652.88	15881.2
1651.96	15438.6
1651.04	15683.7
1650.12	15801.1
1649.2	15692.9
1648.28	15508.6
1647.36	15905.7
1646.44	15680.8
1645.52	15746.4
1644.59	15727.9
1643.67	15717.5
1642.75	15674.6
1641.83	15713.1
1640.91	15683.7
1639.99	15597.4
1639.07	15608.7
1638.15	16159.8
1637.22	15832.1
1636.3	15938.3
1635.38	16153
1634.46	16110
1633.53	15779.8
1632.61	15766.7
1631.69	16130.3
1630.77	16084.6
1629.84	16196.1
1628.92	16483.6
1628	16207.8
1627.07	16606.2
1626.15	16333.1
1625.23	16479.7
1624.3	16764.2
1623.38	16859.3
1622.46	17051.7
1621.53	16556.9
1620.61	16643.8
1619.68	16763.2
1618.76	16844.6
1617.83	16728.7
1616.91	17023.7
1615.98	16942.9
1615.06	16591.8
1614.13	16805.7
1613.21	16865.4
1612.28	16773.9
1611.36	16963.3
1610.43	16796.1
1609.51	16842.3
1608.58	17020.8
1607.65	16967.1
1606.73	16883.8
1605.8	16935.3
1604.88	16949.1
1603.95	16998
1603.02	17556.7
1602.1	17265.6
1601.17	17497.8
1600.24	17274.2
1599.31	17584.5
1598.39	17490.3
1597.46	17819.4
1596.53	17819.5
1595.6	17685
1594.68	18127
1593.75	18003.2
1592.82	18054.5
1591.89	18154.3
1590.96	18065.6
1590.03	18133
1589.11	18283.9
1588.18	18270.5
1587.25	18136
1586.32	18289.5
1585.39	18332.7
1584.46	18378.5
1583.53	18354.4
1582.6	18117.8
1581.67	18031.8
1580.74	17720.1
1579.81	17935.3
1578.88	17459.7
1577.95	17613.1
1577.02	17121.6
1576.09	17210.5
1575.16	17020
1574.23	16843
1573.3	16671.4
1572.37	16803.3
1571.44	16763.3
1570.5	16599.9
1569.57	16361.4
1568.64	16219.5
1567.71	16399.6
1566.78	16335.6
1565.85	16019.4
1564.91	16226.4
1563.98	16323.3
1563.05	16304.9
1562.12	16214.1
1561.18	16005.4
1560.25	16029.9
1559.32	16220.6
1558.39	16060.2
1557.45	15830.2
1556.52	15894.9
1555.59	15943.5
1554.65	15938.6
1553.72	16008.6
1552.78	15912.6
1551.85	15811.3
1550.92	15825.1
1549.98	15517.8
1549.05	15531.7
1548.11	15211.1
1547.18	15770.7
1546.24	15725.6
1545.31	15544.2
1544.37	15809.4
1543.44	15301.9
1542.5	15310.4
1541.57	15305.6
1540.63	15575.9
1539.7	15290.5
1538.76	15419.2
1537.82	15414.4
1536.89	15302.7
1535.95	15634.3
1535.02	15090.1
1534.08	15293.5
1533.14	14957.7
1532.21	15243.8
1531.27	15329.7
1530.33	14935.3
1529.39	15309.3
1528.46	15152.4
1527.52	15251.6
1526.58	14948.1
1525.64	15100.6
1524.71	14994.5
1523.77	14981.7
1522.83	14902.3
1521.89	15100
1520.95	15009.9
1520.02	14978.5
1519.08	15157.5
1518.14	14865.1
1517.2	14889.6
1516.26	15047.2
1515.32	15018.4
1514.38	14553.2
1513.44	15091.3
1512.5	14871
1511.56	15063.1
1510.62	14986.5
1509.68	14827.4
1508.74	14910.4
1507.8	14815.2
1506.86	14661.6
1505.92	14816.3
1504.98	14583
1504.04	14822.7
1503.1	14639.9
1502.16	14640.5
1501.22	14742
1500.28	14429.2
1499.33	14913.1
1498.39	14422.4
1497.45	14749.5
1496.51	14643.9
1495.57	14652.4
1494.63	14830.8
1493.68	14547.5
1492.74	14500.3
1491.8	14622.9
1490.86	14660.6
1489.91	14515.3
1488.97	14486.7
1488.03	14564.2
1487.08	14580.7
1486.14	14655.4
1485.2	14669.2
1484.25	14195.6
1483.31	14400.2
1482.37	14353.1
1481.42	14366.9
1480.48	14412.5
1479.53	14320.5
1478.59	14379.3
1477.64	14480.5
1476.7	14425.5
1475.75	14516.1
1474.81	14559
1473.86	14456.4
1472.92	14337.9
1471.97	14317.4
1471.03	14336.5
1470.08	14405.8
1469.14	14427.6
1468.19	14451.9
1467.25	14272.8
1466.3	14413.5
1465.35	14258.2
1464.41	14346
1463.46	14211.9
1462.51	14252.1
1461.57	14192
1460.62	14250.7
1459.67	14330.4
1458.72	14093.5
1457.78	14270.9
1456.83	14303.2
1455.88	14177.2
1454.93	14175.2
1453.99	14394.7
1453.04	14353.1
1452.09	14274.6
1451.14	14043.2
1450.19	14259.9
1449.24	14170.9
1448.3	14211.1
1447.35	14253.8
1446.4	14325.6
1445.45	14091.7
1444.5	14484.8
1443.55	14132.5
1442.6	13964.6
1441.65	14225.8
1440.7	13984.3
1439.75	14127
1438.8	14006.6
1437.85	14146.7
1436.9	13955.3
1435.95	14145.3
1435	14282.6
1434.05	13944
1433.1	14207.6
1432.15	14179.3
1431.2	14242.9
1430.24	14043.8
1429.29	14107.5
1428.34	13934.7
1427.39	14103.5
1426.44	14093.6
1425.49	14170.3
1424.53	13995
1423.58	13859.1
1422.63	14090.8
1421.68	14078.3
1420.72	14084.1
1419.77	14066.4
1418.82	14053.9
1417.87	13868.2
1416.91	13858.4
1415.96	13935.1
1415.01	13817.7
1414.05	14077.9
1413.1	14013
1412.14	13921.9
1411.19	13878
1410.24	14077.7
1409.28	14023.3
1408.33	13940.1
1407.37	14035
1406.42	14218.9
1405.46	13826.8
1404.51	14010.7
1403.55	14016.5
1402.6	14082.6
1401.64	13897.4
1400.69	14081.2
1399.73	13979.8
1398.77	14056.2
1397.82	13795.3
1396.86	13976.4
1395.91	14107.7
1394.95	13880.9
1393.99	13983.5
1393.04	13845.6
1392.08	14036.9
1391.12	13977.5
1390.17	13750.8
1389.21	14088.4
1388.25	13940.1
1387.29	14233.2
1386.34	14019.7
1385.38	14051.6
1384.42	13958.3
1383.46	13948.4
1382.51	14228.2
1381.55	14069.7
1380.59	14260.7
1379.63	13992.6
1378.67	14144.5
1377.71	13928.6
1376.75	14330.7
1375.79	14399.1
1374.84	14331.9
1373.88	14160.4
1372.92	14252.2
1371.96	14463.8
1371	14769.1
1370.04	14569
1369.08	14858.6
1368.12	14708.1
1367.16	14776.2
1366.2	14781.9
1365.24	14943.8
1364.27	15032.7
1363.31	14786
1362.35	15155.9
1361.39	15018.5
1360.43	15112.5
1359.47	15188.4
1358.51	15303.2
1357.55	15225.6
1356.58	14867.4
1355.62	15182.3
1354.66	15221.7
1353.7	15341.6
1352.74	15238.1
1351.77	15134.6
1350.81	15207.8
1349.85	15039.4
1348.88	15003.5
1347.92	14734
1346.96	14991.4
1345.99	14908.8
1345.03	14922.3
1344.07	14850.1
1343.1	14508.2
1342.14	14487.9
1341.18	14522.2
1340.21	14486.4
1339.25	14191.3
1338.28	14261.9
1337.32	14254.7
1336.35	14115.3
1335.39	14025.2
1334.42	13748.5
1333.46	13951.2
1332.49	13804.2
1331.53	13923.9
1330.56	13549.1
1329.6	13919.9
1328.63	13633.2
1327.66	13680.4
1326.7	13652.6
1325.73	13487.6
1324.77	13483.1
1323.8	13263.9
1322.83	13212.9
1321.87	13314.4
1320.9	13144.4
1319.93	13292.5
1318.96	13316.4
1318	13190.5
1317.03	13281.6
1316.06	13300.4
1315.09	12973
1314.13	13151.9
1313.16	12829.8
1312.19	13285
1311.22	13120.4
1310.25	13023.1
1309.28	13132.2
1308.32	12983.2
1307.35	13076.8
1306.38	12894.3
1305.41	12931.2
1304.44	12880.3
1303.47	12819.2
1302.5	12765.8
1301.53	12745.9
1300.56	12805.9
1299.59	12909.7
1298.62	12755.9
1297.65	12640.7
1296.68	12790.8
1295.71	12732.3
1294.74	12568.3
1293.77	12672
1292.8	12587.8
1291.83	12740.5
1290.85	12684.6
1289.88	12641.6
1288.91	12531.7
1287.94	12511.9
1286.97	12525.5
1286	12320.5
1285.02	12228.8
1284.05	12556.1
1283.08	12466.9
1282.11	12449.7
1281.13	12471.1
1280.16	12641.5
1279.19	12441.8
1278.22	12437.4
1277.24	12389.4
1276.27	12482.7
1275.3	12352.5
1274.32	12515
1273.35	12374.6
1272.37	12252.2
1271.4	12345.4
1270.43	12256.4
1269.45	12400.9
1268.48	12304.1
1267.5	12307.5
1266.53	12205.7
1265.55	12278.3
1264.58	12350.9
1263.6	12297.9
1262.63	12255.1
1261.65	12291.8
1260.68	12333.6
1259.7	12047.4
1258.72	12073.9
1257.75	12182.3
1256.77	12226.6
1255.8	12194.1
1254.82	12069.5
1253.84	12157.4
1252.87	12135.1
1251.89	12074.5
1250.91	12006.3
1249.94	11968.7
1248.96	11920.9
1247.98	12047.1
1247	12175.8
1246.03	12097.4
1245.05	12039.4
1244.07	12111.8
1243.09	12046.1
1242.11	12013.7
1241.14	11994.1
1240.16	12094.6
1239.18	12103.1
1238.2	11930.2
1237.22	11882.5
1236.24	11801.7
1235.26	11769.3
1234.28	11808.5
1233.3	11962.5
1232.32	11812.8
1231.34	11783
1230.36	11824.7
1229.38	11759.2
1228.4	11783
1227.42	11567.1
1226.44	11680.2
1225.46	11729.5
1224.48	11786.4
1223.5	11468.7
1222.52	11614.9
1221.54	11794.1
1220.56	11700.7
1219.57	11546.2
1218.59	11842.5
1217.61	11514.8
1216.63	11755.1
1215.65	11776.3
1214.67	11397.9
1213.68	11882.3
1212.7	11509.1
1211.72	11632.1
1210.74	11592.3
1209.75	11585.5
1208.77	11545.7
1207.79	11559.3
1206.8	11387.3
1205.82	11617
1204.84	11490.8
1203.85	11529.8
1202.87	11449.4
1201.88	11503.6
1200.9	11529.9
1199.92	11383.5
1198.93	11483.4
1197.95	11291.3
1196.96	11226.2
1195.98	11382
1194.99	11281.4
1194.01	11249.3
1193.02	11448.1
1192.04	11319.6
1191.05	11274.9
1190.06	11318.9
1189.08	11051
1188.09	11196.5
1187.11	11250.6
1186.12	11142.6
1185.13	11102.9
1184.15	11025.3
1183.16	11203.6
1182.17	11075.3
1181.19	11109.2
1180.2	11150.7
1179.21	10814.8
1178.22	11334.8
1177.24	11039.5
1176.25	11415.1
1175.26	11195.8
1174.27	10915.8
1173.29	11217.9
1172.3	11082.2
1171.31	11113.5
1170.32	11132.1
1169.33	11128
1168.34	11111.2
1167.35	11069.1
1166.36	10936.1
1165.37	11068.5
1164.39	10920.3
1163.4	11037.5
1162.41	11167.3
1161.42	11135.3
1160.43	11052.9
1159.44	10735.7
1158.45	11037.1
1157.46	10921.9
1156.46	10945.6
1155.47	11115.6
1154.48	10902.1
1153.49	10940.9
1152.5	10856.1
1151.51	10995.7
1150.52	10936.1
1149.53	10894.2
1148.53	10857.4
1147.54	10752.5
1146.55	10811.4
1145.56	10840.1
1144.57	10576.5
1143.57	10630.4
1142.58	10732.1
1141.59	10854
1140.6	10807.1
1139.6	10782.9
1138.61	10562.3
1137.62	10754.6
1136.62	10740.4
1135.63	10927.6
1134.64	10644.3
1133.64	10738.3
1132.65	10585.9
1131.65	10916.3
1130.66	10575.3
1129.66	10664.2
1128.67	10642.6
1127.68	10570.7
1126.68	10340.5
1125.69	10607.8
1124.69	10628.9
1123.7	10554.5
1122.7	10590.7
1121.7	10744.8
1120.71	10449.5
1119.71	10490.7
1118.72	10579.6
1117.72	10603.1
1116.72	10358.2
1115.73	10692.9
1114.73	10648.7
1113.73	10469.1
1112.74	10424.9
1111.74	10546.3
1110.74	10502.2
1109.75	10533.2
1108.75	10466.6
1107.75	10219.5
1106.75	10305.7
1105.76	10326.7
1104.76	10290.2
1103.76	10263.6
1102.76	10307.2
1101.76	10498.5
1100.76	10404.4
1099.76	10370.4
1098.77	10283.8
1097.77	10359.9
1096.77	10263.3
1095.77	10244.3
1094.77	10360.4
1093.77	10176.3
1092.77	10374.9
1091.77	10133.4
1090.77	10171.9
1089.77	10150.4
1088.77	10296.4
1087.77	10274.9
1086.77	10325.9
1085.77	10157.1
1084.77	10108.1
1083.76	10226.5
1082.76	10427.3
1081.76	10038.8
1080.76	10044.9
1079.76	10105.8
1078.76	10164.3
1077.76	10090.4
1076.75	10198.7
1075.75	10102.5
1074.75	10190.8
1073.75	10159.4
1072.74	10083.1
1071.74	10054.3
1070.74	10174.9
1069.73	10148.5
1068.73	10087.3
1067.73	10080.8
1066.72	10027.1
1065.72	9923.48
1064.72	10006.7
1063.71	10189.5
1062.71	9729.96
1061.7	9982.47
1060.7	9998.45
1059.7	9845.19
1058.69	10070.2
1057.69	9909.52
1056.68	9811.07
1055.68	9884.27
1054.67	9920.14
1053.67	9801.84
1052.66	9984.4
1051.65	10007.8
1050.65	9718.05
1049.64	9793.69
1048.64	9926.44
1047.63	10076.6
1046.62	9965.8
1045.62	9949.46
1044.61	9893.38
1043.6	9906.85
1042.6	10027.1
1041.59	9908.95
1040.58	9991.9
1039.57	9995.41
1038.57	10279.3
1037.56	10193.5
1036.55	10139.9
1035.54	10242.6
1034.53	10201.4
1033.53	10138
1032.52	10163.8
1031.51	10087.9
1030.5	10195.5
1029.49	10342.7
1028.48	10309
1027.47	10480.9
1026.46	10454.6
1025.45	10232.7
1024.44	10191.6
1023.43	10390.7
1022.42	10443.6
1021.41	10573.3
1020.4	10257.5
1019.39	10590
1018.38	10323.8
1017.37	10520.2
1016.36	10612.6
1015.35	10489.9
1014.34	10589.8
1013.33	10662.4
1012.32	10769.6
1011.31	10797.7
1010.29	10783.8
1009.28	10737.8
1008.27	10837.5
1007.26	10816.2
1006.25	11056.6
1005.23	11121.7
1004.22	11130
1003.21	11180.2
1002.2	11153.9
1001.18	11181.9
1000.17	11219.7
999.156	11346.4
998.142	11468.1
997.129	11498.5
996.115	11718.8
995.101	11788.6
994.087	12183.8
993.073	12137.7
992.058	12586.9
991.044	12848.8
990.029	13263.3
989.015	13512.7
988	13976.3
986.984	14139.3
985.969	14361.3
984.954	14391.2
983.938	14539.3
982.923	14724.3
981.907	14493.3
980.891	14599.4
979.875	14553
978.859	14666.5
977.842	14637.4
976.826	14753.3
975.809	14719.2
974.792	14348.3
973.775	14488.7
972.758	14666.1
971.741	14663.9
970.723	14698.7
969.706	14578.6
968.688	14345.6
967.67	14336.1
966.652	14508.4
965.634	14435.1
964.615	14415.8
963.597	14359.7
962.578	14146.6
961.56	14291.8
960.541	14488.4
959.522	14363.7
958.502	13934.8
957.483	14236.9
956.464	14149
955.444	14183.7
954.424	14213.5
953.404	14351.2
952.384	14167.7
951.364	14038.2
950.343	14171
949.323	14369.8
948.302	14034.6
947.281	14468.5
946.26	14175
945.239	14322.3
944.218	14349.6
943.196	14513.9
942.175	14355.2
941.153	14392.2
940.131	14282.5
939.109	13744.7
938.087	13542.2
937.065	12994.9
936.042	12853.6
935.02	12580.4
933.997	12062.8
932.974	11841.1
931.951	11665.9
930.928	11551.8
929.904	10893
928.881	10769.3
927.857	10662.7
926.833	10241.1
925.809	10137.1
924.785	10020.9
923.761	10036.5
922.737	9842.28
921.712	9940.9
920.687	9888.22
919.662	9713.58
918.637	9699.98
917.612	9876.59
916.587	9682.53
915.562	9627.48
914.536	9701.65
913.51	9478.45
912.484	9362.54
911.458	9465.95
910.432	9632.67
909.406	9765.24
908.379	9512.97
907.353	9375.22
906.326	9256.98
905.299	9457.69
904.272	9388.16
903.244	9520.65
902.217	9307.57
901.19	9391.37
900.162	9424.06
899.134	9515.12
898.106	9182.99
897.078	9312.96
896.05	9340.78
895.021	9349.14
893.993	9398.82
892.964	9212.76
891.935	9354.78
890.906	9248.95
889.877	9449.22
888.847	9331.27
887.818	9116.21
886.788	9384.4
885.759	9429.16
884.729	9352.54
883.699	9399.72
882.668	9114.43
881.638	9287.8
880.607	9317.98
879.577	9100.75
878.546	9286.17
877.515	8981.71
876.484	9118.6
875.452	9284.54
874.421	9040.81
873.389	9223.67
872.358	8909.75
871.326	9126.5
870.294	9246.29
869.262	9225.57
868.229	9003.85
867.197	9060.65
866.164	9035.12
865.131	9309.76
864.098	9051.85
863.065	8917.44
862.032	8950.01
860.999	9105.96
859.965	8908.7
858.931	8950.94
857.898	9085.05
856.864	8967.68
855.829	8956.7
854.795	9035.16
853.761	9002.42
852.726	8993.86
851.691	8973.22
850.656	9044.39
849.621	8902.98
848.586	8807.5
847.551	8897.97
846.515	9000.49
845.48	8919.52
844.444	8732.37
843.408	8805.91
842.372	8985.59
841.336	8960.16
840.299	8821.36
839.263	8931.01
838.226	8782.61
837.189	8865.72
836.152	8840.32
835.115	9169.26
834.078	8907.64
833.04	8899.11
832.003	8861.67
830.965	9004.92
829.927	8849.45
828.889	8889.1
827.851	8972.08
826.812	8963.55
825.774	9099.46
824.735	8982.6
823.696	8820.05
822.657	8782.67
821.618	8988.29
820.579	8941.28
819.539	8884.66
818.5	8818.43
817.46	8925.34
816.42	8919.23
815.38	8987.64
814.34	8863.76
813.3	8675.02
812.259	8743.44
811.218	8922.34
810.178	8726.47
809.137	8669.96
808.096	8678.3
807.054	8883.52
806.013	8716.58
804.971	8640.9
803.93	8685.24
802.888	8664.77
801.846	8745.08
800.804	8623.86
799.761	8531.46
798.719	8604.56
797.676	8677.63
796.633	8513.34
795.591	8811.73
794.547	8455.73
793.504	8619.84
792.461	8517.95
791.417	8574.21
790.374	8527.44
789.33	8430.4
788.286	8556.08
787.242	8657.79
786.197	8546.4
785.153	8650.47
784.108	8639.63
783.063	8425.4
782.019	8328.47
780.974	8329.65
779.928	8483.9
778.883	8403.74
777.837	8349.91
776.792	8186.11
775.746	8270.97
774.7	8513.56
773.654	8247.05
772.608	8382.04
771.561	8287.64
770.514	8341.37
769.468	8407.03
768.421	8300.73
767.374	8378.3
766.327	8283.98
765.279	8249.35
764.232	8200.41
763.184	8349.54
762.136	8281.52
761.088	7922.47
760.04	8166.99
758.992	8094.25
757.943	8059.69
756.895	8349.38
755.846	8181.29
754.797	8358.85
753.748	8121.7
752.699	7989.46
751.65	8133.62
750.6	8208.66
749.551	8005.01
748.501	8008.6
747.451	8212.2
746.401	7965.79
745.35	8021.75
744.3	8075.32
743.249	8138.39
742.199	8120.54
741.148	8228.78
740.097	8203.79
739.046	8181.19
737.994	8141.95
736.943	8145.51
735.891	8122.92
734.839	8181.16
733.787	8115.79
732.735	8105.1
731.683	8160.93
730.63	8159.74
729.578	8206.05
728.525	8059.99
727.472	8296.25
726.419	8302.16
725.366	8346.04
724.313	8280.74
723.259	8182.23
722.206	8043.42
721.152	8281.85
720.098	8278.26
719.044	8341.08
717.989	8216.56
716.935	8203.5
715.88	8280.53
714.826	8362.27
713.771	8228.33
712.716	8506.74
711.66	8121.68
710.605	8191.55
709.55	8296.94
708.494	8165.47
707.438	8045.89
706.382	8409.3
705.326	8303.91
704.27	8314.53
703.213	8192.63
702.157	8245.85
701.1	8190.22
700.043	8278.91
698.986	8076.67
697.929	7983.26
696.871	8220.89
695.814	8118.03
694.756	8206.66
693.698	8179.46
692.64	8145.18
691.582	8011.68
690.524	8154.61
689.465	8158.14
688.407	8223.07
687.348	8226.58
686.289	8265.51
685.23	8276.1
684.171	8027.07
683.112	8139.16
682.052	8371.56
680.992	8127.34
679.932	8093.13
678.872	8143.83
677.812	8253.46
676.752	8223.96
675.691	8312.34
674.631	8386.55
673.57	8300.47
672.509	8190.86
671.448	8118.98
670.387	8303.89
669.325	8378.04
668.264	8209.61
667.202	8250.79
666.14	8270.76
665.078	8114.19
664.016	7995.32
662.954	7968.26
661.891	8040.03
660.829	8163.54
659.766	8016.5
658.703	7918.89
657.64	8181.11
656.576	8041.19
655.513	7981.23
654.449	7848.43
653.386	7927.19
652.322	7824.98
651.258	7917.81
650.193	7681.73
649.129	7913.14
648.065	7768.72
647	7821.59
645.935	7843.92
644.87	7868.59
643.805	7888.55
642.74	7885.05
641.674	7759.53
640.608	7746.66
639.543	7829.97
638.477	7678.72
637.411	7682.28
636.344	7847.62
635.278	7776.14
634.211	7791.41
633.145	7715.27
632.078	7746.94
631.011	7668.48
629.944	7606.45
628.876	7715.42
627.809	7758.78
626.741	7755.3
625.673	7716.7
624.605	7731.95
623.537	7899.34
622.469	7746.06
621.401	7824.48
620.332	7612.77
619.263	7925.1
618.194	7821.03
617.125	7775.45
616.056	7788.34
614.987	7782.52
613.917	7638.79
612.847	7644.68
611.777	7573.45
610.707	7446.17
609.637	7582.9
608.567	7387.92
607.496	7664.75
606.426	7511.84
605.355	7305.29
604.284	7418.59
603.213	7499.19
602.142	7437.42
601.07	7221.66
599.999	7383.9
598.927	7413.14
597.855	7330.42
596.783	7243.06
595.711	7281.63
594.638	7089.4
593.566	7300.47
592.493	7166.55
591.42	7025.68
590.347	7215.7
589.274	7112.14
588.201	7218.24
587.127	7124.02
586.054	7018.19
584.98	7180.13
583.906	7088.29
582.832	7036.04
581.758	7028.02
580.683	7071.2
579.609	7007.34
578.534	7206.36
577.459	6986.67
576.384	7074.01
575.309	6924.16
574.233	7130.05
573.158	7119.7
572.082	7139.57
571.006	7184.99
569.93	7186.26
568.854	7312.97
567.778	7114.46
566.701	7294.56
565.624	7077.54
564.548	7252.94
563.471	7165.98
562.394	7132.43
561.316	7245.1
560.239	7183.7
559.161	7261.52
558.084	7401.95
557.006	7268.66
555.928	7402.09
554.849	7458.96
553.771	7460.18
552.692	7646.84
551.614	7643.39
550.535	7797.52
549.456	7768.57
548.377	7857.77
547.297	7856.61
546.218	7929.56
545.138	8048.8
544.058	8163.38
542.978	8416.81
541.898	8397.05
540.818	8608.72
539.737	8588.94
538.657	9004.1
537.576	9162.38
536.495	9422.38
535.414	9735.48
534.333	10143.3
533.251	10731.3
532.17	11240.5
531.088	12121.7
530.006	13185.2
528.924	14765.9
527.842	16923.6
526.759	20270.3
525.677	26144.7
524.594	36497
523.511	56365
522.428	99465.7
521.345	146480
520.262	146458
519.178	146436
518.095	122274
517.011	69834.6
515.927	43123.9
514.843	29805
513.758	22973.5
512.674	18760.7
511.589	15692.3
510.505	13620.4
509.42	12265.8
508.335	11600.4
507.249	10674.9
506.164	10145.9
505.078	9713.78
503.993	9162.02
502.907	8918.94
501.821	8717.35
500.734	8598.69
499.648	8371.9
498.562	8158.98
497.475	8012.84
496.388	8184.17
495.301	7854.08
494.214	7926.51
493.127	7812.67
492.039	7691.98
490.951	7598.9
489.864	7285.23
488.776	7394.45
487.687	7388.76
486.599	7371.59
485.511	7205.13
484.422	7174.21
483.333	7230.56
482.244	7133.07
481.155	7021.83
480.066	6990.96
478.977	7164.33
477.887	7030.19
476.797	6967.21
475.707	7028.11
474.617	6827.55
473.527	6762.33
472.437	6990.61
471.346	6693.85
470.255	6747.87
469.164	6620.83
468.073	6681.72
466.982	6678.44
465.891	6785.12
464.799	6440.56
463.708	6542.66
462.616	6560.01
461.524	6437.7
460.432	6496.27
459.339	6467.84
458.247	6457.73
457.154	6310.34
456.061	6519.88
454.968	6507.48
453.875	6531.67
452.782	6599.31
451.688	6589.18
450.595	6622.5
449.501	6740.37
448.407	6631.97
447.313	6836.63
446.219	6595.74
445.124	6832.33
444.03	6879.28
442.935	6914.8
441.84	6767.65
440.745	6782.63
439.65	6900.32
438.554	7061.34
437.459	6914.25
436.363	7072.94
435.267	7204.21
434.171	7077.69
433.075	7202.07
431.979	7260.29
430.882	7101.91
429.785	7087.18
428.688	7095.25
427.591	7073.69
426.494	6906.3
425.397	7092.1
424.299	6993.1
423.202	7074.05
422.104	7132.21
421.006	7069.68
419.908	6900.17
418.809	7063.04
417.711	6904.96
416.612	6956.27
415.513	7032.6
414.414	7090.7
413.315	7137.42
412.216	7013.55
411.117	6926.11
410.017	6966.01
408.917	7187.75
407.817	6979.85
406.717	6837.92
405.617	6941.43
404.516	7056.27
403.416	6966.63
402.315	7015.57
401.214	6964.57
400.113	6943.1
399.012	6987.48
397.91	6997.79
396.809	6892.36
395.707	7097.83
394.605	7076.36
393.503	7079.84
392.401	7026.63
391.298	7102.69
390.196	7140.19
389.093	7130.06
387.99	7165.27
386.887	6971.56
385.784	7154.08
384.681	7032.94
383.577	7006.97
382.473	6933.45
381.369	6952.81
380.265	6913.28
379.161	7086.59
378.057	7062.9
376.952	6998.48
375.848	7020.07
374.743	6985.09
373.638	6848.31
372.533	6924.2
371.427	6893.77
370.322	6752.54
369.216	6998
368.11	6954.01
367.004	6740.5
365.898	6963.24
364.792	6939.61
363.685	6931.81
362.579	6887.86
361.472	6920.71
360.365	6953.56
359.258	6792.21
358.15	6953.76
357.043	6898.55
355.935	6852.38
354.827	6916.81
353.719	6893.22
352.611	6885.43
351.503	6983.66
350.394	6978.11
349.286	6965.8
348.177	6935.45
347.068	6965.99
345.959	6985.24
344.85	7040.54
343.74	7005.7
342.631	7067.74
341.521	7102.74
340.411	7097.18
339.301	7224.49
338.19	6977.98
337.08	7033.23
335.969	7158.24
334.859	7226.95
333.748	7135.86
332.637	7269.8
331.525	7282.22
330.414	7256.4
329.302	7356.52
328.191	7456.62
327.079	7345.34
325.967	7490.37
324.854	7237.52
323.742	7330.83
322.629	7331.99
321.516	7362.36
320.404	7482.56
319.29	7472.47
318.177	7545.46
317.064	7490.46
315.95	7558.94
314.836	7775.55
313.723	7776.64
312.608	7676.74
311.494	7908.94
310.38	7853.93
309.265	8092.76
308.15	8013.07
307.036	8408.77
305.921	8454.6
304.805	8693.2
303.69	8745.7
302.574	8786.98
301.459	8711.73
300.343	8640.98
299.227	8507.54
