3199.12	450.224
3198.41	407.683
3197.71	425.35
3197	404.027
3196.3	428.777
3195.59	464.15
3194.88	428.66
3194.18	428.602
3193.47	471.044
3192.77	492.226
3192.06	435.508
3191.35	442.529
3190.65	392.912
3189.94	424.712
3189.23	520.201
3188.53	463.517
3187.82	463.454
3187.11	481.077
3186.41	756.885
3185.7	473.873
3184.99	456.129
3184.29	378.288
3183.58	420.655
3182.87	452.407
3182.17	413.472
3181.46	399.282
3180.75	420.425
3180.04	462.758
3179.33	462.695
3178.63	444.974
3177.92	430.789
3177.21	427.199
3176.5	469.502
3175.79	398.846
3175.09	412.908
3174.38	448.138
3173.67	476.302
3172.96	419.794
3172.25	423.264
3171.54	423.206
3170.83	412.57
3170.12	433.668
3169.41	458.286
3168.71	422.975
3168	422.917
3167.29	426.383
3166.58	440.419
3165.87	408.653
3165.16	440.298
3164.45	376.844
3163.74	485.956
3163.03	475.327
3162.32	401.333
3161.61	401.278
3160.9	429.379
3160.19	404.687
3159.48	432.78
3158.77	436.239
3158.06	446.732
3157.34	393.915
3156.63	379.795
3155.92	376.227
3155.21	400.785
3154.5	474.549
3153.79	442.852
3153.08	421.706
3152.37	361.915
3151.65	428.617
3150.94	379.38
3150.23	410.939
3149.52	407.371
3148.81	386.247
3148.09	410.77
3147.38	523.046
3146.67	452.777
3145.96	456.224
3145.25	466.689
3144.53	396.456
3143.82	385.878
3143.11	448.96
3142.39	431.364
3141.68	459.357
3140.97	459.294
3140.26	406.648
3139.54	462.674
3138.83	403.032
3138.12	438.018
3137.4	441.462
3136.69	434.396
3135.97	427.331
3135.26	381.743
3134.55	465.733
3133.83	409.649
3133.12	469.107
3132.4	371.034
3131.69	419.981
3130.98	461.916
3130.26	412.868
3129.55	419.809
3128.83	437.241
3128.12	423.191
3127.4	419.637
3126.69	454.544
3125.97	457.978
3125.26	408.978
3124.54	394.942
3123.83	391.393
3123.11	457.728
3122.4	412.248
3121.68	440.137
3120.96	471.511
3120.25	422.556
3119.53	422.498
3118.82	401.493
3118.1	439.836
3117.38	415.344
3116.67	404.818
3115.95	408.252
3115.23	432.618
3114.52	408.14
3113.8	394.133
3113.08	404.541
3112.37	404.486
3111.65	449.755
3110.93	460.152
3110.22	449.632
3109.5	404.265
3108.78	421.633
3108.06	463.384
3107.35	407.583
3106.63	456.291
3105.91	407.472
3105.19	452.684
3104.47	421.287
3103.76	459.523
3103.04	435.095
3102.32	455.917
3101.6	455.855
3100.88	452.313
3100.16	441.815
3099.44	473.06
3098.73	420.827
3098.01	455.543
3097.29	511.112
3096.57	462.372
3095.85	483.165
3095.13	441.392
3094.41	423.957
3093.69	427.373
3092.97	430.789
3092.25	444.624
3091.53	475.822
3090.81	458.394
3090.09	454.859
3089.37	385.362
3088.65	423.493
3087.93	444.26
3087.21	388.674
3086.49	416.38
3085.77	426.731
3085.05	437.079
3084.33	454.361
3083.61	440.428
3082.89	443.835
3082.17	478.444
3081.44	447.18
3080.72	506.041
3080	492.11
3079.28	453.927
3078.56	460.794
3077.84	439.946
3077.12	481.45
3076.39	464.068
3075.67	450.154
3074.95	484.715
3074.23	491.572
3073.5	481.121
3072.78	470.673
3072.06	480.989
3071.34	477.464
3070.61	408.21
3069.89	466.956
3069.17	449.6
3068.45	435.707
3067.72	473.68
3067	459.787
3066.28	466.637
3065.55	463.117
3064.83	494.154
3064.11	480.266
3063.38	456.018
3062.66	459.41
3061.94	480.069
3061.21	462.737
3060.49	466.127
3059.76	490.229
3059.04	462.547
3058.31	479.741
3057.59	469.323
3056.87	476.159
3056.14	462.294
3055.42	448.433
3054.69	444.923
3053.97	486.244
3053.24	524.107
3052.52	506.797
3051.79	448.126
3051.07	468.745
3050.34	454.896
3049.61	434.16
3048.89	527.122
3048.16	502.936
3047.44	485.646
3046.71	523.462
3045.99	509.617
3045.26	485.447
3044.53	430.302
3043.81	523.175
3043.08	433.625
3042.35	443.889
3041.63	488.555
3040.9	488.488
3040.17	498.74
3039.45	478.037
3038.72	467.656
3037.99	477.907
3037.27	491.592
3036.54	501.837
3035.81	512.078
3035.08	512.008
3034.36	467.272
3033.63	518.739
3032.9	566.756
3032.17	497.99
3031.44	501.356
3030.72	463.519
3029.99	432.559
3029.26	552.638
3028.53	518.242
3027.8	442.676
3027.07	494.082
3026.34	559.197
3025.62	493.947
3024.89	531.606
3024.16	534.963
3023.43	548.605
3022.7	562.243
3021.97	524.46
3021.24	565.516
3020.51	558.585
3019.78	489.98
3019.05	578.988
3018.32	575.483
3017.59	548.004
3016.86	578.751
3016.13	517.038
3015.4	575.168
3014.67	578.513
3013.94	564.743
3013.21	574.932
3012.48	554.323
3011.75	574.775
3011.02	584.959
3010.29	601.98
3009.56	560.859
3008.83	591.557
3008.09	529.935
3007.36	635.836
3006.63	574.224
3005.9	587.816
3005.17	570.65
3004.44	625.238
3003.7	577.326
3002.97	567
3002.24	624.981
3001.51	580.504
3000.78	529.21
3000.04	529.138
2999.31	672.425
2998.58	662.095
2997.85	559.632
2997.11	607.323
2996.38	614.062
2995.65	651.499
2994.92	685.515
2994.18	668.371
2993.45	651.232
2992.72	613.642
2991.98	702.183
2991.25	647.556
2990.51	667.914
2989.78	633.75
2989.05	715.426
2988.31	711.922
2987.58	670.954
2986.85	677.673
2986.11	766.108
2985.38	687.7
2984.64	697.818
2983.91	745.372
2983.17	758.882
2982.44	762.181
2981.7	751.87
2980.97	799.39
2980.23	816.287
2979.5	799.172
2978.76	768.46
2978.03	836.35
2977.29	785.246
2976.56	805.532
2975.82	869.991
2975.09	846.086
2974.35	856.163
2973.61	862.839
2972.88	900.083
2972.14	869.395
2971.41	825.133
2970.67	886.133
2969.93	936.932
2969.2	913.044
2968.46	916.313
2967.72	973.873
2966.99	885.526
2966.25	888.797
2965.51	953.121
2964.77	895.337
2964.04	912.169
2963.3	996.806
2962.56	952.599
2961.82	942.3
2961.09	1023.51
2960.35	1087.75
2959.61	1036.78
2958.87	935.008
2958.14	992.464
2957.4	985.554
2956.66	1046.37
2955.92	1073.32
2955.18	961.451
2954.44	1018.86
2953.71	1093.18
2952.97	1055.81
2952.23	971.075
2951.49	1052.14
2950.75	1072.29
2950.01	1004.5
2949.27	1102.43
2948.53	1078.61
2947.79	1105.51
2947.05	1081.69
2946.31	1061.27
2945.57	1037.47
2944.83	1088.01
2944.09	1097.99
2943.35	1050.55
2942.61	1023.39
2941.87	1063.77
2941.13	1050.12
2940.39	1009.46
2939.65	1043.08
2938.91	1056.44
2938.17	1015.8
2937.43	1143.88
2936.69	1035.76
2935.95	1059.23
2935.21	1052.34
2934.46	1052.2
2933.72	1014.96
2932.98	1028.31
2932.24	1031.54
2931.5	1021.29
2930.76	1021.15
2930.01	1014.27
2929.27	1034.34
2928.53	973.563
2927.79	1017.22
2927.05	1006.97
2926.3	1023.67
2925.56	966.296
2924.82	1023.39
2924.08	999.691
2923.33	935.609
2922.59	992.686
2921.85	942.082
2921.1	935.224
2920.36	1009.1
2919.62	971.963
2918.87	944.928
2918.13	1012.04
2917.39	931.222
2916.64	853.783
2915.9	1008.27
2915.15	977.885
2914.41	903.831
2913.67	903.707
2912.92	880.07
2912.18	843.005
2911.43	876.471
2910.69	940.146
2909.94	849.373
2909.2	886.18
2908.45	869.278
2907.71	845.668
2906.96	936.146
2906.22	919.244
2905.47	878.864
2904.73	825.08
2903.98	835.027
2903.24	821.501
2902.49	791.215
2901.75	918.488
2901	784.294
2900.25	827.753
2899.51	777.378
2898.76	814.124
2898.02	757.065
2897.27	793.805
2896.52	864.023
2895.78	803.632
2895.03	820.262
2894.28	756.546
2893.54	793.261
2892.79	766.379
2892.04	756.235
2891.29	786.243
2890.55	705.849
2889.8	762.614
2889.05	672.212
2888.3	762.404
2887.56	695.431
2886.81	768.881
2886.06	755.406
2885.31	738.592
2884.56	805.322
2883.82	718.342
2883.07	775.035
2882.32	748.207
2881.57	751.444
2880.82	714.609
2880.07	727.866
2879.32	704.398
2878.58	811.115
2877.83	690.855
2877.08	697.434
2876.33	727.367
2875.58	747.284
2874.83	677.133
2874.08	730.403
2873.33	743.642
2872.58	706.863
2871.83	800.112
2871.08	680.002
2870.33	789.894
2869.58	693.145
2868.83	719.706
2868.08	672.966
2867.33	762.812
2866.58	782.691
2865.83	715.981
2865.08	722.542
2864.33	765.723
2863.57	655.768
2862.82	695.618
2862.07	705.506
2861.32	695.427
2860.57	738.582
2859.82	725.175
2859.07	764.988
2858.31	771.534
2857.56	764.778
2856.81	734.751
2856.06	688.111
2855.31	727.902
2854.55	658.012
2853.8	734.347
2853.05	671.121
2852.3	714.214
2851.54	690.866
2850.79	753.87
2850.04	684.035
2849.29	727.103
2848.53	683.847
2847.78	799.925
2847.03	766.628
2846.27	720.067
2845.52	696.743
2844.77	746.408
2844.01	709.82
2843.26	669.925
2842.5	663.201
2841.75	772.523
2841	719.375
2840.24	722.591
2839.49	692.664
2838.73	699.197
2837.98	669.281
2837.22	689.066
2836.47	725.408
2835.71	718.684
2834.96	725.208
2834.2	774.774
2833.45	715.078
2832.69	754.701
2831.94	678.475
2831.18	771.039
2830.43	671.672
2829.67	694.737
2828.92	750.875
2828.16	694.547
2827.4	694.451
2826.65	717.501
2825.89	730.626
2825.14	707.387
2824.38	703.985
2823.62	713.802
2822.87	776.484
2822.11	710.303
2821.35	720.115
2820.59	700.199
2819.84	713.312
2819.08	709.912
2818.32	699.911
2817.57	742.728
2816.81	683.215
2816.05	778.825
2815.29	729.223
2814.54	715.926
2813.78	699.334
2813.02	738.817
2812.26	735.418
2811.5	695.748
2810.75	764.888
2809.99	751.597
2809.23	781.158
2808.47	678.888
2807.71	728.222
2806.95	784.131
2806.19	760.964
2805.43	744.391
2804.68	740.995
2803.92	750.772
2803.16	806.64
2802.4	720.938
2801.64	776.794
2800.88	700.994
2800.12	845.684
2799.36	733.702
2798.6	750.05
2797.84	746.658
2797.08	835.353
2796.32	805.643
2795.56	789.093
2794.8	798.846
2794.04	765.867
2793.28	762.475
2792.52	778.801
2791.75	877.263
2790.99	834.435
2790.23	778.48
2789.47	883.469
2788.71	820.955
2787.95	847.11
2787.19	889.671
2786.43	833.747
2785.66	879.581
2784.9	886.023
2784.14	853.09
2783.38	941.551
2782.62	852.855
2781.85	856.018
2781.09	964.118
2780.33	819.715
2779.57	888.449
2778.8	904.717
2778.04	930.813
2777.28	920.853
2776.51	1028.85
2775.75	999.228
2774.99	923.749
2774.23	900.696
2773.46	962.793
2772.7	998.679
2771.93	1064.02
2771.17	1044.23
2770.41	998.267
2769.64	1004.67
2768.88	994.72
2768.12	1089.46
2767.35	1095.85
2766.59	1170.93
2765.82	1124.99
2765.06	1072.51
2764.29	1108.33
2763.53	1189.9
2762.76	1147.25
2762	1147.09
2761.23	1248.23
2760.47	1326.47
2759.7	1300.15
2758.94	1296.71
2758.17	1338.98
2757.41	1423.7
2756.64	1403.91
2755.87	1413.51
2755.11	1426.38
2754.34	1494.71
2753.58	1625.03
2752.81	1536.72
2752.04	1588.7
2751.28	1660.24
2750.51	1656.75
2749.74	1718.48
2748.98	1799.76
2748.21	1711.49
2747.44	1913.35
2746.68	1808.79
2745.91	1899.78
2745.14	1902.78
2744.37	2068.66
2743.61	2117.24
2742.84	2113.69
2742.07	2158.99
2741.3	2288.93
2740.54	2327.68
2739.77	2451.05
2739	2427.93
2738.23	2326.72
2737.46	2362.19
2736.69	2469.22
2735.93	2494.91
2735.16	2627.91
2734.39	2647.06
2733.62	2724.73
2732.85	2799.13
2732.08	2873.51
2731.31	2954.37
2730.54	3038.45
2729.77	3018.54
2729	3102.59
2728.23	3212.61
2727.46	3137.46
2726.7	3188.99
2725.93	3344.41
2725.16	3464.07
2724.38	3447.36
2723.61	3495.58
2722.84	3569.73
2722.07	3591.96
2721.3	3565.51
2720.53	3694.77
2719.76	3746.16
2718.99	3726.18
2718.22	3657.58
2717.45	3715.43
2716.68	3925.63
2715.91	3827.85
2715.13	4028.25
2714.36	3969.37
2713.59	4004.46
2712.82	4094.62
2712.05	4155.59
2711.28	4044.91
2710.5	4112.35
2709.73	4050.27
2708.96	4263.37
2708.19	4198.05
2707.41	4197.47
2706.64	4193.66
2705.87	4325.73
2705.1	4321.9
2704.32	4392.46
2703.55	4223.69
2702.78	4413.89
2702	4471.48
2701.23	4428.84
2700.46	4344.19
2699.68	4408.23
2698.91	4494.87
2698.14	4306.86
2697.36	4580.86
2696.59	4354.12
2695.81	4473.02
2695.04	4491.78
2694.27	4394.3
2693.49	4371.09
2692.72	4347.9
2691.94	4440.89
2691.17	4230.53
2690.39	4352.55
2689.62	4410.02
2688.84	4273.94
2688.07	4228.2
2687.29	4256.64
2686.52	4098.06
2685.74	4236.12
2684.97	3909.98
2684.19	4067.36
2683.41	4134.48
2682.64	3992.14
2681.86	3888.49
2681.09	3823.54
2680.31	3803.68
2679.53	3706.55
2678.76	3767.22
2677.98	3563.88
2677.2	3682.49
2676.43	3472.78
2675.65	3559.19
2674.87	3536.17
2674.1	3378.04
2673.32	3264.99
2672.54	3319.22
2671.76	3196.56
2670.99	3012.84
2670.21	3083.16
2669.43	3137.38
2668.65	3018.02
2667.88	2856.93
2667.1	2830.83
2666.32	2917.18
2665.54	2823.62
2664.76	2672.28
2663.99	2659.06
2663.21	2703.65
2662.43	2587.7
2661.65	2664.38
2660.87	2413.66
2660.09	2490.35
2659.31	2416.21
2658.53	2290.75
2657.75	2322.51
2656.97	2392.76
2656.19	2293.01
2655.41	2241.39
2654.64	2199.4
2653.86	2096.51
2653.08	2041.74
2652.3	2108.76
2651.51	2031.56
2650.73	2024.87
2649.95	2014.98
2649.17	1966.66
2648.39	1899.13
2647.61	1914.88
2646.83	1824.97
2646.05	1770.3
2645.27	1933.3
2644.49	1728.21
2643.71	1641.57
2642.93	1708.53
2642.14	1689.1
2641.36	1676.08
2640.58	1605.48
2639.8	1621.25
2639.02	1592.25
2638.24	1518.51
2637.45	1566.24
2636.67	1444.58
2635.89	1489.12
2635.11	1511.28
2634.32	1408.84
2633.54	1395.87
2632.76	1398.87
2631.98	1376.32
2631.19	1417.64
2630.41	1439.79
2629.63	1302.34
2628.84	1267.05
2628.06	1292.41
2627.28	1362.42
2626.49	1323.95
2625.71	1330.15
2624.92	1231.1
2624.14	1246.87
2623.36	1304.09
2622.57	1214.65
2621.79	1268.67
2621	1090.01
2620.22	1179.09
2619.43	1108.83
2618.65	1105.49
2617.86	1172.23
2617.08	1137.04
2616.29	1060.45
2615.51	1120.8
2614.72	1066.52
2613.94	1021.81
2613.15	1110.79
2612.37	1027.9
2611.58	1050.03
2610.8	1008.52
2610.01	1046.56
2609.22	1071.86
2608.44	941.322
2607.65	988.888
2606.87	982.393
2606.08	950.469
2605.29	1023.44
2604.51	1061.44
2603.72	969.141
2602.93	994.424
2602.15	895.811
2601.36	994.15
2600.57	987.661
2599.78	1000.23
2599	981.039
2598.21	920.589
2597.42	882.374
2596.63	974.285
2595.85	866.265
2595.06	926.426
2594.27	919.954
2593.48	913.483
2592.69	872.129
2591.9	913.231
2591.12	878.23
2590.33	890.789
2589.54	830.443
2588.75	839.836
2587.96	887.251
2587.17	852.277
2586.38	890.174
2585.59	776.023
2584.8	858.258
2584.01	832.807
2583.23	832.692
2582.44	819.915
2581.65	857.785
2580.86	822.853
2580.07	822.74
2579.28	857.429
2578.49	825.676
2577.69	822.399
2576.9	768.521
2576.11	819.01
2575.32	787.279
2574.53	799.816
2573.74	771.257
2572.95	828.039
2572.16	824.764
2571.37	783.576
2570.58	729.762
2569.79	761.249
2568.99	754.827
2568.2	748.407
2567.41	760.933
2566.62	792.398
2565.83	814.384
2565.03	766.93
2564.24	719.49
2563.45	744.632
2562.66	731.91
2561.86	794.896
2561.07	794.786
2560.28	709.533
2559.49	775.648
2558.69	737.71
2557.9	750.217
2557.11	737.506
2556.31	734.253
2555.52	696.341
2554.73	730.9
2553.93	721.349
2553.14	759.044
2552.35	758.939
2551.55	724.199
2550.76	765.026
2549.96	695.668
2549.17	705.014
2548.37	808.766
2547.58	704.82
2546.79	799.105
2545.99	720.353
2545.2	717.108
2544.4	704.43
2543.61	748.354
2542.81	760.826
2542.01	804.729
2541.22	766.902
2540.42	757.368
2539.63	757.263
2538.83	716.316
2538.04	741.348
2537.24	760.09
2536.44	750.564
2535.65	759.88
2534.85	737.798
2534.06	690.609
2533.26	718.762
2532.46	724.939
2531.67	762.493
2530.87	737.289
2530.07	690.132
2529.28	699.447
2528.48	664.853
2527.68	752.559
2526.88	727.374
2526.09	686.521
2525.29	745.979
2524.49	745.876
2523.69	661.168
2522.89	764.468
2522.1	751.832
2521.3	676.555
2520.5	754.756
2519.7	707.681
2518.9	701.322
2518.1	773.225
2517.31	807.549
2516.51	729.197
2515.71	766.646
2514.91	700.837
2514.11	675.714
2513.31	719.41
2512.51	691.164
2511.71	744.228
2510.91	687.846
2510.11	740.896
2509.31	672.028
2508.51	731.315
2507.71	753.088
2506.91	759.232
2506.11	752.879
2505.31	677.81
2504.51	765.164
2503.71	749.444
2502.91	821.153
2502.11	730.506
2501.31	742.891
2500.51	773.998
2499.71	792.614
2498.91	705.141
2498.1	742.48
2497.3	764.212
2496.5	767.225
2495.7	792.066
2494.9	742.069
2494.1	754.437
2493.29	819.791
2492.49	782.278
2491.69	782.169
2490.89	782.061
2490.08	725.877
2489.28	763.155
2488.48	756.821
2487.68	750.488
2486.87	747.271
2486.07	824.997
2485.27	743.951
2484.46	790.533
2483.66	827.767
2482.86	793.426
2482.05	811.982
2481.25	805.649
2480.45	771.325
2479.64	833.414
2478.84	861.282
2478.03	802.094
2477.23	811.308
2476.42	820.52
2475.62	876.343
2474.82	817.186
2474.01	882.314
2473.21	872.873
2472.4	810.635
2471.6	863.315
2470.79	841.461
2469.99	853.763
2469.18	853.645
2468.38	878.356
2467.57	875.131
2466.76	909.142
2465.96	912.118
2465.15	856.156
2464.35	828.123
2463.54	902.436
2462.73	880.606
2461.93	889.785
2461.12	874.163
2460.31	908.136
2459.51	861.525
2458.7	852.11
2457.89	848.894
2457.09	864.265
2456.28	833.172
2455.47	836.154
2454.66	910.352
2453.86	869.978
2453.05	829.615
2452.24	829.5
2451.43	829.385
2450.63	832.365
2449.82	838.437
2449.01	866.162
2448.2	918.623
2447.39	850.459
2446.58	788.499
2445.78	840.949
2444.97	828.467
2444.16	778.898
2443.35	834.418
2442.54	794.133
2441.73	790.933
2440.92	821.715
2440.11	762.915
2439.3	738.103
2438.49	753.441
2437.68	799.648
2436.87	710.014
2436.06	675.963
2435.25	734.506
2434.44	743.662
2433.63	706.535
2432.82	743.456
2432.01	666.241
2431.2	746.334
2430.39	746.23
2429.58	718.378
2428.77	705.948
2427.96	656.533
2427.15	668.77
2426.34	705.654
2425.52	696.314
2424.71	637.686
2423.9	640.677
2423.09	692.944
2422.28	674.372
2421.47	677.358
2420.65	661.872
2419.84	603.297
2419.03	618.602
2418.22	673.905
2417.4	636.891
2416.59	658.337
2415.78	630.562
2414.97	664.305
2414.15	654.988
2413.34	596.479
2412.53	642.51
2411.71	565.576
2410.9	599.305
2410.09	626.878
2409.27	679.024
2408.46	654.353
2407.64	565.184
2406.83	595.818
2406.02	583.452
2405.2	577.231
2404.39	549.521
2403.57	647.67
2402.76	662.925
2401.94	647.49
2401.13	570.694
2400.31	604.361
2399.5	625.749
2398.68	610.327
2397.87	659.308
2397.05	594.828
2396.24	588.614
2395.42	567.075
2394.61	622.164
2393.79	615.949
2392.98	582.159
2392.16	591.269
2391.34	585.061
2390.53	618.67
2389.71	630.833
2388.89	572.57
2388.08	578.614
2387.26	547.923
2386.44	563.15
2385.63	566.132
2384.81	547.695
2383.99	584.331
2383.18	584.25
2382.36	544.409
2381.54	577.972
2380.72	599.295
2379.91	565.583
2379.09	547.164
2378.27	568.482
2377.45	592.851
2376.63	580.547
2375.81	559.08
2375	555.948
2374.18	589.468
2373.36	549.686
2372.54	564.877
2371.72	564.799
2370.9	586.088
2370.08	586.007
2369.26	592.029
2368.44	533.972
2367.63	567.458
2366.81	622.287
2365.99	631.35
2365.17	619.064
2364.35	557.995
2363.53	530.479
2362.71	573.082
2361.89	606.529
2361.07	594.255
2360.25	527.138
2359.42	545.344
2358.6	548.315
2357.78	581.742
2356.96	587.752
2356.14	569.401
2355.32	544.966
2354.5	544.89
2353.68	581.339
2352.86	566.042
2352.03	520.321
2351.21	532.418
2350.39	574.932
2349.57	583.977
2348.75	532.197
2347.92	592.937
2347.1	538.129
2346.28	574.533
2345.46	522.783
2344.63	531.827
2343.81	571.255
2342.99	540.794
2342.17	555.908
2341.34	589.241
2340.52	577.012
2339.7	522.275
2338.87	555.599
2338.05	543.379
2337.23	634.36
2336.4	476.463
2335.58	543.153
2334.75	543.077
2333.93	546.036
2333.11	627.854
2332.28	621.701
2331.46	703.486
2330.63	685.197
2329.81	666.913
2328.98	554.674
2328.16	590.964
2327.33	584.821
2326.51	596.859
2325.68	575.571
2324.86	520.971
2324.03	560.268
2323.21	514.77
2322.38	499.56
2321.55	550.953
2320.73	553.904
2319.9	556.853
2319.08	550.724
2318.25	541.571
2317.42	556.621
2316.6	553.519
2315.77	565.539
2314.94	520.103
2314.12	583.523
2313.29	553.211
2312.46	510.818
2311.64	540.969
2310.81	586.22
2309.98	595.202
2309.15	573.973
2308.33	555.771
2307.5	564.754
2306.67	567.695
2305.84	582.712
2305.01	594.706
2304.19	552.366
2303.36	648.865
2302.53	497.897
2301.7	561.187
2300.87	600.327
2300.04	594.211
2299.21	512.699
2298.38	578.968
2297.56	515.572
2296.73	575.792
2295.9	524.471
2295.07	560.563
2294.24	545.419
2293.41	545.343
2292.58	566.355
2291.75	599.409
2290.92	536.08
2290.09	529.983
2289.26	575.072
2288.43	535.857
2287.6	541.802
2286.77	556.775
2285.93	562.716
2285.1	586.708
2284.27	529.468
2283.44	532.402
2282.61	496.238
2281.78	535.261
2280.95	475.053
2280.12	532.106
2279.28	544.055
2278.45	574.033
2277.62	585.974
2276.79	537.819
2275.96	537.744
2275.12	573.714
2274.29	564.624
2273.46	540.523
2272.63	579.48
2271.79	588.405
2270.96	558.307
2270.13	537.221
2269.29	570.155
2268.46	522.069
2267.63	557.996
2266.79	578.916
2265.96	560.84
2265.13	542.77
2264.29	563.682
2263.46	530.627
2262.63	560.528
2261.79	536.474
2260.96	497.443
2260.12	578.271
2259.29	572.199
2258.45	557.143
2257.62	479.196
2256.78	580.944
2255.95	598.828
2255.11	529.889
2254.28	502.876
2253.44	496.82
2252.61	526.675
2251.77	514.634
2250.94	595.337
2250.1	547.394
2249.27	571.244
2248.43	556.213
2247.59	532.216
2246.76	517.194
2245.92	490.22
2245.08	543.948
2244.25	570.767
2243.41	564.712
2242.57	573.596
2241.74	540.658
2240.9	522.663
2240.06	597.246
2239.23	507.589
2238.39	510.503
2237.55	489.537
2236.71	567.068
2235.87	572.957
2235.04	560.943
2234.2	587.714
2233.36	563.769
2232.52	575.621
2231.68	527.827
2230.85	578.442
2230.01	512.774
2229.17	542.511
2228.33	557.338
2227.49	560.24
2226.65	530.366
2225.81	569.021
2224.97	533.197
2224.13	530.144
2223.29	550.916
2222.45	529.997
2221.62	535.877
2220.78	517.942
2219.94	559.538
2219.1	526.726
2218.26	538.554
2217.41	574.179
2216.57	556.252
2215.73	538.329
2214.89	553.123
2214.05	499.525
2213.21	544.05
2212.37	600.452
2211.53	523.093
2210.69	555.709
2209.85	519.976
2209	531.787
2208.16	549.536
2207.32	564.31
2206.48	561.261
2205.64	578.999
2204.8	558.136
2203.95	504.627
2203.11	560.949
2202.27	537.13
2201.43	525.186
2200.58	531.047
2199.74	584.367
2198.9	524.967
2198.05	504.135
2197.21	563.367
2196.37	506.959
2195.52	503.924
2194.68	518.673
2193.84	521.564
2192.99	497.788
2192.15	586.596
2191.31	527.271
2190.46	547.93
2189.62	556.737
2188.77	506.323
2187.93	556.582
2187.08	586.106
2186.24	547.548
2185.4	514.919
2184.55	547.395
2183.71	553.236
2182.86	523.578
2182.01	588.573
2181.17	499.774
2180.32	517.445
2179.48	576.501
2178.63	526.169
2177.79	523.14
2176.94	540.798
2176.09	543.677
2175.25	528.83
2174.4	475.585
2173.56	546.403
2172.71	555.186
2171.86	519.677
2171.02	481.224
2170.17	546.099
2169.32	507.653
2168.47	522.338
2167.63	504.561
2166.78	522.192
2165.93	557.517
2165.08	557.439
2164.24	530.82
2163.39	545.489
2162.54	548.361
2161.69	524.703
2160.84	574.735
2160	554.026
2159.15	539.216
2158.3	512.625
2157.45	539.065
2156.6	597.896
2155.75	533.025
2154.9	527.062
2154.05	559.373
2153.21	556.351
2152.36	520.954
2151.51	544.424
2150.66	550.233
2149.81	506.026
2148.96	514.78
2148.11	555.885
2147.26	579.334
2146.41	543.969
2145.56	555.653
2144.71	493.844
2143.86	543.741
2143	552.481
2142.15	534.774
2141.3	558.203
2140.45	537.562
2139.6	563.921
2138.75	490.425
2137.9	487.421
2137.05	581.3
2136.19	484.349
2135.34	522.437
2134.49	504.756
2133.64	528.159
2132.79	548.622
2131.93	574.946
2131.08	551.402
2130.23	527.864
2129.38	483.808
2128.52	574.625
2127.67	474.879
2126.82	562.741
2125.97	512.843
2125.11	586.025
2124.26	536.138
2123.41	562.426
2122.55	576.992
2121.7	503.7
2120.84	524.126
2119.99	532.836
2119.14	526.907
2118.28	538.54
2117.43	544.318
2116.57	488.647
2115.72	520.761
2114.86	555.791
2114.01	558.638
2113.16	611.199
2112.3	546.786
2111.45	523.321
2110.59	529.094
2109.73	569.939
2108.88	566.937
2108.02	528.872
2107.17	540.484
2106.31	555.015
2105.46	554.937
2104.6	551.939
2103.74	581.061
2102.89	545.946
2102.03	537.112
2101.17	554.549
2100.32	563.227
2099.46	536.887
2098.6	595.161
2097.75	533.82
2096.89	542.495
2096.03	562.833
2095.18	519.017
2094.32	551.014
2093.46	556.767
2092.6	495.482
2091.74	568.268
2090.89	541.964
2090.03	538.975
2089.17	541.813
2088.31	515.524
2087.45	544.574
2086.59	509.556
2085.74	538.599
2084.88	532.701
2084.02	555.911
2083.16	564.564
2082.3	538.297
2081.44	555.678
2080.58	474.151
2079.72	587.516
2078.86	514.732
2078	526.29
2077.14	607.62
2076.28	552.305
2075.42	508.631
2074.56	546.338
2073.7	563.696
2072.84	549.091
2071.98	505.441
2071.12	528.606
2070.26	557.572
2069.4	548.783
2068.54	560.319
2067.68	531.213
2066.81	551.455
2065.95	536.868
2065.09	545.498
2064.23	516.41
2063.37	606.262
2062.51	519.166
2061.64	510.393
2060.78	565.413
2059.92	524.746
2059.06	524.673
2058.19	591.261
2057.33	570.893
2056.47	492.58
2055.61	593.91
2054.74	556.169
2053.88	576.366
2053.02	556.014
2052.15	593.577
2051.29	587.704
2050.43	602.095
2049.56	558.597
2048.7	532.474
2047.83	570.014
2046.97	569.934
2046.11	595.889
2045.24	636.297
2044.38	569.695
2043.51	546.484
2042.65	601.337
2041.78	563.675
2040.92	566.486
2040.05	546.178
2039.19	560.548
2038.32	577.804
2037.46	517.062
2036.59	551.648
2035.72	557.347
2034.86	565.931
2033.99	516.773
2033.13	580.205
2032.26	580.124
2031.39	611.786
2030.53	626.128
2029.66	565.455
2028.79	562.492
2027.93	576.834
2027.06	576.753
2026.19	602.622
2025.33	576.591
2024.46	573.628
2023.59	553.373
2022.72	567.704
2021.86	602.2
2020.99	581.949
2020.12	604.912
2019.25	518.423
2018.38	607.622
2017.52	535.554
2016.65	598.815
2015.78	572.825
2014.91	558.354
2014.04	541.009
2013.17	561.075
2012.3	560.996
2011.44	558.041
2010.57	560.839
2009.7	557.885
2008.83	566.432
2007.96	569.228
2007.09	560.524
2006.22	586.313
2005.35	557.494
2004.48	545.922
2003.61	551.592
2002.74	588.856
2001.87	548.565
2001	505.413
2000.13	542.669
1999.26	531.109
1998.38	588.444
1997.51	542.44
1996.64	576.8
1995.77	539.419
1994.9	582.376
1994.03	573.689
1993.16	590.817
1992.28	541.984
1991.41	622.191
1990.54	576.234
1989.67	504.493
1988.8	561.742
1987.92	495.754
1987.05	518.606
1986.18	581.56
1985.31	555.699
1984.43	578.533
1983.56	486.816
1982.69	555.465
1981.81	546.798
1980.94	566.759
1980.07	566.679
1979.19	503.644
1978.32	537.908
1977.44	595.049
1976.57	577.803
1975.7	597.742
1974.82	569.062
1973.95	534.672
1973.07	577.479
1972.2	537.38
1971.32	548.736
1970.45	482.935
1969.57	560.011
1968.7	562.79
1967.82	576.993
1966.95	525.504
1966.07	559.697
1965.2	533.922
1964.32	525.282
1963.45	565.17
1962.57	573.653
1961.69	536.476
1960.82	544.96
1959.94	524.914
1959.07	553.364
1958.19	610.326
1957.31	576.021
1956.43	570.238
1955.56	553.053
1954.68	555.826
1953.8	530.098
1952.93	587.016
1952.05	569.838
1951.17	552.665
1950.29	572.526
1949.42	566.75
1948.54	572.366
1947.66	549.508
1946.78	609.213
1945.9	566.432
1945.02	572.044
1944.15	628.876
1943.27	543.432
1942.39	546.2
1941.51	531.901
1940.63	571.643
1939.75	537.439
1938.87	568.639
1937.99	540.131
1937.11	565.637
1936.23	545.663
1935.35	542.745
1934.47	508.575
1933.59	568.16
1932.71	559.559
1931.83	497
1930.95	539.524
1930.07	579.197
1929.19	539.373
1928.31	519.428
1927.43	550.573
1926.55	567.522
1925.67	550.419
1924.79	536.157
1923.91	550.264
1923.02	592.727
1922.14	550.109
1921.26	578.384
1920.38	524.441
1919.5	558.381
1918.61	566.804
1917.73	495.884
1916.85	575.145
1915.97	549.568
1915.08	586.313
1914.2	549.414
1913.32	540.842
1912.44	560.584
1911.55	568.998
1910.67	517.97
1909.79	532.048
1908.9	574.417
1908.02	512.093
1907.14	568.598
1906.25	579.832
1905.37	520.361
1904.48	554.22
1903.6	548.488
1902.71	593.64
1901.83	517.242
1900.95	508.691
1900.06	570.785
1899.18	548.102
1898.29	598.873
1897.41	567.719
1896.52	542.223
1895.64	607.091
1894.75	553.363
1893.86	561.754
1892.98	564.498
1892.09	606.75
1891.21	586.913
1890.32	589.651
1889.43	550.076
1888.55	547.178
1887.66	595.043
1886.77	530.106
1885.89	572.321
1885	566.602
1884.11	577.797
1883.23	541.08
1882.34	574.816
1881.45	563.466
1880.57	518.316
1879.68	526.693
1878.79	566.045
1877.9	551.886
1877.01	574.331
1876.13	568.621
1875.24	591.057
1874.35	576.903
1873.46	562.753
1872.57	554.234
1871.68	520.4
1870.79	545.64
1869.91	545.563
1869.02	534.239
1868.13	565.089
1867.24	531.278
1866.35	564.93
1865.46	553.61
1864.57	578.82
1863.68	564.692
1862.79	539.331
1861.9	550.49
1861.01	581.303
1860.12	603.683
1859.23	578.332
1858.34	569.829
1857.45	550.102
1856.56	516.35
1855.66	530.306
1854.77	577.925
1853.88	577.843
1852.99	572.152
1852.1	600.115
1851.21	557.972
1850.32	569.107
1849.42	538.193
1848.53	568.947
1847.64	557.658
1846.75	560.381
1845.86	591.119
1844.96	526.61
1844.07	582.55
1843.18	565.666
1842.28	593.586
1841.39	590.702
1840.5	562.628
1839.61	587.737
1838.71	573.663
1837.82	556.794
1836.92	509.157
1836.03	565.029
1835.14	525.794
1834.24	559.277
1833.35	603.934
1832.45	573.097
1831.56	539.474
1830.67	500.271
1829.77	581.238
1828.88	572.774
1827.98	569.9
1827.09	516.748
1826.19	536.225
1825.3	578.036
1824.4	600.291
1823.51	561.123
1822.61	580.583
1821.71	549.802
1820.82	549.724
1819.92	560.807
1819.03	563.518
1818.13	574.595
1817.23	568.937
1816.34	552.125
1815.44	560.412
1814.54	590.998
1813.65	549.104
1812.75	638.209
1811.85	554.523
1810.95	621.312
1810.06	557.152
1809.16	543.147
1808.26	579.275
1807.36	584.762
1806.47	593.032
1805.57	604.084
1804.67	587.298
1803.77	598.347
1802.87	592.698
1801.97	562.01
1801.08	600.876
1800.18	589.666
1799.28	561.772
1798.38	578.377
1797.48	589.416
1796.58	539.295
1795.68	572.573
1794.78	536.364
1793.88	569.633
1792.98	616.783
1792.08	580.584
1791.18	569.392
1790.28	591.528
1789.38	569.231
1788.48	616.348
1787.58	652.349
1786.68	593.97
1785.78	577.235
1784.88	604.902
1783.98	560.426
1783.08	582.539
1782.17	599.098
1781.27	615.653
1780.37	601.702
1779.47	582.21
1778.57	546.091
1777.67	629.164
1776.76	581.964
1775.86	573.569
1774.96	592.881
1774.06	581.717
1773.15	589.944
1772.25	587.091
1771.35	634.08
1770.44	595.231
1769.54	644.973
1768.64	600.599
1767.74	639.257
1766.83	594.895
1765.93	553.313
1765.02	661.115
1764.12	580.814
1763.22	622.213
1762.31	577.885
1761.41	622.037
1760.5	646.828
1759.6	624.626
1758.69	594.139
1757.79	574.714
1756.88	596.734
1755.98	604.937
1755.07	615.899
1754.17	640.665
1753.26	654.38
1752.36	643.245
1751.45	610.03
1750.55	665.143
1749.64	648.491
1748.73	642.882
1747.83	670.378
1746.92	686.834
1746.02	659.157
1745.11	623.215
1744.2	623.127
1743.3	667.148
1742.39	622.951
1741.48	642.155
1740.57	661.354
1739.67	619.932
1738.76	608.825
1737.85	633.529
1736.94	638.947
1736.04	663.64
1735.13	625
1734.22	649.688
1733.31	635.834
1732.4	688.034
1731.49	646.661
1730.59	652.072
1729.68	640.976
1728.77	624.382
1727.86	618.793
1726.95	640.704
1726.04	637.864
1725.13	701.002
1724.22	654.176
1723.31	698.055
1722.4	632.008
1721.49	689.616
1720.58	673.036
1719.67	670.194
1718.76	612.426
1717.85	691.971
1716.94	628.726
1716.03	639.618
1715.12	661.486
1714.21	694.324
1713.3	727.154
1712.39	655.718
1711.47	721.462
1710.56	693.932
1709.65	699.318
1708.74	682.767
1707.83	762.178
1706.92	718.21
1706	690.7
1705.09	712.526
1704.18	687.765
1703.27	643.832
1702.35	742.356
1701.44	698.428
1700.53	720.238
1699.62	665.373
1698.7	676.23
1697.79	758.256
1696.88	697.934
1695.96	659.523
1695.05	755.197
1694.13	708.581
1693.22	719.423
1692.31	656.415
1691.39	702.811
1690.48	667.166
1689.56	699.878
1688.65	653.31
1687.73	732.478
1686.82	710.512
1685.9	724.073
1684.99	737.631
1684.07	715.674
1683.16	762.003
1682.24	759.164
1681.33	682.605
1680.41	778.059
1679.5	783.408
1678.58	742.358
1677.66	750.44
1676.75	758.519
1675.83	807.517
1674.92	755.577
1674	788.197
1673.08	763.543
1672.16	790.701
1671.25	826.029
1670.33	820.46
1669.41	806.717
1668.5	839.303
1667.58	825.561
1666.66	798.202
1665.74	814.432
1664.82	800.699
1663.91	835.986
1662.99	860.371
1662.07	903.806
1661.15	800.245
1660.23	971.589
1659.31	895.259
1658.4	906.015
1657.48	914.048
1656.56	886.718
1655.64	900.191
1654.72	900.063
1653.8	981.501
1652.88	992.236
1651.96	1016.56
1651.04	1002.83
1650.12	1067.9
1649.2	1010.69
1648.28	1067.6
1647.36	1181.52
1646.44	1181.35
1645.52	1135.03
1644.6	1205.45
1643.68	1208
1642.75	1234.97
1641.83	1329.78
1640.91	1313.31
1639.99	1484.05
1639.07	1505.54
1638.15	1554.14
1637.23	1659.69
1636.3	1767.91
1635.38	1892.38
1634.46	2057.46
1633.54	2238.77
1632.61	2387.5
1631.69	2465.74
1630.77	2679.42
1629.85	2968.88
1628.92	3263.68
1628	3536.73
1627.08	3728.48
1626.15	4128.63
1625.23	4092.85
1624.31	4265.49
1623.38	4229.71
1622.46	4415.8
1621.53	4469.29
1620.61	4298.24
1619.69	4289.51
1618.76	4161.81
1617.84	4190.96
1616.91	4122.78
1615.99	4105.97
1615.06	4051.34
1614.14	4161.56
1613.21	3963.73
1612.29	4173.88
1611.36	3995.01
1610.43	4097.08
1609.51	4290.92
1608.58	4185.01
1607.66	4116.93
1606.73	4507.74
1605.8	4388.35
1604.88	4689.95
1603.95	4783.72
1603.02	4893.65
1602.1	5054.79
1601.17	5410.07
1600.24	5603.46
1599.32	5697.03
1598.39	6167.98
1597.46	6226.41
1596.53	6519.28
1595.61	6839.02
1594.68	7032.03
1593.75	7526.71
1592.82	7794.99
1591.89	8108.98
1590.97	8377.1
1590.04	8804
1589.11	8985.8
1588.18	9409.79
1587.25	9755.62
1586.32	9829.58
1585.39	10099.9
1584.46	10060.8
1583.53	10129.3
1582.6	9974.6
1581.67	9715.04
1580.74	9490.52
1579.81	9010.68
1578.88	8649.24
1577.95	8242.21
1577.02	7714.39
1576.09	7210.89
1575.16	6653.82
1574.23	6395.03
1573.3	6085.29
1572.37	5531.3
1571.44	5186.87
1570.51	4923.07
1569.58	4541.25
1568.64	4178.32
1567.71	3965.75
1566.78	3782.76
1565.85	3672.24
1564.92	3411.56
1563.98	3215.31
1563.05	3059.34
1562.12	2860.52
1561.19	2790.42
1560.25	2658.7
1559.32	2610.08
1558.39	2435.55
1557.45	2298.58
1556.52	2386.65
1555.59	2265.79
1554.65	2102.12
1553.72	2099.14
1552.79	2085.45
1551.85	2002.18
1550.92	1937.66
1549.98	1862.46
1549.05	1832.77
1548.12	1754.92
1547.18	1760.02
1546.25	1671.52
1545.31	1714.06
1544.38	1689.76
1543.44	1716.25
1542.51	1566.32
1541.57	1528.69
1540.63	1536.48
1539.7	1560.31
1538.76	1562.76
1537.83	1479.74
1536.89	1532.94
1535.95	1484.66
1535.02	1455.08
1534.08	1468.22
1533.14	1411.96
1532.21	1361.05
1531.27	1446.24
1530.33	1360.66
1529.4	1352.47
1528.46	1312.27
1527.52	1293.41
1526.58	1349.22
1525.65	1303.71
1524.71	1268.87
1523.77	1340.65
1522.83	1295.16
1521.89	1247.01
1520.96	1334.75
1520.02	1243.99
1519.08	1297.08
1518.14	1254.29
1517.2	1264.76
1516.26	1235.3
1515.32	1240.44
1514.38	1256.24
1513.44	1210.82
1512.5	1231.93
1511.57	1239.74
1510.63	1204.98
1509.69	1186.19
1508.75	1207.3
1507.81	1148.63
1506.86	1273.42
1505.92	1198.81
1504.98	1126.88
1504.04	1171.89
1503.1	1187.67
1502.16	1198.13
1501.22	1213.89
1500.28	1136.7
1499.34	1179.03
1498.4	1186.82
1497.45	1181.34
1496.51	1104.2
1495.57	1204.89
1494.63	1111.85
1493.69	1183.32
1492.74	1138.06
1491.8	1068.93
1490.86	1211.99
1489.91	1150.83
1488.97	1087.03
1488.03	1142.55
1487.09	1176.84
1486.14	1176.68
1485.2	1150.01
1484.26	1131.3
1483.31	1136.44
1482.37	1178.65
1481.42	1144.06
1480.48	1173.02
1479.54	1170.21
1478.59	1119.74
1477.65	1172.52
1476.7	1127.36
1475.76	1111.33
1474.81	1092.65
1473.87	1060.75
1472.92	1110.85
1471.98	1145.07
1471.03	1129.04
1470.09	1192.33
1469.14	1197.45
1468.19	1136.49
1467.25	1162.76
1466.3	1157.3
1465.35	1149.21
1464.41	1175.47
1463.46	1119.83
1462.52	1082.7
1461.57	1164.4
1460.62	1145.76
1459.67	1166.71
1458.73	1206.13
1457.78	1182.21
1456.83	1211.06
1455.88	1150.21
1454.94	1202.8
1453.99	1099.78
1453.04	1131.26
1452.09	1265.57
1451.14	1141.49
1450.2	1141.32
1449.25	1214.95
1448.3	1204.24
1447.35	1219.88
1446.4	1209.16
1445.45	1240.6
1444.5	1240.42
1443.55	1240.25
1442.6	1224.27
1441.65	1189.87
1440.7	1260.77
1439.75	1181.64
1438.8	1215.68
1437.85	1244.45
1436.9	1204.81
1435.95	1275.65
1435	1180.8
1434.05	1243.74
1433.1	1277.74
1432.15	1282.81
1431.2	1251.09
1430.25	1311.35
1429.3	1313.79
1428.34	1282.08
1427.39	1344.94
1426.44	1326.36
1425.49	1352.43
1424.54	1283.97
1423.58	1344.17
1422.63	1367.6
1421.68	1375.28
1420.73	1417.07
1419.77	1364.39
1418.82	1395.68
1417.87	1316.79
1416.91	1489.7
1415.96	1547.18
1415.01	1473.54
1414.05	1413.04
1413.1	1517.68
1412.15	1538.43
1411.19	1538.21
1410.24	1564.19
1409.28	1550.87
1408.33	1592.56
1407.37	1623.76
1406.42	1660.19
1405.46	1709.7
1404.51	1709.45
1403.55	1751.09
1402.6	1766.54
1401.64	1810.77
1400.69	1889
1399.73	1891.35
1398.78	1964.32
1397.82	1948.34
1396.87	2050.04
1395.91	2075.9
1394.95	2039
1394	2187.69
1393.04	2252.71
1392.08	2247.17
1391.13	2356.58
1390.17	2301.38
1389.21	2449.93
1388.25	2593.21
1387.3	2548.45
1386.34	2626.41
1385.38	2811.37
1384.42	2975.4
1383.47	3024.55
1382.51	3159.8
1381.55	3339.36
1380.59	3516.26
1379.63	3547.06
1378.67	3817.76
1377.71	3952.8
1376.76	4340.68
1375.8	4509.49
1374.84	4644.37
1373.88	4690.61
1372.92	5083.37
1371.96	5322.32
1371	5582.03
1370.04	5987.52
1369.08	6127.28
1368.12	6561.22
1367.16	6765.94
1366.2	7176.23
1365.24	7487.51
1364.28	7801.3
1363.32	7997.92
1362.36	8290.74
1361.39	8346.77
1360.43	8881.32
1359.47	9184.28
1358.51	9307.77
1357.55	9413.02
1356.59	9845.73
1355.62	10000.3
1354.66	10310.6
1353.7	10623.5
1352.74	10783.1
1351.78	10669.8
1350.81	10587.8
1349.85	10690.2
1348.89	10753.5
1347.92	10775.3
1346.96	10869.8
1346	10551.7
1345.03	10659.1
1344.07	10081.7
1343.11	9971.28
1342.14	9938.73
1341.18	9488.68
1340.21	9266.92
1339.25	8910.42
1338.29	8774.36
1337.32	8288.44
1336.36	8090.31
1335.39	7861.14
1334.43	7512.87
1333.46	7099.94
1332.5	6865.83
1331.53	6639.56
1330.56	6415.94
1329.6	6119.9
1328.63	6041.37
1327.67	5688.53
1326.7	5320.26
1325.73	5241.88
1324.77	4910
1323.8	4712.72
1322.84	4593.08
1321.87	4375.21
1320.9	4250.48
1319.93	4141.3
1318.97	3908.08
1318	3951.46
1317.03	3679.57
1316.06	3464.61
1315.1	3353.03
1314.13	3324.14
1313.16	3230.7
1312.19	3098.54
1311.22	3123.92
1310.26	2909.21
1309.29	2836.53
1308.32	2812.9
1307.35	2639.62
1306.38	2595.38
1305.41	2600.17
1304.44	2509.52
1303.47	2387.96
1302.5	2330.89
1301.53	2260.95
1300.56	2193.61
1299.59	2190.71
1298.62	2200.71
1297.65	2105.06
1296.68	1968.22
1295.71	2058.09
1294.74	2003.71
1293.77	1957.07
1292.8	1907.87
1291.83	1850.96
1290.86	1809.51
1289.89	1816.97
1288.91	1731.8
1287.94	1703.25
1286.97	1718.44
1286	1581.87
1285.03	1625.36
1284.05	1571.13
1283.08	1586.33
1282.11	1601.52
1281.14	1567.88
1280.16	1434.02
1279.19	1510.9
1278.22	1438.75
1277.24	1505.33
1276.27	1381.83
1275.3	1543.42
1274.32	1386.57
1273.35	1373.53
1272.38	1360.5
1271.4	1445
1270.43	1337.01
1269.45	1388.14
1268.48	1349.45
1267.5	1244.09
1266.53	1279.82
1265.56	1256.56
1264.58	1279.45
1263.61	1243.38
1262.63	1250.89
1261.65	1271.21
1260.68	1247.97
1259.7	1193.98
1258.73	1242.48
1257.75	1160.34
1256.78	1183.22
1255.8	1226.58
1254.82	1049.74
1253.85	1162.23
1252.87	1118.55
1251.89	1123.51
1250.92	1138.7
1249.94	1166.68
1248.96	1110.23
1247.98	1056.36
1247.01	1145.72
1246.03	1089.3
1245.05	997.103
1244.07	1017.41
1243.09	1070.94
1242.12	1086.12
1241.14	1075.74
1240.16	1065.37
1239.18	986.026
1238.2	1031.86
1237.22	1006.17
1236.24	1029.01
1235.26	1067.16
1234.28	1087.42
1233.31	921.369
1232.33	1010.55
1231.35	964.481
1230.37	931.177
1229.39	956.551
1228.41	918.157
1227.43	877.224
1226.44	976.536
1225.46	958.55
1224.48	971.157
1223.5	1016.89
1222.52	981.071
1221.54	904.494
1220.56	899.269
1219.58	942.441
1218.6	896.463
1217.61	944.716
1216.63	901.298
1215.65	868.074
1214.67	906.129
1213.69	941.628
1212.7	900.779
1211.72	880.296
1210.74	971.748
1209.75	918.195
1208.77	867.201
1207.79	854.362
1206.81	884.748
1205.82	882.078
1204.84	879.41
1203.85	830.999
1202.87	876.616
1201.89	782.489
1200.9	797.618
1199.92	835.6
1198.93	876.111
1197.95	809.969
1196.96	858.088
1195.98	880.81
1194.99	867.993
1194.01	870.406
1193.02	837.296
1192.04	887.914
1191.05	816.763
1190.07	869.905
1189.08	819.064
1188.09	831.623
1187.11	851.784
1186.12	770.55
1185.14	780.577
1184.15	851.416
1183.16	762.617
1182.18	843.571
1181.19	845.982
1180.2	810.405
1179.21	815.353
1178.23	792.449
1177.24	903.718
1176.25	845.373
1175.26	825.006
1174.28	840.069
1173.29	832.358
1172.3	855.005
1171.31	801.768
1170.32	806.71
1169.33	839.464
1168.34	788.78
1167.36	841.75
1166.37	813.827
1165.38	833.926
1164.39	821.173
1163.4	856.423
1162.41	838.618
1161.42	886.483
1160.43	853.528
1159.44	830.681
1158.45	802.792
1157.46	875.876
1156.47	800.036
1155.48	772.164
1154.49	860.359
1153.49	782.032
1152.5	834.888
1151.51	804.504
1150.52	801.866
1149.53	832.006
1148.54	816.76
1147.55	746.069
1146.55	814.005
1145.56	834.046
1144.57	833.925
1143.58	831.286
1142.58	805.979
1141.59	780.68
1140.6	775.531
1139.61	858.5
1138.61	835.721
1137.62	868.32
1136.63	812.832
1135.63	852.973
1134.64	777.376
1133.64	807.449
1132.65	845.059
1131.66	814.76
1130.66	867.444
1129.67	796.928
1128.67	844.571
1127.68	834.396
1126.68	781.505
1125.69	851.743
1124.69	874.23
1123.7	886.662
1122.7	841.329
1121.71	861.296
1120.71	856.15
1119.71	785.737
1118.72	820.763
1117.72	798.058
1116.73	818.017
1115.73	855.533
1114.73	787.679
1113.74	835.22
1112.74	890.272
1111.74	797.368
1110.75	829.844
1109.75	852.285
1108.75	812.06
1107.75	816.955
1106.76	866.95
1105.76	861.814
1104.76	786.542
1103.76	801.456
1102.76	851.424
1101.76	806.232
1100.77	848.675
1099.77	858.565
1098.77	833.413
1097.77	823.283
1096.77	758.112
1095.77	803.032
1094.77	795.412
1093.77	757.784
1092.77	827.69
1091.77	797.568
1090.77	762.455
1089.77	837.329
1088.77	837.209
1087.77	797.107
1086.77	764.513
1085.77	771.896
1084.77	781.776
1083.77	751.695
1082.77	759.077
1081.76	766.457
1080.76	776.331
1079.76	726.302
1078.76	771.116
1077.76	763.519
1076.76	720.997
1075.75	740.848
1074.75	805.587
1073.75	700.735
1072.75	740.527
1071.74	730.448
1070.74	770.225
1069.74	707.807
1068.73	735.115
1067.73	725.043
1066.73	722.447
1065.72	737.287
1064.72	754.614
1063.72	732.094
1062.71	761.865
1061.71	726.903
1060.7	739.243
1059.7	744.114
1058.69	704.193
1057.69	746.387
1056.68	751.254
1055.68	703.888
1054.67	703.786
1053.67	773.307
1052.66	783.139
1051.66	686.08
1050.65	688.466
1049.64	670.971
1048.64	750.385
1047.63	735.37
1046.63	732.78
1045.62	752.543
1044.61	772.3
1043.61	762.257
1042.6	814.28
1041.59	811.68
1040.58	838.863
1039.58	880.927
1038.57	905.611
1037.56	937.73
1036.55	952.476
1035.55	927.538
1034.54	1036.51
1033.53	1016.53
1032.52	1120.49
1031.51	1130.25
1030.5	1167.26
1029.49	1122.49
1028.48	1236.29
1027.48	1216.29
1026.47	1278.04
1025.46	1324.91
1024.45	1307.38
1023.44	1317.1
1022.43	1351.56
1021.42	1477.59
1020.41	1425.41
1019.4	1420.25
1018.39	1551.17
1017.38	1568.26
1016.36	1607.6
1015.35	1619.73
1014.34	1631.86
1013.33	1713.21
1012.32	1757.45
1011.31	1769.55
1010.3	1739.64
1009.28	1857.99
1008.27	1842.9
1007.26	1934.02
1006.25	2015.24
1005.24	2029.76
1004.22	2017.12
1003.21	2142.73
1002.2	2127.61
1001.18	2263.03
1000.17	2277.51
999.158	2346.26
998.145	2449.52
997.131	2619.35
996.117	2707.75
995.103	2838.04
994.089	3096.49
993.075	3330.22
992.061	3588.53
991.046	3839.36
990.032	4134.48
989.017	4427.04
988.002	4662.87
986.987	4970.05
985.972	5163.87
984.956	5224.68
983.941	5342.08
982.925	5476.69
981.909	5463.59
980.893	5526.77
979.877	5471.85
978.861	5500.57
977.845	5566.18
976.828	5425.2
975.811	5586.7
974.795	5541.64
973.778	5646.53
972.76	5530.2
971.743	5490.07
970.726	5432.76
969.708	5463.91
968.69	5394.34
967.672	5479.52
966.654	5402.6
965.636	5372.35
964.618	5513.96
963.599	5351.15
962.581	5512.36
961.562	5337.33
960.543	5439.61
959.524	5296.53
958.505	5388.97
957.486	5199.34
956.466	5225.56
955.446	5205.19
954.427	5287.78
953.407	5237.99
952.387	5362.22
951.366	5199.72
950.346	5238.16
949.325	5217.8
948.305	5273.38
947.284	5382.82
946.263	5281.64
945.242	5334.74
944.22	5316.83
943.199	5455.57
942.177	5660.34
941.156	5461.32
940.134	5482.55
939.112	5075.7
938.09	4881.74
937.067	4484.88
936.045	4161.48
935.022	3803.95
933.999	3495.41
932.976	3394.7
931.953	3105.86
930.93	2765.79
929.907	2506.44
928.883	2303.34
927.86	2176.01
926.836	1882.67
925.812	1687.08
924.788	1628.25
923.763	1503.53
922.739	1464.26
921.715	1427.45
920.69	1437
919.665	1285.55
918.64	1351.22
917.615	1309.56
916.59	1304.5
915.564	1226.29
914.538	1257.8
913.513	1238.12
912.487	1242.82
911.461	1237.76
910.435	1198.6
909.408	1252.02
908.382	1144.67
907.355	1134.77
906.328	1207.65
905.301	1151.48
904.274	1192.69
903.247	1192.52
902.22	1197.21
901.192	1194.6
900.164	1226.05
899.137	1152.91
898.109	1169.76
897.08	1135.55
896.052	1191.3
895.024	1176.54
893.995	1181.23
892.966	1168.91
891.938	1171.17
890.908	1134.56
889.879	1127.11
888.85	1146.37
887.82	1221.49
886.791	1133.9
885.761	1136.16
884.731	1148.13
883.701	1177.09
882.671	1060.44
881.64	1077.27
880.61	1123.2
879.579	1072.1
878.548	1076.8
877.517	1151.81
876.486	1178.31
875.455	1124.81
874.424	1102.83
873.392	1131.75
872.36	1117.05
871.328	1138.69
870.296	1131.26
869.264	1133.52
868.232	1143.04
867.199	1121.08
866.167	1140.29
865.134	1101.39
864.101	1101.23
863.068	1122.85
862.035	1115.43
861.001	1100.75
859.968	1073.98
858.934	1148.8
857.9	1117.19
856.866	1107.36
855.832	1116.87
854.798	1107.04
853.763	1099.63
852.729	1094.63
851.694	1140.38
850.659	1169.2
849.624	1065.17
848.589	1079.5
847.553	1139.71
846.518	1132.3
845.482	1100.76
844.447	1127.15
843.411	1066.65
842.374	1163.01
841.338	1117
840.302	1087.9
839.265	1099.8
838.229	1070.7
837.192	1138.05
836.155	1137.89
835.118	1116.03
834.08	1125.51
833.043	1147.03
832.005	1187.82
830.967	1175.6
829.929	1187.47
828.891	1146.36
827.853	1167.86
826.815	1196.59
825.776	1220.48
824.738	1210.68
823.699	1186.44
822.66	1174.23
821.621	1226.99
820.581	1159.46
819.542	1204.99
818.502	1214.43
817.463	1139.71
816.423	1153.97
815.383	1185.05
814.343	1127.2
813.302	1141.45
812.262	1165.31
811.221	1162.74
810.18	1138.55
809.139	1126.38
808.098	1097.4
807.057	1135.65
806.016	1176.29
804.974	1120.92
803.932	1089.56
802.89	1077.4
801.848	1118.03
800.806	1137.05
799.764	1055.34
798.721	1076.77
797.679	1035.85
796.636	1117.21
795.593	987.605
794.55	994.651
793.507	999.299
792.463	1008.74
791.42	1015.78
790.376	994.07
789.332	989.135
788.288	1027.31
787.244	1031.94
786.2	1005.46
785.155	950.26
784.111	1041.06
783.066	923.66
782.021	885.244
780.976	949.705
779.931	959.133
778.886	944.644
777.84	942.115
776.794	927.633
775.749	894.031
774.703	901.07
773.656	905.718
772.61	896.028
771.564	924.566
770.517	919.653
769.47	888.47
768.423	940.877
767.376	904.924
766.329	885.694
765.282	899.886
764.234	928.394
763.187	866.215
762.139	873.246
761.091	896.974
760.043	834.827
758.995	813.241
757.946	860.813
756.898	822.54
755.849	843.875
754.8	829.45
753.751	831.712
752.702	791.083
751.652	831.469
750.603	833.729
749.553	800.263
748.503	819.197
747.453	821.458
746.403	821.338
745.353	766.47
744.303	804.438
743.252	761.487
742.201	792.306
741.15	766.022
740.099	813.482
739.048	808.606
737.997	872.691
736.945	841.656
735.894	801.12
734.842	841.409
733.79	812.768
732.738	734.236
731.685	765.014
730.633	762.526
729.58	790.916
728.528	793.175
727.475	764.566
726.422	757.332
725.369	769.09
724.315	818.818
723.262	818.698
722.208	801.97
721.154	830.32
720.1	768.527
719.046	742.326
717.992	813.357
716.938	825.092
715.883	742
714.828	834.332
713.773	748.893
712.718	800.913
711.663	824.488
710.608	784.097
709.552	812.404
708.497	812.285
707.441	809.798
706.385	821.517
705.329	875.841
704.272	837.844
703.216	804.591
702.159	877.822
701.103	863.499
700.046	844.449
698.989	849.056
697.931	874.943
696.874	922.102
695.817	862.867
694.759	891.104
693.701	961.873
692.643	961.732
691.585	954.504
690.527	977.987
689.468	968.395
688.41	984.785
687.351	998.808
686.292	1012.83
685.233	1019.76
684.174	1071.54
683.114	1052.5
682.055	1118.41
680.995	1059.27
679.935	1096.85
678.875	1035.37
677.815	1122.47
676.755	1127.02
675.694	1171.65
674.634	1136.12
673.573	1157.16
672.512	1189.98
671.451	1140.33
670.389	1175.5
669.328	1147.06
668.266	1234.03
667.205	1245.62
666.143	1160.69
665.081	1158.16
664.019	1141.52
662.956	1056.63
661.894	1103.53
660.831	1148.07
659.768	1166.72
658.705	1138.33
657.642	1131.11
656.579	1105.08
655.516	1072
654.452	1083.6
653.388	982.379
652.324	1055.08
651.26	986.79
650.196	1054.77
649.132	1075.76
648.067	1061.51
647.003	1044.91
645.938	1044.76
644.873	1032.87
643.808	1018.64
642.742	1023.18
641.677	1034.76
640.611	999.419
639.545	1043.84
638.479	1027.27
637.413	1017.74
636.347	1024.62
635.281	1022.13
634.214	1007.91
633.147	1010.11
632.081	979.499
631.014	998.098
629.946	1009.66
628.879	1096.18
627.812	1093.68
626.744	1222.3
625.676	1172.96
624.608	1109.58
623.54	1242.83
622.472	1160.74
621.403	1205.03
620.335	1216.55
619.266	1265.49
618.197	1272.32
617.128	1225.36
616.059	1197.13
614.989	1140.84
613.92	1173.4
612.85	1121.81
611.78	1081.92
610.71	1039.71
609.64	1093.28
608.57	1055.75
607.499	1025.24
606.429	955.034
605.358	1001.59
604.287	996.772
603.216	994.292
602.144	956.807
601.073	975.332
600.001	930.862
598.93	944.721
597.858	890.939
596.786	909.464
595.713	918.657
594.641	853.246
593.569	857.782
592.496	829.689
591.423	773.641
590.35	859.734
589.277	885.232
588.204	845.505
587.13	866.341
586.056	842.928
584.983	891.696
583.909	854.319
582.835	851.866
581.76	870.358
580.686	884.191
579.611	818.919
578.536	849.039
577.462	839.61
576.387	876.694
575.311	939.343
574.236	843.889
573.16	841.441
572.085	880.826
571.009	941.114
569.933	892.184
568.857	919.929
567.78	922.116
566.704	949.849
565.627	945.065
564.55	996.003
563.473	970.322
562.396	986.426
561.319	1004.85
560.242	986.135
559.164	1041.67
558.086	1036.88
557.008	1110.94
555.93	1115.42
554.852	1092.07
553.774	1149.86
552.695	1172.87
551.616	1214.41
550.538	1281.44
549.458	1276.61
548.379	1369.09
547.3	1345.72
546.22	1475.21
545.141	1500.47
544.061	1632.21
542.981	1703.73
541.901	1710.43
540.821	1881.42
539.74	2001.46
538.659	2075.2
537.579	2202.12
536.498	2409.95
535.417	2647.78
534.335	2855.48
533.254	3107.04
532.172	3543.44
531.091	4099.9
530.009	4794.83
528.927	5789.92
527.845	6978.76
526.762	9121.17
525.68	12387.6
524.597	18444.8
523.514	29644
522.431	53168.9
521.348	95238.9
520.265	132646
519.181	122740
518.097	81320.1
517.014	45319.3
515.93	26462.9
514.846	17036.7
513.761	11715
512.677	8988.43
511.592	6921.84
510.507	5595.66
509.422	4583.24
508.337	3852.21
507.252	3517.62
506.167	2932.07
505.081	2671.41
503.995	2459.17
502.91	2157.21
501.823	2057.91
500.737	1926.42
499.651	1900.82
498.564	1734.88
497.478	1663.3
496.391	1633.15
495.304	1591.52
494.217	1529.19
493.129	1482.98
492.042	1326.44
490.954	1487.14
489.866	1404.19
488.778	1367.22
487.69	1272.82
486.602	1307.09
485.513	1256.36
484.425	1233.21
483.336	1136.59
482.247	1239.74
481.158	1168.39
480.069	1204.94
478.979	1126.74
477.89	1105.92
476.8	1057.59
475.71	1045.96
474.62	1013.7
473.53	1036.48
472.439	1022.57
471.349	988.032
470.258	1017.68
469.167	980.864
468.076	1010.51
466.985	992.03
465.894	955.232
464.802	968.833
463.71	916.018
462.619	906.724
461.527	927.195
460.434	897.3
459.342	897.167
458.25	906.188
457.157	883.174
456.064	953.962
454.971	1008.72
453.878	1063.46
452.785	1115.89
451.691	1111.15
450.598	1113.28
449.504	1234.25
448.41	1206.64
447.316	1204.18
446.222	1265.69
445.127	1272.35
444.033	1288.15
442.938	1315.37
441.843	1344.85
440.748	1394.88
439.653	1442.61
438.557	1396.75
437.462	1485.54
436.366	1535.51
435.27	1574.07
434.174	1621.73
433.078	1667.11
431.981	1607.57
430.885	1573.14
429.788	1588.86
428.691	1549.88
427.594	1547.37
426.497	1588.15
425.4	1567.42
424.302	1580.85
423.205	1519.12
422.107	1509.79
421.009	1479.97
419.911	1472.92
418.812	1509.12
417.714	1483.86
416.615	1542.8
415.516	1526.65
414.417	1503.68
413.318	1548.94
412.219	1532.79
411.119	1400.68
410.02	1530.07
408.92	1457.1
407.82	1527.34
406.72	1504.39
405.62	1542.79
404.519	1474.41
403.419	1485.55
402.318	1630.68
401.217	1419.26
400.116	1537.11
399.015	1541.42
397.913	1595.67
396.812	1472.88
395.71	1508.97
394.608	1535.97
393.506	1553.89
392.404	1540.05
391.301	1521.68
390.199	1564.54
389.096	1496.29
387.993	1543.67
386.89	1550.24
385.787	1572.68
384.683	1490.87
383.58	1588.07
382.476	1605.95
381.372	1578.54
380.268	1573.77
379.164	1627.88
378.06	1611.79
376.955	1604.76
375.85	1602.26
374.746	1563.56
373.641	1644.77
372.535	1658.1
371.43	1599.05
370.325	1619.16
369.219	1716.15
368.113	1720.42
367.007	1629.75
365.901	1697.31
364.795	1708.35
363.688	1791.7
362.581	1687.51
361.475	1757.28
360.368	1723.15
359.26	1700.31
358.153	1693.29
357.046	1674.98
355.938	1674.73
354.83	1767
353.722	1769
352.614	1761.97
351.506	1797.8
350.397	1727.61
349.289	1889.72
348.18	1783.47
347.071	1756.15
345.962	1767.16
344.853	1830
343.743	1820.72
342.633	1797.92
341.524	1930.56
340.414	1986.58
339.304	1929.98
338.193	1853.14
337.083	1936.17
335.972	1942.63
334.861	1915.33
333.751	1935.3
332.639	2027.27
331.528	2033.71
330.417	1972.68
329.305	1988.13
328.193	2073.28
327.081	2090.96
325.969	2122.12
324.857	2083.6
323.745	2108.01
322.632	2188.59
321.519	2233.2
320.406	2235.11
319.293	2275.21
318.18	2301.82
317.067	2301.48
315.953	2357.26
314.839	2489.34
313.725	2421.64
312.611	2324.79
311.497	2593.69
310.383	2638.17
309.268	2716.28
308.153	2742.79
307.038	2935.22
305.923	2984.11
304.808	3324.4
303.693	3357.53
302.577	3289.8
301.461	3327.4
300.346	3468.05
299.229	3295.05
