3199.12	453.769
3198.41	521.125
3197.71	485.608
3197	492.63
3196.3	471.301
3195.59	499.582
3194.88	510.141
3194.18	460.481
3193.47	488.752
3192.77	502.85
3192.06	449.671
3191.35	417.747
3190.65	530.962
3189.94	527.35
3189.23	442.348
3188.53	459.979
3187.82	459.916
3187.11	470.465
3186.41	473.938
3185.7	463.264
3184.99	441.985
3184.29	502.027
3183.58	445.399
3182.87	477.149
3182.17	462.948
3181.46	448.75
3180.75	533.481
3180.04	455.693
3179.33	487.419
3178.63	497.947
3177.92	469.63
3177.21	469.566
3176.5	511.863
3175.79	472.968
3175.09	494.078
3174.38	412.852
3173.67	508.056
3172.96	465.654
3172.25	472.645
3171.54	490.214
3170.83	468.99
3170.12	458.348
3169.41	532.316
3168.71	472.322
3168	437.015
3167.29	465.146
3166.58	510.886
3165.87	538.999
3165.16	475.522
3164.45	510.676
3163.74	492.999
3163.03	461.244
3162.32	492.865
3161.61	485.757
3160.9	499.769
3160.19	432.839
3159.48	422.225
3158.77	485.492
3158.06	495.978
3157.34	474.808
3156.63	499.36
3155.92	457.098
3155.21	471.098
3154.5	481.579
3153.79	446.366
3153.08	506.047
3152.37	442.731
3151.65	467.263
3150.94	474.225
3150.23	449.574
3149.52	488.142
3148.81	445.94
3148.09	488.009
3147.38	494.963
3146.67	498.405
3145.96	452.715
3145.25	512.305
3144.53	442.066
3143.82	431.481
3143.11	470.005
3142.39	497.997
3141.68	494.422
3140.97	480.331
3140.26	480.265
3139.54	466.179
3138.83	473.125
3138.12	508.101
3137.4	448.47
3136.69	458.918
3135.97	528.909
3135.26	525.335
3134.55	465.733
3133.83	437.659
3133.12	472.608
3132.4	444.54
3131.69	489.978
3130.98	472.414
3130.26	486.345
3129.55	402.317
3128.83	500.204
3128.12	451.171
3127.4	461.6
3126.69	451.048
3125.97	454.482
3125.26	454.42
3124.54	405.427
3123.83	426.339
3123.11	471.704
3122.4	426.223
3121.68	457.603
3120.96	422.614
3120.25	450.493
3119.53	485.349
3118.82	520.195
3118.1	481.726
3117.38	506.092
3116.67	523.472
3115.95	457.103
3115.23	467.507
3114.52	481.396
3113.8	446.452
3113.08	498.702
3112.37	456.79
3111.65	484.62
3110.93	470.61
3110.22	481.002
3109.5	484.421
3108.78	501.778
3108.06	470.352
3107.35	445.903
3106.63	477.19
3105.91	477.125
3105.19	445.72
3104.47	522.257
3103.76	497.817
3103.04	449.018
3102.32	441.996
3101.6	483.693
3100.88	469.71
3100.16	473.124
3099.44	500.887
3098.73	441.694
3098.01	448.588
3097.29	507.635
3096.57	497.136
3095.85	455.356
3095.13	483.098
3094.41	496.933
3093.69	542.034
3092.97	514.167
3092.25	576.622
3091.53	472.349
3090.81	534.793
3090.09	496.525
3089.37	475.627
3088.65	489.447
3087.93	534.5
3087.21	478.902
3086.49	503.125
3085.77	471.832
3085.05	534.208
3084.33	430.083
3083.61	502.85
3082.89	485.444
3082.17	565.119
3081.44	454.113
3080.72	471.381
3080	485.179
3079.28	554.414
3078.56	543.945
3077.84	491.908
3077.12	509.159
3076.39	516.016
3075.67	495.169
3074.95	505.488
3074.23	519.266
3073.5	519.195
3072.78	481.055
3072.06	515.593
3071.34	553.581
3070.61	473.939
3069.89	491.169
3069.17	456.517
3068.45	522.156
3067.72	452.935
3067	522.013
3066.28	542.681
3065.55	532.239
3064.83	521.799
3064.11	577.01
3063.38	497.474
3062.66	490.497
3061.94	511.153
3061.21	514.536
3060.49	469.579
3059.76	469.515
3059.04	528.132
3058.31	462.484
3057.59	559.046
3056.87	514.114
3056.14	427.795
3055.42	517.423
3054.69	520.801
3053.97	486.244
3053.24	506.866
3052.52	568.854
3051.79	520.516
3051.07	548.018
3050.34	523.82
3049.61	492.737
3048.89	537.458
3048.16	513.271
3047.44	588.975
3046.71	551.012
3045.99	581.927
3045.26	533.647
3044.53	543.901
3043.81	523.175
3043.08	443.95
3042.35	543.678
3041.63	485.115
3040.9	471.288
3040.17	502.18
3039.45	577.772
3038.72	546.745
3037.99	505.412
3037.27	488.154
3036.54	567.144
3035.81	560.193
3035.08	539.498
3034.36	525.681
3033.63	553.092
3032.9	587.365
3032.17	556.375
3031.44	566.601
3030.72	600.858
3029.99	504.652
3029.26	559.503
3028.53	535.402
3027.8	559.35
3027.07	524.962
3026.34	545.475
3025.62	548.83
3024.89	569.333
3024.16	541.821
3023.43	589.75
3022.7	565.671
3021.97	531.315
3021.24	551.807
3020.51	534.597
3019.78	599.626
3019.05	507.043
3018.32	599.462
3017.59	544.579
3016.86	599.298
3016.13	592.368
3015.4	599.134
3014.67	592.206
3013.94	578.434
3013.21	581.777
3012.48	581.697
3011.75	598.724
3011.02	564.434
3010.29	632.763
3009.56	663.456
3008.83	571.041
3008.09	629.085
3007.36	611.906
3006.63	587.896
3005.9	594.651
3005.17	580.901
3004.44	673.07
3003.7	631.984
3002.97	679.717
3002.24	642.057
3001.51	597.578
3000.78	699.924
3000.04	710.069
2999.31	672.425
2998.58	685.985
2997.85	685.891
2997.11	624.382
2996.38	651.588
2995.65	665.143
2994.92	654.821
2994.18	644.501
2993.45	617.136
2992.72	712.507
2991.98	685.14
2991.25	725.944
2990.51	770.145
2989.78	708.709
2989.05	650.697
2988.31	705.109
2987.58	752.694
2986.85	701.51
2986.11	711.629
2985.38	718.341
2984.64	799.938
2983.91	721.547
2983.17	772.494
2982.44	813.22
2981.7	745.066
2980.97	751.767
2980.23	738.059
2979.5	751.561
2978.76	795.662
2978.03	846.55
2977.29	798.843
2976.56	808.93
2975.82	805.421
2975.09	832.494
2974.35	842.573
2973.61	818.678
2972.88	876.307
2972.14	893.168
2971.41	869.276
2970.67	858.972
2969.93	923.353
2969.2	889.284
2968.46	929.888
2967.72	814.388
2966.99	899.097
2966.25	905.759
2965.51	959.905
2964.77	963.165
2964.04	922.342
2963.3	962.901
2962.56	976.329
2961.82	952.469
2961.09	1054.01
2960.35	1030.15
2959.61	938.525
2958.87	975.661
2958.14	999.238
2957.4	1026.2
2956.66	995.578
2955.92	1029.3
2955.18	1032.54
2954.44	1174.57
2953.71	1039.03
2952.97	1042.27
2952.23	1018.44
2951.49	1160.39
2950.75	1072.29
2950.01	1173.6
2949.27	1099.05
2948.53	1129.33
2947.79	1142.7
2947.05	1115.5
2946.31	1149.14
2945.57	1219.95
2944.83	1199.51
2944.09	1050.7
2943.35	1145.13
2942.61	1117.96
2941.87	1242.76
2941.13	1175.05
2940.39	1168.14
2939.65	1228.74
2938.91	1215.07
2938.17	1144.04
2937.43	1113.51
2936.69	1224.69
2935.95	1254.89
2935.21	1143.41
2934.46	1139.88
2933.72	1230.77
2932.98	1210.37
2932.24	1196.72
2931.5	1169.59
2930.76	1213.24
2930.01	1196.23
2929.27	1142.16
2928.53	1189.16
2927.79	1145.21
2927.05	1306.71
2926.3	1205.51
2925.56	1195.24
2924.82	1211.91
2924.08	1238.67
2923.33	1137.54
2922.59	1191.22
2921.85	1167.51
2921.1	1190.9
2920.36	1170.55
2919.62	1086.31
2918.87	1136.6
2918.13	1149.9
2917.39	1227.06
2916.64	1129.41
2915.9	1166.23
2915.15	1145.91
2914.41	1135.67
2913.67	1105.28
2912.92	1148.79
2912.18	1104.97
2911.43	1081.32
2910.69	1104.67
2909.94	1117.95
2909.2	1144.65
2908.45	1040.45
2907.71	1087.29
2906.96	1103.91
2906.22	1016.54
2905.47	966.08
2904.73	1049.8
2903.98	1073.13
2903.24	1086.39
2902.49	1015.84
2901.75	995.587
2901	985.395
2900.25	965.153
2899.51	991.827
2898.76	961.538
2898.02	971.455
2897.27	1011.51
2896.52	964.491
2895.78	1034.68
2895.03	917.355
2894.28	970.79
2893.54	883.632
2892.79	967.177
2892.04	1064.08
2891.29	950.183
2890.55	933.326
2889.8	1053.61
2889.05	969.858
2888.3	956.349
2887.56	952.875
2886.81	922.657
2886.06	945.928
2885.31	965.851
2884.56	895.545
2883.82	942.198
2883.07	955.431
2882.32	861.774
2881.57	898.394
2880.82	924.985
2880.07	841.387
2879.32	898.024
2878.58	917.928
2877.83	904.452
2877.08	954.383
2876.33	854.156
2875.58	830.686
2874.83	920.634
2874.08	887.156
2873.33	887.035
2872.58	853.57
2871.83	853.453
2871.08	873.336
2870.33	916.544
2869.58	813.113
2868.83	926.288
2868.08	876.188
2867.33	892.723
2866.58	885.94
2865.83	879.158
2865.08	762.498
2864.33	755.735
2863.57	875.467
2862.82	945.242
2862.07	841.948
2861.32	858.47
2860.57	891.622
2859.82	844.928
2859.07	904.681
2858.31	861.324
2857.56	841.255
2856.81	851.114
2856.06	854.321
2855.31	814.319
2854.55	840.794
2853.8	834.033
2853.05	880.431
2852.3	890.276
2851.54	906.762
2850.79	816.97
2850.04	853.384
2849.29	820.066
2848.53	803.355
2847.78	866.309
2847.03	886.103
2846.27	822.934
2845.52	829.456
2844.77	826.025
2844.01	825.912
2843.26	835.748
2842.5	825.685
2841.75	838.834
2841	812.198
2840.24	831.974
2839.49	835.174
2838.73	788.667
2837.98	864.764
2837.22	854.707
2836.47	824.779
2835.71	904.151
2834.96	794.749
2834.2	857.549
2833.45	900.468
2832.69	863.934
2831.94	906.84
2831.18	840.532
2830.43	837.108
2829.67	836.993
2828.92	922.881
2828.16	866.529
2827.4	992.073
2826.65	856.372
2825.89	919.069
2825.14	872.665
2824.38	932.037
2823.62	898.862
2822.87	895.435
2822.11	938.26
2821.35	895.189
2820.59	868.643
2819.84	875.128
2819.08	917.933
2818.32	871.587
2817.57	871.467
2816.81	897.752
2816.05	907.529
2815.29	884.307
2814.54	897.382
2813.78	920.35
2813.02	897.135
2812.26	923.395
2811.5	860.618
2810.75	969.298
2809.99	863.678
2809.23	1011.88
2808.47	883.214
2807.71	912.749
2806.95	876.382
2806.19	1001.44
2805.43	892.61
2804.68	945.18
2803.92	958.222
2803.16	974.552
2802.4	1017.21
2801.64	977.576
2800.88	974.151
2800.12	914.786
2799.36	924.531
2798.6	930.983
2797.84	1029.53
2797.08	930.727
2796.32	1016.1
2795.56	1032.4
2794.8	1045.4
2794.04	1002.53
2793.28	1038.54
2792.52	982.538
2791.75	1084.26
2790.99	1001.98
2790.23	1106.95
2789.47	1037.83
2788.71	1001.57
2787.95	994.861
2787.19	1070.23
2786.43	1053.67
2785.66	1089.63
2784.9	1092.76
2784.14	1063.08
2783.38	1069.5
2782.62	1121.83
2781.85	1118.4
2781.09	1055.94
2780.33	1127.93
2779.57	1121.22
2778.8	1150.56
2778.04	1114.35
2777.28	1087.98
2776.51	1110.77
2775.75	1163.04
2774.99	1202.18
2774.23	1136.51
2773.46	1214.95
2772.7	1316.29
2771.93	1244.08
2771.17	1289.74
2770.41	1292.84
2769.64	1358.11
2768.88	1384.1
2768.12	1308.66
2767.35	1292.13
2766.59	1370.45
2765.82	1376.8
2765.06	1451.82
2764.29	1425.46
2763.53	1454.69
2762.76	1447.95
2762	1493.5
2761.23	1480.23
2760.47	1470.22
2759.7	1535.35
2758.94	1577.6
2758.17	1623.11
2757.41	1688.19
2756.64	1599.81
2755.87	1749.75
2755.11	1733.19
2754.34	1687.27
2753.58	1729.45
2752.81	1765.11
2752.04	1865.99
2751.28	1859.21
2750.51	1842.65
2749.74	1888.05
2748.98	1926.91
2748.21	2096.17
2747.44	2148.03
2746.68	2095.59
2745.91	2088.79
2745.14	2176.47
2744.37	2257.61
2743.61	2263.82
2742.84	2270.02
2742.07	2377.17
2741.3	2468.01
2740.54	2506.73
2739.77	2506.39
2739	2652.5
2738.23	2700.95
2737.46	2729.86
2736.69	2895.4
2735.93	2800.67
2735.16	2992.18
2734.39	2965.75
2733.62	3075.89
2732.85	3078.72
2732.08	3224.57
2731.31	3302.13
2730.54	3347.17
2729.77	3444.19
2729	3508.69
2728.23	3465.98
2727.46	3611.66
2726.7	3663.12
2725.93	3824.97
2725.16	3869.89
2724.38	3866.11
2723.61	4024.62
2722.84	4063.01
2722.07	4146.81
2721.3	4100.82
2720.53	4278.67
2719.76	4398.09
2718.99	4426.67
2718.22	4516.85
2717.45	4496.78
2716.68	4625.82
2715.91	4771.04
2715.13	4699.09
2714.36	4760.01
2713.59	4892.18
2712.82	5076.16
2712.05	5078.7
2711.28	5146.01
2710.5	5112.92
2709.73	5209.34
2708.96	5299.27
2708.19	5437.72
2707.41	5407.84
2706.64	5462.11
2705.87	5678.13
2705.1	5590
2704.32	5663.63
2703.55	5727.53
2702.78	5923.99
2702	5813.25
2701.23	5944.99
2700.46	5805.18
2699.68	6088.79
2698.91	6110.57
2698.14	6142.03
2697.36	6128.27
2696.59	6140.34
2695.81	6414.02
2695.04	6374.38
2694.27	6234.67
2693.49	6379.08
2692.72	6303.97
2691.94	6406.37
2691.17	6444.21
2690.39	6243.28
2689.62	6468.25
2688.84	6377.04
2688.07	6443.89
2687.29	6291.44
2686.52	6232.54
2685.74	6425.11
2684.97	6382.32
2684.19	6349.21
2683.41	6193.66
2682.64	6328.13
2681.86	6394.91
2681.09	6149.22
2680.31	6325.52
2679.53	6173.29
2678.76	6166
2677.98	6123.3
2677.2	6083.83
2676.43	5905.97
2675.65	5753.91
2674.87	5839.99
2674.1	5919.62
2673.32	5870.55
2672.54	5770.04
2671.76	5820.7
2670.99	5588.39
2670.21	5661.56
2669.43	5461.48
2668.65	5406.09
2667.88	5308.93
2667.1	5170.04
2666.32	5050.45
2665.54	5162.19
2664.76	5244.98
2663.99	5022.67
2663.21	4777.95
2662.43	4825.45
2661.65	4731.69
2660.87	4666.84
2660.09	4637.32
2659.31	4665.56
2658.53	4337.66
2657.75	4391.6
2656.97	4387.79
2656.19	4281.35
2655.41	4174.95
2654.64	4091.01
2653.86	3920.55
2653.08	3839.87
2652.3	3791.27
2651.51	3934.95
2650.73	3822.27
2649.95	3828.15
2649.17	3587.39
2648.39	3618.92
2647.61	3512.75
2646.83	3406.61
2646.05	3383.74
2645.27	3316.05
2644.49	3322
2643.71	3167.94
2642.93	3327.48
2642.14	3058.3
2641.36	3099.46
2640.58	3006.29
2639.8	3120.99
2639.02	2986.27
2638.24	2918.73
2637.45	2924.72
2636.67	2764.52
2635.89	2799.29
2635.11	2639.15
2634.32	2638.78
2633.54	2619.25
2632.76	2471.98
2631.98	2497.18
2631.19	2528.77
2630.41	2467.76
2629.63	2473.81
2628.84	2294.74
2628.06	2371.01
2627.28	2274.96
2626.49	2293.79
2625.71	2296.66
2624.92	2245.32
2624.14	2165.28
2623.36	2126.72
2622.57	2116.86
2621.79	2113.39
2621	2062.1
2620.22	1998.08
2619.43	2045.6
2618.65	1987.97
2617.86	1990.88
2617.08	1955.57
2616.29	1862.95
2615.51	1795.83
2614.72	1919.74
2613.94	1817.62
2613.15	1775.99
2612.37	1775.74
2611.58	1756.41
2610.8	1775.25
2610.01	1663.67
2609.22	1688.89
2608.44	1679.12
2607.65	1678.88
2606.87	1630.96
2606.08	1621.2
2605.29	1481.13
2604.51	1649.36
2603.72	1633.24
2602.93	1515.46
2602.15	1581.96
2601.36	1521.4
2600.57	1498.96
2599.78	1441.6
2599	1495.37
2598.21	1444.37
2597.42	1498.13
2596.63	1412.24
2595.85	1434.25
2595.06	1408.68
2594.27	1405.31
2593.48	1373.4
2592.69	1360.52
2591.9	1319.11
2591.12	1334.78
2590.33	1366.3
2589.54	1283.7
2588.75	1277.18
2587.96	1280.18
2587.17	1280
2586.38	1248.14
2585.59	1219.47
2584.8	1273.14
2584.01	1266.63
2583.23	1351.94
2582.44	1095.33
2581.65	1272.43
2580.86	1243.77
2580.07	1205.63
2579.28	1208.63
2578.49	1186.32
2577.69	1220.95
2576.9	1176.5
2576.11	1147.88
2575.32	1195.15
2574.53	1112.79
2573.74	1207.46
2572.95	1185.17
2572.16	1143.93
2571.37	1162.73
2570.58	1156.25
2569.79	1115.02
2568.99	1102.24
2568.2	1127.35
2567.41	1146.14
2566.62	1136.51
2565.83	1063.75
2565.03	1101.48
2564.24	1151.81
2563.45	1082.24
2562.66	1119.95
2561.86	1132.41
2561.07	1056.56
2560.28	1043.8
2559.49	1043.66
2558.69	1043.51
2557.9	1062.28
2557.11	1058.98
2556.31	1043.08
2555.52	1001.98
2554.73	998.686
2553.93	1121.4
2553.14	1086.6
2552.35	1004.57
2551.55	1070.55
2550.76	1023.18
2549.96	988.416
2549.17	950.51
2548.37	994.436
2547.58	1010.03
2546.79	1006.75
2545.99	981.442
2545.2	990.742
2544.4	1006.33
2543.61	1062.79
2542.81	936.885
2542.01	965.047
2541.22	1040.35
2540.42	1037.06
2539.63	1036.92
2538.83	999.072
2538.04	1017.78
2537.24	1005.08
2536.44	989.237
2535.65	989.1
2534.85	1020.36
2534.06	1023.36
2533.26	976.136
2532.46	976.001
2531.67	997.831
2530.87	1003.97
2530.07	972.459
2529.28	1031.92
2528.48	1034.91
2527.68	972.056
2526.88	987.598
2526.09	1006.27
2525.29	1037.47
2524.49	977.787
2523.69	1049.72
2522.89	1008.85
2522.1	1002.44
2521.3	1068.08
2520.5	1055.41
2519.7	920.612
2518.9	1011.28
2518.1	986.097
2517.31	1026.65
2516.51	970.177
2515.71	966.913
2514.91	960.522
2514.11	1016.7
2513.31	1029.07
2512.51	1000.78
2511.71	1013.15
2510.91	1009.88
2510.11	947.221
2509.31	1012.73
2508.51	1034.47
2507.71	953.078
2506.91	971.692
2506.11	927.822
2505.31	955.806
2504.51	1018.14
2503.71	964.91
2502.91	917.942
2502.11	1045.81
2501.31	964.509
2500.51	1033.04
2499.71	992.327
2498.91	970.349
2498.1	976.455
2497.3	976.32
2496.5	991.779
2495.7	997.878
2494.9	944.735
2494.1	1063.07
2493.29	1094.09
2492.49	1050.31
2491.69	1081.33
2490.89	1053.13
2490.08	1043.64
2489.28	1052.84
2488.48	1049.58
2487.68	1077.46
2486.87	1030.61
2486.07	1011.79
2485.27	1014.76
2484.46	1111.1
2483.66	1082.94
2482.86	1092.13
2482.05	1063.98
2481.25	1085.6
2480.45	1073.01
2479.64	1057.32
2478.84	1082.04
2478.03	1112.98
2477.23	1106.61
2476.42	1075.38
2475.62	1050.37
2474.82	1093.72
2474.01	1090.47
2473.21	1084.1
2472.4	1018.73
2471.6	1155.23
2470.79	1148.86
2469.99	1117.65
2469.18	1139.23
2468.38	1182.52
2467.57	1213.39
2466.76	1098.42
2465.96	1194.44
2465.15	1163.26
2464.35	1156.89
2463.54	1128.82
2462.73	1184.48
2461.93	1140.91
2461.12	1261.65
2460.31	1187.09
2459.51	1180.72
2458.7	1165.07
2457.89	1174.2
2457.09	1201.92
2456.28	1251.31
2455.47	1272.81
2454.66	1232.38
2453.86	1229.11
2453.05	1222.75
2452.24	1173.06
2451.43	1197.66
2450.63	1253.19
2449.82	1265.39
2449.01	1218.81
2448.2	1292.88
2447.39	1122.61
2446.58	1236.86
2445.78	1187.22
2444.97	1128.32
2444.16	1267.26
2443.35	1168.19
2442.54	1211.28
2441.73	1121.52
2440.92	1192.41
2440.11	1152.1
2439.3	1158.11
2438.49	1145.6
2437.68	1123.83
2436.87	1139.11
2436.06	1166.73
2435.25	1135.71
2434.44	1132.46
2433.63	1110.71
2432.82	1147.57
2432.01	1116.57
2431.2	1048.57
2430.39	1017.59
2429.58	1116.11
2428.77	1069.71
2427.96	1035.66
2427.15	1010.86
2426.34	1097
2425.52	1066.04
2424.71	998.117
2423.9	970.257
2423.09	1034.8
2422.28	966.908
2421.47	942.143
2420.65	997.425
2419.84	951.116
2419.03	892.51
2418.22	947.776
2417.4	972.258
2416.59	953.666
2415.78	898.167
2414.97	913.42
2414.15	885.618
2413.34	900.868
2412.53	916.114
2411.71	814.553
2410.9	808.293
2410.09	924.952
2409.27	894.099
2408.46	893.975
2407.64	810.916
2406.83	838.445
2406.02	801.479
2405.2	862.776
2404.39	816.607
2403.57	844.119
2402.76	831.726
2401.94	816.267
2401.13	843.768
2400.31	865.126
2399.5	868.073
2398.68	766.743
2397.87	788.103
2397.05	803.324
2396.24	800.147
2395.42	796.971
2394.61	778.471
2393.79	741.59
2392.98	824.215
2392.16	805.719
2391.34	802.544
2390.53	796.308
2389.71	802.322
2388.89	789.963
2388.08	765.362
2387.26	780.561
2386.44	801.877
2385.63	765.044
2384.81	725.161
2383.99	767.891
2383.18	810.609
2382.36	749.327
2381.54	788.978
2380.72	776.638
2379.91	773.473
2379.09	767.252
2378.27	791.596
2377.45	721.2
2376.63	699.711
2375.81	766.826
2375	815.594
2374.18	733.017
2373.36	711.538
2372.54	732.813
2371.72	772.4
2370.9	757.03
2370.08	744.717
2369.26	744.613
2368.44	704.844
2367.63	781.017
2366.81	680.245
2365.99	710.65
2365.17	792.89
2364.35	664.716
2363.53	667.672
2362.71	701.111
2361.89	704.062
2361.07	691.774
2360.25	709.96
2359.42	706.815
2358.6	740.225
2357.78	691.39
2356.96	746.11
2356.14	727.737
2355.32	681.969
2354.5	712.315
2353.68	718.303
2352.86	639.079
2352.03	705.932
2351.21	702.792
2350.39	711.82
2349.57	693.472
2348.75	742.034
2347.92	687.198
2347.1	799.593
2346.28	693.087
2345.46	720.346
2344.63	692.895
2343.81	723.185
2342.99	707.893
2342.17	704.757
2341.34	707.697
2340.52	774.41
2339.7	664.989
2338.87	737.763
2338.05	695.161
2337.23	688.994
2336.4	704.072
2335.58	731.284
2334.75	740.284
2333.93	721.98
2333.11	682.45
2332.28	761.205
2331.46	779.293
2330.63	836.789
2329.81	748.762
2328.98	724.41
2328.16	712.187
2327.33	763.601
2326.51	754.405
2325.68	724.007
2324.86	702.705
2324.03	708.664
2323.21	687.369
2322.38	756.909
2321.55	738.641
2320.73	687.083
2319.9	708.172
2319.08	671.762
2318.25	686.796
2317.42	707.877
2316.6	665.433
2315.77	698.607
2314.94	701.534
2314.12	728.647
2313.29	683.201
2312.46	734.49
2311.64	731.366
2310.81	658.742
2309.98	691.885
2309.15	664.601
2308.33	724.918
2307.5	676.496
2306.67	685.461
2305.84	606.866
2305.01	649.045
2304.19	639.9
2303.36	673.008
2302.53	642.739
2301.7	660.753
2300.87	666.694
2300.04	675.651
2299.21	711.747
2298.38	621.184
2297.56	708.534
2296.73	687.333
2295.9	675.181
2295.07	687.142
2294.24	641.846
2293.41	650.796
2292.58	707.943
2291.75	674.712
2290.92	677.63
2290.09	722.704
2289.26	671.42
2288.43	725.514
2287.6	656.183
2286.77	758.418
2285.93	631.927
2285.1	704.049
2284.27	652.809
2283.44	712.877
2282.61	679.695
2281.78	697.643
2280.95	697.546
2280.12	703.462
2279.28	652.265
2278.45	742.336
2277.62	604.004
2276.79	760.157
2275.96	696.964
2275.12	645.804
2274.29	612.678
2273.46	681.659
2272.63	657.544
2271.79	687.474
2270.96	693.381
2270.13	669.275
2269.29	735.2
2268.46	648.086
2267.63	656.996
2266.79	620.91
2265.96	656.813
2265.13	698.704
2264.29	674.62
2263.46	704.505
2262.63	698.412
2261.79	620.391
2260.96	731.181
2260.12	650.181
2259.29	623.128
2258.45	679.954
2257.62	676.864
2256.78	625.863
2255.95	679.67
2255.11	673.588
2254.28	673.494
2253.44	700.336
2252.61	700.239
2251.77	697.149
2250.94	625.253
2250.1	670.034
2249.27	622.088
2248.43	666.857
2247.59	720.584
2246.76	663.682
2245.92	678.536
2245.08	684.419
2244.25	672.37
2243.41	738.01
2242.57	678.158
2241.74	642.219
2240.9	695.889
2240.06	695.792
2239.23	695.695
2238.39	716.496
2237.55	695.501
2236.71	653.621
2235.87	716.197
2235.04	680.292
2234.2	662.297
2233.36	674.137
2232.52	703.868
2231.68	676.931
2230.85	644.039
2230.01	712.518
2229.17	631.936
2228.33	634.828
2227.49	712.22
2226.65	679.345
2225.81	634.563
2224.97	652.347
2224.13	696.931
2223.29	714.702
2222.45	690.782
2221.62	714.503
2220.78	669.753
2219.94	687.517
2219.1	654.687
2218.26	705.178
2217.41	734.83
2216.57	734.728
2215.73	654.322
2214.89	651.258
2214.05	719.554
2213.21	674.86
2212.37	659.903
2211.53	656.839
2210.69	686.464
2209.85	683.397
2209	680.331
2208.16	715.882
2207.32	668.261
2206.48	677.077
2205.64	691.829
2204.8	632.356
2203.95	635.237
2203.11	664.828
2202.27	721.119
2201.43	652.774
2200.58	649.716
2199.74	673.356
2198.9	664.365
2198.05	646.479
2197.21	601.913
2196.37	705.592
2195.52	693.637
2194.68	690.576
2193.84	669.736
2192.99	675.569
2192.15	696.213
2191.31	657.607
2190.46	696.019
2189.62	654.463
2188.77	633.645
2187.93	672.043
2187.08	636.428
2186.24	710.332
2185.4	645.128
2184.55	650.956
2183.71	647.907
2182.86	680.355
2182.01	665.472
2181.17	686.08
2180.32	632.761
2179.48	700.671
2178.63	703.529
2177.79	629.541
2176.94	679.691
2176.09	638.23
2175.25	644.05
2174.4	670.545
2173.56	682.266
2172.71	629.014
2171.86	696.839
2171.02	673.123
2170.17	673.03
2169.32	672.936
2168.47	672.842
2167.63	628.488
2166.78	696.256
2165.93	684.359
2165.08	669.517
2164.24	663.525
2163.39	672.279
2162.54	648.599
2161.69	710.412
2160.84	630.734
2160	730.842
2159.15	660.024
2158.3	683.5
2157.45	651.002
2156.6	665.638
2155.75	692.049
2154.9	680.175
2154.05	685.968
2153.21	688.816
2152.36	682.833
2151.51	641.538
2150.66	614.967
2149.81	717.851
2148.96	694.218
2148.11	655.886
2147.26	696.965
2146.41	693.928
2145.56	637.971
2144.71	714.311
2143.86	646.611
2143	667.092
2142.15	652.307
2141.3	681.595
2140.45	687.375
2139.6	704.901
2138.75	654.879
2137.9	631.298
2137.05	628.274
2136.19	716.249
2135.34	692.669
2134.49	654.422
2133.64	660.199
2132.79	683.577
2131.93	648.281
2131.08	610.062
2130.23	689.156
2129.38	653.874
2128.52	662.578
2127.67	662.485
2126.82	709.288
2125.97	632.995
2125.11	650.487
2124.26	679.694
2123.41	644.447
2122.55	638.499
2121.7	653.052
2120.84	679.314
2119.99	705.568
2119.14	705.469
2118.28	655.614
2117.43	684.787
2116.57	626.171
2115.72	661.191
2114.86	681.575
2114.01	625.908
2113.16	672.611
2112.3	637.429
2111.45	687.041
2110.59	681.099
2109.73	686.849
2108.88	616.617
2108.02	648.672
2107.17	709.934
2106.31	639.727
2105.46	651.321
2104.6	645.389
2103.74	680.338
2102.89	686.082
2102.03	691.824
2101.17	653.784
2100.32	647.856
2099.46	682.78
2098.6	720.612
2097.75	714.677
2096.89	662.077
2096.03	682.399
2095.18	752.283
2094.32	682.208
2093.46	655.877
2092.6	635.383
2091.74	655.694
2090.89	675.999
2090.03	672.991
2089.17	669.984
2088.31	719.404
2087.45	713.479
2086.59	678.438
2085.74	722.013
2084.88	698.625
2084.02	666.511
2083.16	678.059
2082.3	701.241
2081.44	637.139
2080.58	689.41
2079.72	703.856
2078.86	671.768
2078	651.321
2077.14	683.209
2076.28	680.207
2075.42	665.58
2074.56	662.58
2073.7	711.884
2072.84	705.974
2071.98	734.923
2071.12	714.489
2070.26	682.445
2069.4	693.964
2068.54	688.061
2067.68	653.131
2066.81	713.99
2065.95	696.478
2065.09	696.38
2064.23	658.568
2063.37	617.865
2062.51	655.483
2061.64	658.291
2060.78	724.889
2059.92	623.317
2059.06	692.8
2058.19	753.568
2057.33	692.606
2056.47	611.378
2055.61	675.029
2054.74	727.076
2053.88	669.048
2053.02	692.121
2052.15	700.711
2051.29	770.095
2050.43	720.778
2049.56	720.677
2048.7	680.061
2047.83	711.794
2046.97	705.909
2046.11	645.064
2045.24	668.112
2044.38	711.396
2043.51	717.079
2042.65	696.742
2041.78	685.081
2040.92	812.156
2040.05	696.449
2039.19	702.13
2038.32	647.141
2037.46	699.045
2036.59	649.847
2035.72	719.064
2034.86	710.301
2033.99	739.071
2033.13	776.494
2032.26	634.962
2031.39	718.56
2030.53	735.772
2029.66	715.474
2028.79	695.182
2027.93	723.926
2027.06	749.779
2026.19	729.49
2025.33	763.983
2024.46	677.4
2023.59	717.655
2022.72	714.673
2021.86	726.098
2020.99	774.972
2020.12	688.448
2019.25	771.875
2018.38	719.932
2017.52	780.297
2016.65	745.64
2015.78	751.293
2014.91	722.406
2014.04	699.283
2013.17	725.081
2012.3	707.718
2011.44	762.272
2010.57	788.05
2009.7	762.059
2008.83	718.823
2007.96	744.596
2007.09	721.496
2006.22	744.387
2005.35	715.546
2004.48	744.178
2003.61	703.854
2002.74	709.5
2001.87	709.401
2001	700.686
2000.13	720.687
1999.26	723.457
1998.38	766.412
1997.51	668.723
1996.64	720.283
1995.77	720.182
1994.9	702.868
1994.03	737.19
1993.16	673.99
1992.28	696.837
1991.41	725.411
1990.54	710.976
1989.67	768.205
1988.8	676.384
1987.92	707.811
1987.05	713.442
1986.18	690.423
1985.31	721.835
1984.43	779.014
1983.56	741.678
1982.69	750.164
1981.81	707.116
1980.94	755.678
1980.07	675.436
1979.19	755.466
1978.32	732.47
1977.44	749.532
1976.57	775.171
1975.7	752.182
1974.82	677.727
1973.95	729.098
1973.07	717.56
1972.2	720.318
1971.32	737.365
1970.45	740.119
1969.57	728.586
1968.7	751.338
1967.82	725.525
1966.95	731.135
1966.07	673.921
1965.2	693.813
1964.32	682.296
1963.45	719.308
1962.57	687.813
1961.69	699.13
1960.82	736.124
1959.94	733.168
1959.07	735.917
1958.19	721.554
1957.31	741.414
1956.43	664.328
1955.56	695.593
1954.68	738.251
1953.8	701.098
1952.93	681.052
1952.05	735.091
1951.17	754.929
1950.29	692.159
1949.42	731.934
1948.54	720.44
1947.66	731.728
1946.78	728.778
1945.9	722.983
1945.02	725.728
1944.15	791.075
1943.27	694.227
1942.39	685.595
1941.51	716.787
1940.63	722.374
1939.75	719.429
1938.87	688.053
1937.99	682.271
1937.11	687.86
1936.23	716.183
1935.35	724.607
1934.47	715.982
1933.59	735.767
1932.71	684.536
1931.83	738.4
1930.95	809.287
1930.07	732.514
1929.19	749.444
1928.31	726.632
1927.43	683.96
1926.55	749.129
1925.67	666.744
1924.79	737.571
1923.91	714.776
1923.02	703.331
1922.14	725.917
1921.26	686.122
1920.38	734.218
1919.5	708.605
1918.61	702.837
1917.73	702.738
1916.85	781.97
1915.97	796.024
1915.08	756.258
1914.2	722.168
1913.32	722.066
1912.44	758.771
1911.55	707.709
1910.67	738.744
1909.79	758.451
1908.9	727.218
1908.02	749.75
1907.14	746.816
1906.25	766.51
1905.37	803.167
1904.48	749.328
1903.6	754.877
1902.71	749.118
1901.83	729.227
1900.95	703.69
1900.06	830.746
1899.18	728.919
1898.29	762.715
1897.41	768.257
1896.52	742.732
1895.64	782.159
1894.75	745.347
1893.86	776.294
1892.98	745.137
1892.09	702.701
1891.21	747.749
1890.32	708.146
1889.43	750.36
1888.55	778.459
1887.66	744.508
1886.77	812.077
1885.89	758.396
1885	693.454
1884.11	769.456
1883.23	797.529
1882.34	772.057
1881.45	786.035
1880.57	754.939
1879.68	766.099
1878.79	791.336
1877.9	729.278
1877.01	703.837
1876.13	760.037
1875.24	723.341
1874.35	785.151
1873.46	762.53
1872.57	737.103
1871.68	779.194
1870.79	793.147
1869.91	832.406
1869.02	719.817
1868.13	705.659
1867.24	742.103
1866.35	741.998
1865.46	741.894
1864.57	722.12
1863.68	800.682
1862.79	769.67
1861.9	749.902
1861.01	769.454
1860.12	786.192
1859.23	833.808
1858.34	738.251
1857.45	771.827
1856.56	760.493
1855.66	737.94
1854.77	737.836
1853.88	788.223
1852.99	807.745
1852.1	818.848
1851.21	729.008
1850.32	762.548
1849.42	838.124
1848.53	725.898
1847.64	798.655
1846.75	767.722
1845.86	798.43
1844.96	728.29
1844.07	784.202
1843.18	778.491
1842.28	747.582
1841.39	736.278
1840.5	761.367
1839.61	789.247
1838.71	755.556
1837.82	775.035
1836.92	699.392
1836.03	774.817
1835.14	771.911
1834.24	743.838
1833.35	822.021
1832.45	729.65
1831.56	777.066
1830.67	821.673
1829.77	768.464
1828.88	807.472
1827.98	785.009
1827.09	754.173
1826.19	768.031
1825.3	770.715
1824.4	753.854
1823.51	745.373
1822.61	787.137
1821.71	798.189
1820.82	795.286
1819.92	834.235
1819.03	703.002
1818.13	775.425
1817.23	753.004
1816.34	811.457
1815.44	780.673
1814.54	752.686
1813.65	780.453
1812.75	732.965
1811.85	805.312
1810.95	735.544
1810.06	746.584
1809.16	726.981
1808.26	785.363
1807.36	751.837
1806.47	782.357
1805.57	771.112
1804.67	720.902
1803.77	723.583
1802.87	756.872
1801.97	745.637
1801.08	792.823
1800.18	770.459
1799.28	762.007
1798.38	828.636
1797.48	809.057
1796.58	753.345
1795.68	764.357
1794.78	805.936
1793.88	766.92
1792.98	741.807
1792.08	733.369
1791.18	822.146
1790.28	774.819
1789.38	838.574
1788.48	757.942
1787.58	780.043
1786.68	749.401
1785.78	813.125
1784.88	815.785
1783.98	787.926
1783.08	779.492
1782.17	809.892
1781.27	818.097
1780.37	862.347
1779.47	831.729
1778.57	787.259
1777.67	814.864
1776.76	795.35
1775.86	789.696
1774.96	781.273
1774.06	803.324
1773.15	841.986
1772.25	850.175
1771.35	891.589
1770.44	811.176
1769.54	849.815
1768.64	841.392
1767.74	866.179
1766.83	857.756
1765.93	816.136
1765.02	874.111
1764.12	821.437
1763.22	837.914
1762.31	782.495
1761.41	843.206
1760.5	879.022
1759.6	862.315
1758.69	834.559
1757.79	820.626
1756.88	792.883
1755.98	817.631
1755.07	916.944
1754.17	880.915
1753.26	875.268
1752.36	888.948
1751.45	861.219
1750.55	839.018
1749.64	858.216
1748.73	860.854
1747.83	863.491
1746.92	885.436
1746.02	841.184
1745.11	893.459
1744.2	874.032
1743.3	851.854
1742.39	829.683
1741.48	862.638
1740.57	873.538
1739.67	903.723
1738.76	944.918
1737.85	873.168
1736.94	856.52
1736.04	966.547
1735.13	892.071
1734.22	941.497
1733.31	900.076
1732.4	883.436
1731.49	869.553
1730.59	896.943
1729.68	976.595
1728.77	932.447
1727.86	893.813
1726.95	882.687
1726.04	910.057
1725.13	967.657
1724.22	923.542
1723.31	906.922
1722.4	931.525
1721.49	898.423
1720.58	901.043
1719.67	906.409
1718.76	963.954
1717.85	900.661
1716.94	903.279
1716.03	960.8
1715.12	946.94
1714.21	955.039
1713.3	965.88
1712.39	910.872
1711.47	979.323
1710.56	951.756
1709.65	910.485
1708.74	984.391
1707.83	997.96
1706.92	890.91
1706	964.787
1705.09	1035.9
1704.18	959.034
1703.27	961.638
1702.35	1016.29
1701.44	986.017
1700.53	947.537
1699.62	930.974
1698.7	980.122
1697.79	960.822
1696.88	979.845
1695.96	941.394
1695.05	927.58
1694.13	979.429
1693.22	973.82
1692.31	957.271
1691.39	984.483
1690.48	976.14
1689.56	1038.88
1688.65	932.128
1687.73	1027.66
1686.82	961.924
1685.9	1013.7
1684.99	1016.29
1684.07	1051.66
1683.16	1002.35
1682.24	1078.67
1681.33	1023.91
1680.41	1012.84
1679.5	1080.94
1678.58	1088.97
1677.66	1034.24
1676.75	1091.39
1675.83	1121.25
1674.92	1044.71
1674	1063.66
1673.08	1112.59
1672.16	1063.36
1671.25	1098.65
1670.33	1087.59
1669.41	1161.02
1668.5	1065.48
1667.58	1122.55
1666.66	1176.87
1665.74	1154.91
1664.82	1165.64
1663.91	1217.22
1662.99	1127.2
1662.07	1233.21
1661.15	1208.53
1660.23	1241.02
1659.31	1232.68
1658.4	1224.34
1657.48	1235.05
1656.56	1275.68
1655.64	1261.9
1654.72	1267.16
1653.8	1343.11
1652.88	1258.64
1651.96	1345.44
1651.04	1307.21
1650.12	1410.28
1649.2	1391.06
1648.28	1352.83
1647.36	1382.52
1646.44	1474.66
1645.52	1493.45
1644.6	1449.8
1643.68	1525.61
1642.75	1552.53
1641.83	1614.73
1640.91	1492.4
1639.99	1703.8
1639.07	1700.85
1638.15	1792.83
1637.23	1784.44
1636.3	1998.39
1635.38	1976.42
1634.46	2035.78
1633.54	2114.09
1632.61	2346.85
1631.69	2435.93
1630.77	2587.3
1629.85	2752.18
1628.92	2876.37
1628	3079.07
1627.08	3295.25
1626.15	3454.51
1625.23	3643.51
1624.31	3891.99
1623.38	4032.16
1622.46	4415.8
1621.53	4463.87
1620.61	4668.82
1619.69	4822.32
1618.76	5027.16
1617.84	5056.19
1616.91	5190.64
1615.99	5257.48
1615.06	5348.63
1614.14	5401.92
1613.21	5384.94
1612.29	5400.38
1611.36	5299.67
1610.43	5304.32
1609.51	5344.08
1608.58	5229.92
1607.66	5369.56
1606.73	5501.06
1605.8	5543.46
1604.88	5739.66
1603.95	5657.9
1603.02	5934.96
1602.1	6095.96
1601.17	6070.82
1600.24	6458.27
1599.32	6756.62
1598.39	7000.98
1597.46	7242.58
1596.53	7640.41
1595.61	7916.88
1594.68	8592.01
1593.75	8792.83
1592.82	9271.03
1591.89	9902.6
1590.97	10369.7
1590.04	10780.2
1589.11	11424.7
1588.18	11923.7
1587.25	12925.9
1586.32	13440.7
1585.39	13643.2
1584.46	14227.7
1583.53	14895.4
1582.6	15522.6
1581.67	15966.8
1580.74	15803.2
1579.81	16319.8
1578.88	16543.2
1577.95	16057.1
1577.02	16065.6
1576.09	15789.3
1575.16	15359.9
1574.23	15008.6
1573.3	14337.8
1572.37	13973.2
1571.44	13090.7
1570.51	12594.9
1569.58	12061.7
1568.64	11246.8
1567.71	10571.8
1566.78	9980.04
1565.85	9428.73
1564.92	8976.8
1563.98	8506.24
1563.05	7893.69
1562.12	7455.59
1561.19	6896.98
1560.25	6582.42
1559.32	6447.5
1558.39	5961.61
1557.45	5690.19
1556.52	5386.7
1555.59	5227.91
1554.65	4755.87
1553.72	4474.06
1552.79	4414.53
1551.85	4079.31
1550.92	4027.88
1549.98	3751.68
1549.05	3628.07
1548.12	3627.56
1547.18	3324.79
1546.25	3211.99
1545.31	3139.33
1544.38	3114.82
1543.44	2929.92
1542.51	2926.83
1541.57	2782.1
1540.63	2920.66
1539.7	2596.96
1538.76	2609.95
1537.83	2529.44
1536.89	2531.75
1535.95	2405.89
1535.02	2434.92
1534.08	2405.21
1533.14	2407.53
1532.21	2292.44
1531.27	2209.39
1530.33	2131.71
1529.4	2238.11
1528.46	2064.42
1527.52	2050.79
1526.58	2093.16
1525.65	2116.86
1524.71	2012.6
1523.77	1969.67
1522.83	1961.39
1521.89	1942.46
1520.96	2027.44
1520.02	1957.89
1519.08	1946.96
1518.14	1858.8
1517.2	1901.14
1516.26	1866.26
1515.32	1844.7
1514.38	1833.79
1513.44	1732.4
1512.5	1785.37
1511.57	1787.78
1510.63	1774.22
1509.69	1726.1
1508.75	1712.56
1507.81	1741.56
1506.86	1648.26
1505.92	1762.33
1504.98	1751.45
1504.04	1690.08
1503.1	1708.44
1502.16	1726.79
1501.22	1652.17
1500.28	1758.17
1499.34	1635.76
1498.4	1651.46
1497.45	1645.92
1496.51	1656.3
1495.57	1555.21
1494.63	1687.67
1493.69	1684.78
1492.74	1610.26
1491.8	1694.91
1490.86	1620.41
1489.91	1583.05
1488.97	1551.01
1488.03	1572
1487.09	1585.03
1486.14	1632.51
1485.2	1566.03
1484.26	1613.49
1483.31	1637.11
1482.37	1594.49
1481.42	1620.75
1480.48	1535.79
1479.54	1543.51
1478.59	1646.53
1477.65	1553.66
1476.7	1481.98
1475.76	1473.83
1474.81	1526.54
1473.87	1618.9
1472.92	1560.48
1471.98	1520.59
1471.03	1628.79
1470.09	1549.24
1469.14	1467.08
1468.19	1628.09
1467.25	1508.94
1466.3	1500.8
1465.35	1429.25
1464.41	1508.29
1463.46	1582.03
1462.52	1573.88
1461.57	1520.85
1460.62	1510.07
1459.67	1591.69
1458.73	1562.43
1457.78	1543.73
1456.83	1490.74
1455.88	1498.44
1454.94	1514.06
1453.99	1579.77
1453.04	1553.18
1452.09	1555.59
1451.14	1645
1450.2	1518.25
1449.25	1557.56
1448.3	1657.48
1447.35	1512.33
1446.4	1585.88
1445.45	1551.41
1444.5	1601.22
1443.55	1632.59
1442.6	1574.44
1441.65	1645.29
1440.7	1631.9
1439.75	1626.4
1438.8	1636.69
1437.85	1596.99
1436.9	1678.31
1435.95	1641.25
1435	1633.13
1434.05	1659.19
1433.1	1777.26
1432.15	1719.18
1431.2	1676.88
1430.25	1626.71
1429.3	1710.56
1428.34	1628.87
1427.39	1754.73
1426.44	1772.86
1425.49	1783.11
1424.54	1630.57
1423.58	1706.47
1422.63	1729.85
1421.68	1787.34
1420.73	1752.97
1419.77	1823.57
1418.82	1781.33
1417.87	1823.04
1416.91	1849.01
1415.96	1798.92
1415.01	1811.78
1414.05	1824.62
1413.1	1837.47
1412.15	1902.73
1411.19	1889.35
1410.24	1972.93
1409.28	1920.25
1408.33	2053.56
1407.37	2008.75
1406.42	2052.98
1405.46	2029.12
1404.51	2151.87
1403.55	2086.12
1402.6	2125.08
1401.64	2200.66
1400.69	2093.08
1399.73	2197.42
1398.78	2147.41
1397.82	2306.63
1396.87	2308.92
1395.91	2434.08
1394.95	2506.93
1394	2467.36
1393.04	2589.84
1392.08	2662.63
1391.13	2638.74
1390.17	2761.13
1389.21	2745.07
1388.25	2922.26
1387.3	3026.28
1386.34	3161.61
1385.38	3155.94
1384.42	3288.6
1383.47	3342.93
1382.51	3428.56
1381.55	3589.82
1380.59	3779.72
1379.63	3956.54
1378.67	4141.12
1377.71	4372.59
1376.76	4491.88
1375.8	4566.83
1374.84	4928.45
1373.88	5125.79
1372.92	5351.74
1371.96	5848.56
1371	5980.57
1370.04	6149
1369.08	6627.26
1368.12	7055.91
1367.16	7354.28
1366.2	7566.67
1365.24	8179.79
1364.28	8355.56
1363.32	8809.68
1362.36	9206.44
1361.39	9441.82
1360.43	10010
1359.47	10281.6
1358.51	10693.5
1357.55	11009.1
1356.59	11207.7
1355.62	11837.6
1354.66	12023
1353.7	12335.7
1352.74	12757.3
1351.78	12849
1350.81	13309.4
1349.85	13465.9
1348.89	13464
1347.92	13604.8
1346.96	13794.9
1346	13645
1345.03	13783.2
1344.07	13737.1
1343.11	13501.7
1342.14	13289.7
1341.18	13267
1340.21	12881.4
1339.25	12900.3
1338.29	12566.6
1337.32	12282.3
1336.36	11959.2
1335.39	11511.9
1334.43	11240.8
1333.46	10874
1332.5	10315.6
1331.53	9930.85
1330.56	9784.44
1329.6	9454.26
1328.63	8842.04
1327.67	8703.6
1326.7	8210.7
1325.73	8020.65
1324.77	7716.83
1323.8	7387.23
1322.84	7068.07
1321.87	6878.29
1320.9	6510.17
1319.93	6320.53
1318.97	6014.62
1318	5866.46
1317.03	5589.13
1316.06	5358.39
1315.1	5254.29
1314.13	4881.61
1313.16	4746.62
1312.19	4482.56
1311.22	4412.21
1310.26	4192.16
1309.29	4010.89
1308.32	3961.28
1307.35	3811.06
1306.38	3846.63
1305.41	3533.96
1304.44	3448.34
1303.47	3393.69
1302.5	3259.12
1301.53	3171
1300.56	3051.97
1299.59	2958.75
1298.62	2953.18
1297.65	2813.62
1296.68	2808.06
1295.71	2637.65
1294.74	2678.48
1293.77	2696.12
1292.8	2608.2
1291.83	2522.87
1290.86	2512.21
1289.89	2316.26
1288.91	2395.69
1287.94	2341.32
1286.97	2328.12
1286	2209.47
1285.03	2165.43
1284.05	2108.55
1283.08	2072.25
1282.11	2156.79
1281.14	2022.82
1280.16	2035.38
1279.19	1927.17
1278.22	1870.37
1277.24	2006.25
1276.27	2034.21
1275.3	1890.11
1274.32	1817.94
1273.35	1817.68
1272.38	1725.01
1271.4	1699.1
1270.43	1691.15
1269.45	1762.75
1268.48	1680.4
1267.5	1769.94
1266.53	1679.92
1265.56	1671.99
1264.58	1643.54
1263.61	1599.73
1262.63	1596.93
1261.65	1663.34
1260.68	1542.66
1259.7	1550.13
1258.73	1596.02
1257.75	1485.64
1256.78	1521.29
1255.8	1467.29
1254.82	1520.85
1253.85	1561.59
1252.87	1522.97
1251.89	1502.28
1250.92	1461.12
1249.94	1455.79
1248.96	1368.61
1247.98	1373.53
1247.01	1401.46
1246.03	1391.03
1245.05	1355.04
1244.07	1398.3
1243.09	1387.88
1242.12	1351.9
1241.14	1354.26
1240.16	1287.64
1239.18	1433.06
1238.2	1417.53
1237.22	1338.16
1236.24	1348.18
1235.26	1342.88
1234.28	1340.13
1233.31	1232.75
1232.33	1242.78
1231.35	1288.53
1230.37	1270.48
1229.39	1308.56
1228.41	1310.92
1227.43	1275.03
1226.44	1257
1225.46	1170.15
1224.48	1271.94
1223.5	1218.23
1222.52	1271.57
1221.54	1238.26
1220.56	1182.04
1219.58	1329.61
1218.6	1242.82
1217.61	1219.73
1216.63	1204.28
1215.65	1204.1
1214.67	1142.84
1213.69	1244.48
1212.7	1162.87
1211.72	1208.5
1210.74	1193.06
1209.75	1119.13
1208.77	1149.49
1207.79	1151.86
1206.81	1194.92
1205.82	1182.04
1204.84	1194.57
1203.85	1176.61
1202.87	1186.61
1201.89	1155.95
1200.9	1127.84
1199.92	1155.62
1198.93	1074.19
1197.95	1086.73
1196.96	1132.27
1195.98	1116.88
1194.99	1180.17
1194.01	1088.64
1193.02	1052.96
1192.04	1029.98
1191.05	1123.68
1190.07	1120.99
1189.08	1090.39
1188.09	1138.41
1187.11	1107.83
1186.12	1148.22
1185.14	1148.06
1184.15	1092.14
1183.16	1091.99
1182.18	1094.36
1181.19	1142.33
1180.2	1139.63
1179.21	1020.46
1178.23	1083.6
1177.24	1083.45
1176.25	1106.07
1175.26	1078.08
1174.28	1120.94
1173.29	1108.12
1172.3	1064.96
1171.31	1072.4
1170.32	1102.59
1169.33	1112.54
1168.34	1069.4
1167.36	1102.11
1166.37	1079.21
1165.38	1091.69
1164.39	1058.68
1163.4	1104
1162.41	1071.01
1161.42	1010.24
1160.43	1055.55
1159.44	1047.82
1158.45	999.703
1157.46	1057.61
1156.47	1095.32
1155.48	1095.16
1154.49	1014.26
1153.49	1067.1
1152.5	1054.33
1151.51	1076.88
1150.52	1018.72
1149.53	980.758
1148.54	1041.12
1147.55	1071.21
1146.55	1045.86
1145.56	1017.99
1144.57	1095.94
1143.58	1035.33
1142.58	1050.29
1141.59	1080.36
1140.6	987.04
1139.61	1004.52
1138.61	1069.82
1137.62	1034.43
1136.63	1082.1
1135.63	1102.07
1134.64	1081.79
1133.64	1038.87
1132.65	1139.32
1131.66	1031.02
1130.66	1045.96
1129.67	1101.12
1128.67	1093.42
1127.68	1035.46
1126.68	1007.66
1125.69	1133.15
1124.69	1057.62
1123.7	1037.37
1122.7	1049.78
1121.71	1087.29
1120.71	1104.71
1119.71	1076.94
1118.72	1101.88
1117.72	1076.63
1116.73	1073.96
1115.73	1031.16
1114.73	1028.5
1113.74	1018.32
1112.74	1136.04
1111.74	1043.1
1110.75	1060.5
1109.75	1097.94
1108.75	1030.11
1107.75	1067.55
1106.76	1039.84
1105.76	1082.28
1104.76	1054.57
1103.76	1069.44
1102.76	1071.79
1101.76	1114.2
1100.77	1084
1099.77	1026.27
1098.77	1051.15
1097.77	993.445
1096.77	1003.31
1095.77	1070.71
1094.77	1078.06
1093.77	1005.38
1092.77	1032.74
1091.77	1015.09
1090.77	1029.94
1089.77	1027.29
1088.77	1064.63
1087.77	994.51
1086.77	989.369
1085.77	1049.18
1084.77	1019.06
1083.77	996.433
1082.77	1016.26
1081.76	1011.12
1080.76	1008.48
1079.76	960.914
1078.76	935.82
1077.76	955.646
1076.76	965.488
1075.75	997.776
1074.75	945.256
1073.75	880.283
1072.75	977.396
1071.74	924.902
1070.74	939.724
1069.74	957.034
1068.73	971.847
1067.73	979.181
1066.73	929.216
1065.72	881.756
1064.72	961.323
1063.72	871.54
1062.71	983.453
1061.71	945.97
1060.7	925.921
1059.7	938.231
1058.69	923.165
1057.69	838.441
1056.68	925.386
1055.68	892.918
1054.67	870.407
1053.67	867.794
1052.66	877.613
1051.66	894.887
1050.65	887.301
1049.64	889.658
1048.64	882.075
1047.63	931.635
1046.63	856.98
1045.62	894.11
1044.61	958.546
1043.61	955.925
1042.6	891.24
1041.59	975.506
1040.58	1027.48
1039.58	1007.48
1038.57	1002.37
1037.56	1081.61
1036.55	1103.78
1035.55	1160.66
1034.54	1130.74
1033.53	1197.52
1032.52	1194.86
1031.51	1244.26
1030.5	1293.65
1029.49	1300.89
1028.48	1355.21
1027.48	1340.15
1026.47	1436.55
1025.46	1500.73
1024.45	1448.52
1023.44	1478.02
1022.43	1482.76
1021.42	1517.19
1020.41	1512.02
1019.4	1630.57
1018.39	1694.66
1017.38	1642.47
1016.36	1624.91
1015.35	1619.73
1014.34	1792.58
1013.33	1784.9
1012.32	1779.7
1011.31	1863.47
1010.3	1924.98
1009.28	1929.64
1008.27	1981.24
1007.26	1929.08
1006.25	2034.99
1005.24	2059.39
1004.22	2150.44
1003.21	2229.13
1002.2	2278.17
1001.18	2351.87
1000.17	2455.17
999.158	2528.83
998.145	2646.87
997.131	2725.41
996.117	2835.99
995.103	2929.27
994.089	3177.85
993.075	3374.59
992.061	3524.45
991.046	3849.22
990.032	4141.87
989.017	4412.26
988.002	4667.8
986.987	4997.14
985.972	5124.47
984.956	5310.85
983.941	5302.7
982.925	5486.53
981.909	5443.9
980.893	5489.86
979.877	5405.42
978.861	5596.51
977.845	5539.13
976.828	5417.82
975.811	5554.73
974.795	5531.8
973.778	5403.17
972.76	5623.59
971.743	5379.49
970.726	5484.36
969.708	5412.32
968.69	5487.68
967.672	5364.08
966.654	5390.32
965.636	5448.47
964.618	5396.12
963.599	5272.6
962.581	5475.55
961.562	5366.78
960.543	5297.3
959.524	5178.77
958.505	5295.76
957.486	5398
956.466	5279.51
955.446	5391.53
954.427	5145.6
953.407	5441.43
952.387	5296.05
951.366	5322.24
950.346	5289.61
949.325	5215.36
948.305	5270.93
947.284	5182
946.263	5320.82
945.242	5256.4
944.22	5341.31
943.199	5435.99
942.177	5520.85
941.156	5522.49
940.134	5269.7
939.112	5215.12
938.09	4889.08
937.067	4550.9
936.045	4227.5
935.022	3916.41
933.999	3580.96
932.976	3316.49
931.953	3066.76
930.93	2836.64
929.907	2675
928.883	2447.45
927.86	2190.66
926.836	2016.97
925.812	1823.8
924.788	1738.1
923.763	1686.59
922.739	1596.05
921.715	1495.77
920.69	1466.28
919.665	1441.67
918.64	1407.31
917.615	1302.25
916.59	1375.21
915.564	1453.02
914.538	1289.49
913.513	1318.55
912.487	1303.74
911.461	1293.8
910.435	1249.76
909.408	1273.94
908.382	1293.24
907.355	1215.13
906.328	1319.64
905.301	1268.33
904.274	1292.49
903.247	1253.36
902.22	1243.44
901.192	1301.65
900.164	1284.44
899.137	1233.17
898.109	1288.93
897.08	1240.11
896.052	1261.81
895.024	1251.9
893.995	1283.32
892.966	1251.54
891.938	1210.05
890.908	1229.31
889.879	1204.84
888.85	1185.23
887.82	1170.49
886.791	1201.88
885.761	1192
884.731	1169.98
883.701	1266.89
882.671	1247.29
881.64	1179.17
880.61	1195.98
879.579	1215.21
878.548	1190.78
877.517	1229.41
876.486	1168.62
875.455	1236.32
874.424	1187.67
873.392	1279.59
872.36	1201.86
871.328	1250.14
870.296	1201.51
869.264	1213.45
868.232	1206
867.199	1242.15
866.167	1145.13
865.134	1236.94
864.101	1256.13
863.068	1222.06
862.035	1231.57
861.001	1187.84
859.968	1236.04
858.934	1209.26
857.9	1151.05
856.866	1184.73
855.832	1167.64
854.798	1152.96
853.763	1215.63
852.729	1167.12
851.694	1181.45
850.659	1195.77
849.624	1181.11
848.589	1243.72
847.553	1197.67
846.518	1214.39
845.482	1274.56
844.447	1153.7
843.411	1199.38
842.374	1141.3
841.338	1174.91
840.302	1160.26
839.265	1143.21
838.229	1152.69
837.192	1217.62
836.155	1260.84
835.118	1224.5
834.08	1229.14
833.043	1195.22
832.005	1219.14
830.967	1245.46
829.929	1245.28
828.891	1319.76
827.853	1187.13
826.815	1232.7
825.776	1273.44
824.738	1261.22
823.699	1313.98
822.66	1308.98
821.621	1279.92
820.581	1270.11
819.542	1238.66
818.502	1264.93
817.463	1300.81
816.423	1278.99
815.383	1209.09
814.343	1240.16
813.302	1191.92
812.262	1297.46
811.221	1227.6
810.18	1275.46
809.139	1239.25
808.098	1167.03
807.057	1234.09
806.016	1212.3
804.974	1219.33
803.932	1190.35
802.89	1120.59
801.848	1233.19
800.806	1209.02
799.764	1218.44
798.721	1232.65
797.679	1131.76
796.636	1155.57
795.593	1102.67
794.55	1136.06
793.507	1080.78
792.463	1126.14
791.42	1078.06
790.376	1068.33
789.332	1096.91
788.288	1087.17
787.244	1029.55
786.2	1058.13
785.155	1093.88
784.111	1084.14
783.066	1088.77
782.021	1045.55
780.976	1081.28
779.931	1040.46
778.886	1035.52
777.84	1054.5
776.794	1044.78
775.749	1027.9
774.703	1030.14
773.656	1001.31
772.61	1013.11
771.564	984.292
770.517	943.541
769.47	1005.5
768.423	959.981
767.376	974.167
766.329	1021.77
765.282	992.978
764.234	983.286
763.187	990.301
762.139	997.314
761.091	951.842
760.043	982.711
758.995	987.337
757.946	987.193
756.898	991.817
755.849	943.995
754.8	941.474
753.751	981.849
752.702	919.753
751.652	893.412
750.603	895.664
749.553	962.221
748.503	881.113
747.453	888.128
746.403	918.947
745.353	964.039
744.303	821.098
743.252	916.164
742.201	894.616
741.15	937.306
740.099	803.967
739.048	944.167
737.997	898.848
736.945	903.472
735.894	891.454
734.842	893.7
733.79	910.205
732.738	883.934
731.685	919.442
730.633	881.3
729.58	935.799
728.528	871.543
727.475	921.278
726.422	878.41
725.369	899.645
724.315	920.874
723.262	927.858
722.208	937.213
721.154	927.586
720.1	889.499
719.046	865.652
717.992	891.609
716.938	912.818
715.883	896.09
714.828	919.661
713.773	955.075
712.718	872
711.663	931.103
710.608	912.016
709.552	937.936
708.497	930.694
707.441	921.086
706.385	973.036
705.329	913.715
704.272	958.55
703.216	972.609
702.159	993.761
701.103	943.935
700.046	986.374
698.989	1052.45
697.931	988.449
696.874	1023.77
695.817	1051.99
694.759	1042.38
693.701	1075.31
692.643	1039.71
691.585	1025.38
690.527	1122.09
689.468	1095.94
688.41	1105.23
687.351	1145.21
686.292	1265.44
685.233	1109.46
684.174	1182.46
683.114	1144.53
682.055	1172.68
680.995	1172.51
679.935	1254.9
678.875	1212.26
677.815	1233.3
676.755	1294.43
675.694	1327.24
674.634	1261.05
673.573	1267.93
672.512	1340.79
671.451	1284.05
670.389	1373.38
669.328	1316.65
668.266	1259.94
667.205	1332.75
666.143	1304.3
665.081	1294.69
664.019	1292.15
662.956	1251.95
661.894	1261.18
660.831	1256.29
659.768	1187.89
658.705	1279.44
657.642	1213.41
656.579	1199.12
655.516	1264.77
654.452	1170.57
653.388	1200.95
652.324	1158.47
651.26	1191.2
650.196	1202.77
649.132	1183.8
648.067	1157.79
647.003	1152.93
645.938	1197.37
644.873	1159.63
643.808	1159.46
642.742	1121.74
641.677	1159.12
640.611	1144.87
639.545	1186.93
638.479	1200.83
637.413	1142.02
636.347	1167.65
635.281	1169.82
634.214	1143.87
633.147	1106.2
632.081	1185.71
631.014	1155.08
629.946	1154.91
628.879	1175.82
627.812	1236.53
626.744	1280.84
625.676	1257.24
624.608	1322.6
623.54	1362.2
622.472	1294.13
621.403	1385.2
620.335	1387.33
619.266	1422.22
618.197	1368.21
617.128	1358.66
616.059	1360.8
614.989	1311.5
613.92	1346.37
612.85	1292.42
611.78	1135.67
610.71	1221.95
609.64	1217.1
608.57	1139.84
607.499	1106.98
606.429	1127.83
605.358	1130
604.287	1104.15
603.216	1075.98
602.144	1061.82
601.073	1103.67
600.001	1033.51
598.93	1054.36
597.858	1065.86
596.786	1051.71
595.713	1028.24
594.641	1077.05
593.569	1081.55
592.496	1018.47
591.423	990.354
590.35	987.878
589.277	971.426
588.204	1001.56
587.13	994.429
586.056	977.983
584.983	980.167
583.909	1007.96
582.835	993.844
581.76	1009.99
580.686	986.571
579.611	974.793
578.536	949.062
577.462	921.013
576.387	1048.78
575.311	1067.22
574.236	978.726
573.16	983.23
572.085	1048.16
571.009	1038.71
569.933	1033.91
568.857	1073.25
567.78	1033.61
566.704	1091.51
565.627	1084.39
564.55	1100.48
563.473	1144.42
562.396	1097.83
561.319	1086.07
560.242	1178.72
559.164	1187.83
558.086	1127.34
557.008	1222.27
555.93	1277.74
554.852	1282.19
553.774	1370.1
552.695	1369.89
551.616	1390.55
550.538	1413.52
549.458	1545.37
548.379	1528.93
547.3	1607.46
546.22	1611.85
545.141	1711.18
544.061	1803.54
542.981	1835.68
541.901	1918.73
540.821	2064.24
539.74	2047.74
538.659	2290.36
537.579	2456.56
536.498	2539.46
535.417	2807.34
534.335	3102.87
533.254	3400.64
532.172	3917.9
531.091	4314.83
530.009	4979.69
528.927	6048.69
527.845	7200.53
526.762	9419.12
525.68	12794.1
524.597	18560.2
523.514	29429.2
522.431	52307.9
521.348	93325.5
520.265	129148
519.181	121512
518.097	82478.2
517.014	47485.3
515.93	27533
514.846	17797.7
513.761	12296.1
512.677	9246.62
511.592	7322.91
510.507	5773.11
509.422	4868.98
508.337	4149.42
507.252	3605.16
506.167	3263.74
505.081	2818.79
503.995	2664.1
502.91	2369.02
501.823	2216.75
500.737	2142.77
499.651	2013.58
498.564	1840.72
497.478	1812.84
496.391	1803.37
495.304	1736.41
494.217	1653.37
493.129	1584.15
492.042	1577.02
490.954	1546.9
489.866	1542.08
488.778	1454.53
487.69	1449.72
486.602	1467.89
485.513	1373.5
484.425	1382.48
483.336	1306.51
482.247	1336.16
481.158	1264.8
480.069	1241.66
478.979	1213.94
477.89	1220.65
476.8	1252.58
475.71	1234.05
474.62	1217.81
473.53	1158.01
472.439	1121.16
471.349	1107.24
470.258	1164.38
469.167	1111.49
468.076	1196.11
466.985	1104.29
465.894	1147.65
464.802	1115.42
463.71	1080.9
462.619	1012.05
461.527	1039.37
460.434	1016.33
459.342	995.581
458.25	1100.7
457.157	1061.64
456.064	1098.09
454.971	1180.27
453.878	1173.23
452.785	1291.96
451.691	1303.21
450.598	1261.86
449.504	1334.82
448.41	1307.2
447.316	1423.54
446.222	1414.19
445.127	1418.55
444.033	1443.46
442.938	1440.96
441.843	1484.13
440.748	1582.08
439.653	1549.89
438.557	1627.26
437.462	1658.96
436.366	1772.8
435.27	1742.88
434.174	1740.34
433.078	1753.77
431.981	1739.83
430.885	1721.33
429.788	1732.47
428.691	1780.08
427.594	1729.68
426.497	1743.1
425.4	1631.21
424.302	1635.52
423.205	1646.67
422.107	1698.8
421.009	1662.12
419.911	1657.32
418.812	1607
417.714	1679.58
416.615	1665.68
415.516	1626.76
414.417	1594.67
413.318	1655.85
412.219	1607.84
411.119	1573.5
410.02	1675.57
408.92	1579.85
407.82	1604.62
406.72	1613.47
405.62	1695.03
404.519	1644.8
403.419	1583.22
402.318	1689.73
401.217	1768.96
400.116	1587.06
399.015	1675.36
397.913	1595.67
396.812	1620.4
395.71	1667.81
394.608	1706.13
393.506	1617.41
392.404	1664.8
391.301	1725.78
390.199	1680.18
389.096	1682.2
387.993	1695.55
386.89	1783.69
385.787	1683.71
384.683	1760.5
383.58	1755.71
382.476	1737.33
381.372	1723.48
380.268	1725.49
379.164	1754.67
378.06	1731.77
376.955	1828.84
375.85	1742.57
374.746	1758.15
373.641	1830.29
372.535	1762.16
371.43	1750.59
370.325	1809.12
369.219	1788.5
368.113	1883.19
367.007	1810.58
365.901	1848.73
364.795	1828.12
363.688	1816.55
362.581	1737.21
361.475	1831.82
360.368	1897.04
359.26	1871.92
358.153	1894.22
357.046	1896.2
355.938	1877.86
354.83	1834.7
353.722	1985.61
352.614	1926.66
351.506	1890.28
350.397	1959.92
349.289	2038.55
348.18	1993.16
347.071	1983.84
345.962	1947.48
344.853	2093.68
343.743	1994.23
342.633	2045.75
341.524	2043.19
340.414	2020.37
339.304	2087.63
338.193	2118.84
337.083	2105.02
335.972	2115.96
334.861	2117.9
333.751	2241.35
332.639	2151.02
331.528	2184.44
330.417	2202.11
329.305	2161.3
328.193	2194.71
327.081	2273.08
325.969	2279.48
324.857	2409.51
323.745	2301.28
322.632	2442.5
321.519	2392.71
320.406	2482.21
319.293	2414.46
318.18	2488.21
317.067	2548.46
315.953	2590.74
314.839	2597.09
313.725	2657.3
312.611	2717.49
311.497	2741.77
310.383	2871.47
309.268	3028.06
308.153	2960.33
307.038	3148.24
305.923	3246.42
304.808	3414.07
303.693	3678.04
302.577	3655.08
301.461	3701.59
300.346	3627.11
299.229	3465.29
