3199.14	386.414
3198.44	439.591
3197.73	407.629
3197.02	404.029
3196.32	471.303
3195.61	449.98
3194.91	382.608
3194.2	481.737
3193.5	463.963
3192.79	432.028
3192.08	428.429
3191.38	410.669
3190.67	474.329
3189.97	470.724
3189.26	396.345
3188.55	442.289
3187.85	406.851
3187.14	452.781
3186.43	424.424
3185.73	484.484
3185.02	459.667
3184.31	459.604
3183.6	459.541
3182.9	459.479
3182.19	473.552
3181.48	402.817
3180.77	501.687
3180.07	480.423
3179.36	462.697
3178.65	420.255
3177.94	466.102
3177.23	441.324
3176.53	420.083
3175.82	391.789
3175.11	444.672
3174.4	462.255
3173.69	448.079
3172.98	455.073
3172.28	405.63
3171.57	444.369
3170.86	507.781
3170.15	493.608
3169.44	454.763
3168.73	426.502
3168.02	405.298
3167.31	486.291
3166.6	447.468
3165.89	472.067
3165.18	447.345
3164.47	457.85
3163.76	422.573
3163.05	436.599
3162.34	468.224
3161.63	499.84
3160.92	454.018
3160.21	468.032
3159.5	489.079
3158.79	429.205
3158.08	439.699
3157.37	457.225
3156.66	492.329
3155.95	450.068
3155.24	442.975
3154.52	467.521
3153.81	453.398
3153.1	411.165
3152.39	474.357
3151.68	435.646
3150.97	453.15
3150.26	414.453
3149.54	438.979
3148.83	424.874
3148.12	488.012
3147.41	501.986
3146.69	456.289
3145.98	449.208
3145.27	449.146
3144.56	484.17
3143.84	438.5
3143.13	441.947
3142.42	438.38
3141.71	403.254
3140.99	469.815
3140.28	459.234
3139.57	438.14
3138.85	483.641
3138.14	469.558
3137.43	455.479
3136.71	399.366
3136	434.338
3135.29	427.275
3134.57	437.722
3133.86	462.171
3133.14	434.101
3132.43	427.041
3131.71	503.98
3131	489.913
3130.29	479.35
3129.57	398.82
3128.86	426.749
3128.14	419.696
3127.43	479.088
3126.71	444.057
3126	450.988
3125.28	461.414
3124.57	461.35
3123.85	429.836
3123.14	422.789
3122.42	433.212
3121.7	415.687
3120.99	447.065
3120.27	429.542
3119.56	432.975
3118.84	460.846
3118.12	450.311
3117.41	481.662
3116.69	488.576
3115.97	380.339
3115.26	481.465
3114.54	436.05
3113.82	474.357
3113.11	432.443
3112.39	470.741
3111.67	453.244
3110.96	404.378
3110.24	446.149
3109.52	439.118
3108.8	487.842
3108.09	459.902
3107.37	491.192
3106.65	435.395
3105.93	470.162
3105.22	456.169
3104.5	400.399
3103.78	518.707
3103.06	480.347
3102.34	414.156
3101.63	424.539
3100.91	462.754
3100.19	490.521
3099.47	452.192
3098.75	486.909
3098.03	438.158
3097.31	472.868
3096.59	458.898
3095.87	406.695
3095.15	472.674
3094.44	455.234
3093.72	423.901
3093	437.739
3092.28	493.258
3091.56	468.878
3090.84	461.869
3090.12	496.528
3089.4	465.214
3088.68	496.392
3087.96	461.616
3087.24	409.498
3086.52	478.839
3085.79	444.08
3085.07	541.148
3084.35	485.58
3083.63	478.577
3082.91	454.24
3082.19	485.38
3081.47	388.251
3080.75	415.927
3080.03	474.785
3079.31	429.673
3078.58	512.766
3077.86	495.375
3077.14	450.279
3076.42	429.438
3075.7	470.933
3074.97	470.868
3074.25	491.574
3073.53	443.049
3072.81	456.832
3072.08	467.15
3071.36	432.487
3070.64	467.022
3069.92	439.287
3069.19	498.021
3068.47	466.831
3067.75	473.682
3067.02	432.133
3066.3	490.835
3065.58	473.488
3064.85	497.613
3064.13	511.365
3063.41	442.201
3062.68	473.229
3061.96	473.164
3061.24	414.394
3060.51	479.94
3059.79	448.804
3059.06	490.165
3058.34	431.424
3057.61	400.307
3056.89	452.009
3056.17	417.447
3055.44	427.738
3054.72	444.925
3053.99	475.901
3053.27	493.077
3052.54	455.085
3051.82	420.552
3051.09	458.408
3050.36	520.376
3049.64	482.402
3048.91	534.015
3048.19	482.27
3047.46	461.538
3046.74	454.588
3046.01	478.629
3045.28	433.806
3044.56	478.498
3043.83	468.107
3043.1	461.16
3042.38	443.891
3041.65	436.95
3040.93	488.491
3040.2	498.743
3039.47	471.162
3038.74	481.413
3038.02	409.145
3037.29	460.655
3036.56	460.592
3035.84	408.977
3035.11	477.648
3034.38	460.403
3033.65	450.034
3032.92	484.321
3032.2	511.731
3031.47	460.151
3030.74	449.788
3030.01	511.521
3029.28	470.26
3028.56	422.146
3027.83	418.657
3027.1	432.324
3026.37	445.988
3025.64	411.625
3024.91	473.304
3024.18	510.961
3023.45	473.174
3022.72	466.253
3022	442.194
3021.27	466.125
3020.54	503.757
3019.81	489.983
3019.08	510.472
3018.35	476.147
3017.62	448.681
3016.89	479.441
3016.16	489.647
3015.43	465.615
3014.7	499.783
3013.97	458.642
3013.24	574.935
3012.51	475.625
3011.77	478.982
3011.04	431.024
3010.31	454.908
3009.58	468.525
3008.85	441.106
3008.12	413.694
3007.39	529.866
3006.66	502.449
3005.92	471.622
3005.19	451.055
3004.46	450.993
3003.73	468.012
3003	474.78
3002.27	457.639
3001.53	525.871
3000.8	505.313
3000.07	495.003
2999.34	505.175
2998.6	494.867
2997.87	474.325
2997.14	487.908
2996.41	494.664
2995.67	487.774
2994.94	494.528
2994.21	494.461
2993.47	521.67
2992.74	487.507
2992.01	507.892
2991.27	470.333
2990.54	487.307
2989.81	551.978
2989.07	500.801
2988.34	521.17
2987.6	473.417
2986.87	497.19
2986.14	452.857
2985.4	486.84
2984.67	507.197
2983.93	486.707
2983.2	520.671
2982.46	524.002
2981.73	523.93
2980.99	574.884
2980.26	472.769
2979.52	510.112
2978.79	523.643
2978.05	520.172
2977.32	492.906
2976.58	523.428
2975.85	496.169
2975.11	523.285
2974.37	513.021
2973.64	512.951
2972.9	512.88
2972.17	495.83
2971.43	516.135
2970.69	560.202
2969.96	566.915
2969.22	465.01
2968.48	546.397
2967.75	559.895
2967.01	563.211
2966.27	519.033
2965.54	549.489
2964.8	505.325
2964.06	508.647
2963.33	478.063
2962.59	542.408
2961.85	518.607
2961.11	569.372
2960.37	565.906
2959.64	531.946
2958.9	558.975
2958.16	541.962
2957.42	524.954
2956.68	545.2
2955.95	548.511
2955.21	497.655
2954.47	487.432
2953.73	599.053
2952.99	554.979
2952.25	568.437
2951.51	514.23
2950.77	534.455
2950.04	537.764
2949.3	581.652
2948.56	513.948
2947.82	551.066
2947.08	618.597
2946.34	601.613
2945.6	523.805
2944.86	574.417
2944.12	601.366
2943.38	570.881
2942.64	557.293
2941.9	590.987
2941.16	543.634
2940.42	584.073
2939.68	543.485
2938.94	556.911
2938.19	523.087
2937.45	536.513
2936.71	583.673
2935.97	576.846
2935.23	580.14
2934.49	586.805
2933.75	515.913
2933.01	542.815
2932.26	630.388
2931.52	589.854
2930.78	525.741
2930.04	589.693
2929.3	626.673
2928.56	559.212
2927.81	572.609
2927.07	579.266
2926.33	572.452
2925.59	521.87
2924.84	572.295
2924.1	521.727
2923.36	578.869
2922.61	572.06
2921.87	588.804
2921.13	581.995
2920.39	568.461
2919.64	608.741
2918.9	561.579
2918.16	551.415
2917.41	568.149
2916.67	598.323
2915.92	584.798
2915.18	614.962
2914.44	557.758
2913.69	517.367
2912.95	574.4
2912.2	621.342
2911.46	570.884
2910.71	614.456
2909.97	590.871
2909.22	550.509
2908.48	620.916
2907.73	620.831
2906.99	620.746
2906.24	553.562
2905.5	576.967
2904.75	583.596
2904.01	593.577
2903.26	620.32
2902.52	519.656
2901.77	600.037
2901.03	529.569
2900.28	552.955
2899.53	532.775
2898.79	502.549
2898.04	535.978
2897.29	639.736
2896.55	606.159
2895.8	522.364
2895.05	609.341
2894.31	569.086
2893.56	542.232
2892.81	532.117
2892.07	588.93
2891.32	582.157
2890.57	608.84
2889.82	575.308
2889.08	612.017
2888.33	568.462
2887.58	541.637
2886.83	605.079
2886.09	551.516
2885.34	588.203
2884.59	578.097
2883.84	501.172
2883.09	614.686
2882.34	604.581
2881.6	577.78
2880.85	561.004
2880.1	584.299
2879.35	524.128
2878.6	564.112
2877.85	610.759
2877.1	590.653
2876.35	547.197
2875.6	603.835
2874.85	577.067
2874.11	566.983
2873.36	543.562
2872.61	580.164
2871.86	596.754
2871.11	586.672
2870.36	559.928
2869.61	596.508
2868.86	589.762
2868.1	632.991
2867.35	536.303
2866.6	639.479
2865.85	582.778
2865.1	582.698
2864.35	602.594
2863.6	575.881
2862.85	539.19
2862.1	579.051
2861.35	542.369
2860.6	618.815
2859.84	575.486
2859.09	535.494
2858.34	601.933
2857.59	645.077
2856.84	615.066
2856.08	598.361
2855.33	624.869
2854.58	634.753
2853.83	614.728
2853.08	631.256
2852.32	674.355
2851.57	591.225
2850.82	624.354
2850.06	617.627
2849.31	571.061
2848.56	624.097
2847.8	673.8
2847.05	667.07
2846.3	627.158
2845.54	623.754
2844.79	653.525
2844.04	636.851
2843.28	693.144
2842.53	643.308
2841.78	620.011
2841.02	623.241
2840.27	706.022
2839.51	626.384
2838.76	622.984
2838	675.911
2837.25	652.629
2836.49	695.6
2835.74	649.138
2834.98	688.786
2834.23	718.491
2833.47	609.143
2832.72	648.781
2831.96	655.311
2831.21	645.294
2830.45	678.293
2829.7	678.199
2828.94	704.569
2828.19	694.55
2827.43	717.603
2826.67	677.827
2825.92	717.406
2825.16	690.863
2824.4	720.514
2823.65	717.111
2822.89	674.058
2822.13	720.218
2821.38	654.053
2820.62	706.808
2819.86	663.78
2819.11	673.595
2818.35	719.723
2817.59	732.828
2816.83	745.93
2816.08	699.626
2815.32	689.631
2814.56	676.339
2813.8	748.819
2813.05	695.943
2812.29	735.422
2811.53	718.834
2810.77	801.159
2810.01	771.38
2809.25	698.761
2808.5	731.621
2807.74	741.406
2806.98	714.947
2806.22	754.38
2805.46	698.282
2804.7	754.172
2803.94	806.755
2803.18	770.427
2802.42	852.621
2801.66	783.382
2800.9	832.64
2800.14	714.063
2799.38	806.09
2798.62	842.166
2797.86	809.158
2797.1	815.624
2796.34	782.628
2795.58	825.264
2794.82	861.312
2794.06	825.037
2793.3	903.801
2792.54	900.39
2791.78	795.126
2791.02	890.287
2790.26	916.443
2789.5	899.896
2788.74	837.379
2787.97	886.515
2787.21	892.959
2786.45	945.356
2785.69	918.97
2784.93	945.096
2784.17	948.247
2783.4	879.223
2782.64	964.388
2781.88	938.017
2781.12	885.419
2780.35	914.807
2779.59	927.795
2778.83	967.003
2778.07	947.205
2777.3	983.123
2776.54	953.498
2775.78	1015.61
2775.01	1005.65
2774.25	976.032
2773.49	1070.87
2772.72	1116.56
2771.96	1028.01
2771.2	1083.52
2770.43	1125.92
2769.67	1106.13
2768.91	1141.97
2768.14	1115.64
2767.38	1089.32
2766.61	1125.15
2765.85	1157.69
2765.08	1193.5
2764.32	1245.65
2763.55	1216.06
2762.79	1222.43
2762.02	1251.67
2761.26	1352.8
2760.49	1352.61
2759.73	1306.69
2758.96	1401.23
2758.2	1482.69
2757.43	1420.44
2756.67	1514.93
2755.9	1563.69
2755.13	1576.53
2754.37	1576.31
2753.6	1700.09
2752.84	1686.81
2752.07	1784.45
2751.3	1780.94
2750.54	1937.24
2749.77	1943.49
2749	2067.12
2748.24	2030.98
2747.47	2063.29
2746.7	2258.56
2745.94	2241.95
2745.17	2238.39
2744.4	2511.73
2743.63	2530.93
2742.87	2677.14
2742.1	2741.9
2741.33	2715.47
2740.56	2923.45
2739.79	3059.76
2739.03	3039.82
2738.26	3143.53
2737.49	3302.53
2736.72	3445.22
2735.95	3340.66
2735.18	3597.13
2734.42	3687.69
2733.65	3768.47
2732.88	3842.73
2732.11	3968.97
2731.34	3955.43
2730.57	4153.11
2729.8	4376.74
2729.03	4428.12
2728.26	4450.25
2727.49	4543.83
2726.72	4799.75
2725.95	4990.66
2725.18	4840.64
2724.41	5080.18
2723.64	5137.91
2722.87	5299.46
2722.1	5253.3
2721.33	5323.96
2720.56	5294.03
2719.79	5423.04
2719.02	5629.84
2718.25	5398.85
2717.48	5663.96
2716.7	5627.52
2715.93	5652.67
2715.16	5719.95
2714.39	5647.88
2713.62	5828.53
2712.85	5724.07
2712.07	5600.2
2711.3	5709.54
2710.53	5786.47
2709.76	5701.49
2708.99	5661.86
2708.21	5680.5
2707.44	5618.23
2706.67	5691.88
2705.9	5700.81
2705.12	5557.68
2704.35	5498.7
2703.58	5497.94
2702.8	5481.01
2702.03	5438.23
2701.26	5379.29
2700.48	5191.08
2699.71	5319.64
2698.94	5254.27
2698.16	5146.93
2697.39	5120.38
2696.62	5277.95
2695.84	5086.67
2695.07	5186.08
2694.29	4994.87
2693.52	5123.31
2692.74	5093.55
2691.97	5054.12
2691.19	4814.63
2690.42	4910.76
2689.64	4884.28
2688.87	4857.8
2688.09	4947.44
2687.32	4859.69
2686.54	4913.83
2685.77	4790.65
2684.99	4838.34
2684.22	4815.11
2683.44	4888.57
2682.67	4742.9
2681.89	4658.49
2681.11	4683.61
2680.34	4483.28
2679.56	4614.7
2678.78	4485.27
2678.01	4590.89
2677.23	4323.08
2676.45	4448.01
2675.68	4341.2
2674.9	4314.86
2674.12	4385.05
2673.35	4271.85
2672.57	4084.72
2671.79	4010.19
2671.01	3881.02
2670.24	3877.27
2669.46	3879.95
2668.68	3866.56
2667.9	3612.15
2667.13	3640.57
2666.35	3640.07
2665.57	3485.38
2664.79	3484.9
2664.01	3407.34
2663.23	3374.76
2662.45	3204.14
2661.68	3229.38
2660.9	3254.61
2660.12	3212.44
2659.34	2993.8
2658.56	2887.51
2657.78	2989.77
2657	2841.81
2656.22	2677.86
2655.44	2831.41
2654.66	2680.33
2653.88	2606.23
2653.1	2602.67
2652.32	2627.95
2651.54	2576.31
2650.76	2553.53
2649.98	2409.02
2649.2	2312.6
2648.42	2347.51
2647.64	2318.37
2646.86	2273.22
2646.08	2269.71
2645.3	2186.17
2644.52	2185.87
2643.73	2163.17
2642.95	2124.48
2642.17	2053.81
2641.39	2130.29
2640.61	2098.01
2639.83	2065.75
2639.04	2014.31
2638.26	1914.93
2637.48	1975.39
2636.7	1863.26
2635.92	1853.42
2635.13	1811.63
2634.35	1929.58
2633.57	1836.68
2632.79	1842.81
2632	1820.21
2631.22	1791.22
2630.44	1746.28
2629.65	1742.85
2628.87	1748.99
2628.09	1755.13
2627.3	1608.12
2626.52	1652.56
2625.74	1642.76
2624.95	1581.94
2624.17	1524.32
2623.38	1508.16
2622.6	1539.84
2621.82	1453.56
2621.03	1523.48
2620.25	1475.46
2619.46	1376.49
2618.68	1414.53
2617.89	1446.18
2617.11	1410.95
2616.32	1388.46
2615.54	1343.69
2614.75	1353.06
2613.97	1387.89
2613.18	1241.29
2612.4	1336.59
2611.61	1301.4
2610.82	1186.69
2610.04	1250.15
2609.25	1167.28
2608.47	1151.22
2607.68	1236.91
2606.89	1185.87
2606.11	1176.17
2605.32	1112.44
2604.53	1112.29
2603.75	1102.6
2602.96	1083.39
2602.17	1105.47
2601.39	1114.85
2600.6	1111.52
2599.81	997.056
2599.02	1088.99
2598.24	1114.24
2597.45	987.121
2596.66	1021.89
2595.87	1040.79
2595.08	1012.09
2594.3	1021.47
2593.51	1011.81
2592.72	973.619
2591.93	979.826
2591.14	947.986
2590.35	960.535
2589.57	969.912
2588.78	903.224
2587.99	833.387
2587.2	953.668
2586.41	940.865
2585.62	962.908
2584.83	896.267
2584.04	905.643
2583.25	889.687
2582.46	914.89
2581.67	883.111
2580.88	930.462
2580.09	863.881
2579.3	838.45
2578.51	857.316
2577.72	850.871
2576.93	841.266
2576.14	834.825
2575.35	850.519
2574.56	825.111
2573.77	856.606
2572.98	897.574
2572.19	865.849
2571.4	853.091
2570.6	811.904
2569.81	799.157
2569.02	780.097
2568.23	839.989
2567.44	795.669
2566.65	776.617
2565.85	858.58
2565.06	766.934
2564.27	839.409
2563.48	791.965
2562.68	810.784
2561.89	775.974
2561.1	829.484
2560.31	794.681
2559.51	826.102
2558.72	772.393
2557.93	819.569
2557.13	737.51
2556.34	790.981
2555.55	781.419
2554.75	800.214
2553.96	796.953
2553.17	803.142
2552.37	768.391
2551.58	806.069
2550.78	774.475
2549.99	746.037
2549.2	837.209
2548.4	748.978
2547.61	711.116
2546.81	745.625
2546.02	748.668
2545.22	723.403
2544.43	776.764
2543.63	782.946
2542.84	741.966
2542.04	785.873
2541.25	748.048
2540.45	716.518
2539.66	688.139
2538.86	779.155
2538.06	725.645
2537.27	747.531
2536.47	731.725
2535.68	700.224
2534.88	731.523
2534.08	772.231
2533.29	809.789
2532.49	734.358
2531.69	737.394
2530.9	752.98
2530.1	690.136
2529.3	718.27
2528.51	749.531
2527.71	711.8
2526.91	724.242
2526.11	758.625
2525.32	774.192
2524.52	717.674
2523.72	736.376
2522.92	742.54
2522.12	770.632
2521.33	767.393
2520.53	792.341
2519.73	754.655
2518.93	792.122
2518.13	763.838
2517.33	757.472
2516.53	735.46
2515.74	735.359
2514.94	707.098
2514.14	716.385
2513.34	725.67
2512.54	772.482
2511.74	731.723
2510.94	750.382
2510.14	825.306
2509.34	672.031
2508.54	687.565
2507.74	762.466
2506.94	727.992
2506.14	777.875
2505.34	777.768
2504.54	743.306
2503.74	827.516
2502.94	749.345
2502.14	761.728
2501.34	767.866
2500.54	705.34
2499.73	708.363
2498.93	770.668
2498.13	770.561
2497.33	782.931
2496.53	779.704
2495.73	757.768
2494.92	779.489
2494.12	804.321
2493.32	773.039
2492.52	788.515
2491.72	763.476
2490.91	750.907
2490.11	778.842
2489.31	791.194
2488.51	769.283
2487.7	812.773
2486.9	787.752
2486.1	796.983
2485.29	796.872
2484.49	778.088
2483.69	830.883
2482.88	836.991
2482.08	805.765
2481.28	802.542
2480.47	824.203
2479.67	808.54
2478.87	864.396
2478.06	851.841
2477.26	814.421
2476.45	857.821
2475.65	863.918
2474.84	776.797
2474.04	966.202
2473.23	860.453
2472.43	832.381
2471.62	850.898
2470.82	937.721
2470.01	894.127
2469.21	853.649
2468.4	983.888
2467.6	940.306
2466.79	906.044
2465.99	989.685
2465.18	918.201
2464.37	1014.22
2463.57	976.869
2462.76	1017.04
2461.96	979.699
2461.15	1035.36
2460.34	926.737
2459.54	951.401
2458.73	957.466
2457.92	969.727
2457.11	1019.16
2456.31	1053.09
2455.5	1009.58
2454.69	935.129
2453.89	993.824
2453.08	1027.74
2452.27	1018.31
2451.46	1046.02
2450.65	1027.31
2449.85	956.009
2449.04	1036.31
2448.23	1036.16
2447.42	1020.56
2446.61	1048.24
2445.8	1017.18
2445	939.759
2444.19	1010.72
2443.38	964.222
2442.57	927.008
2441.76	994.851
2440.95	982.356
2440.14	938.978
2439.33	941.936
2438.52	988.124
2437.71	994.162
2436.9	1043.42
2436.09	944.501
2435.28	962.887
2434.47	904.125
2433.66	931.767
2432.85	913.129
2432.04	919.171
2431.23	882.035
2430.42	851.077
2429.61	823.211
2428.8	835.427
2427.99	822.982
2427.18	856.769
2426.36	770.369
2425.55	797.992
2424.74	770.156
2423.93	760.808
2423.12	739.145
2422.31	766.756
2421.49	775.887
2420.68	763.465
2419.87	695.642
2419.06	674.002
2418.24	704.681
2417.43	673.816
2416.62	710.638
2415.81	698.236
2414.99	735.045
2414.18	688.817
2413.37	691.797
2412.55	620.994
2411.74	682.383
2410.93	651.555
2410.11	602.298
2409.3	617.577
2408.49	629.78
2407.67	669.624
2406.86	666.46
2406.04	577.314
2405.23	617.149
2404.42	641.623
2403.6	610.839
2402.79	672.136
2401.97	644.425
2401.16	628.994
2400.34	619.704
2399.53	530.663
2398.71	582.728
2397.9	616.379
2397.08	582.566
2396.27	603.945
2395.45	600.796
2394.64	563.935
2393.82	594.501
2393	640.379
2392.19	588.209
2391.37	591.19
2390.56	584.983
2389.74	627.774
2388.92	575.635
2388.11	612.293
2387.29	603.025
2386.47	572.335
2385.66	563.075
2384.84	660.909
2384.02	547.622
2383.2	593.43
2382.39	565.821
2381.57	562.685
2380.75	605.414
2379.93	580.872
2379.12	553.28
2378.3	559.316
2377.48	537.847
2376.66	580.55
2375.84	586.579
2375.02	580.389
2374.21	565.037
2373.39	589.389
2372.57	570.987
2371.75	528.166
2370.93	573.881
2370.11	567.697
2369.29	592.032
2368.47	564.488
2367.65	619.325
2366.83	588.735
2366.01	582.553
2365.19	545.877
2364.38	570.195
2363.56	533.531
2362.73	557.843
2361.91	554.718
2361.09	594.258
2360.27	551.517
2359.45	536.207
2358.63	587.918
2357.81	624.386
2356.99	517.712
2356.17	602.898
2355.35	538.88
2354.53	541.849
2353.71	541.774
2352.88	575.174
2352.06	556.838
2351.24	562.845
2350.42	559.725
2349.6	544.44
2348.78	532.199
2347.95	568.614
2347.13	629.341
2346.31	574.536
2345.49	598.772
2344.66	556.142
2343.84	540.872
2343.02	586.37
2342.19	528.571
2341.37	558.871
2340.55	549.682
2339.73	576.935
2338.9	549.53
2338.08	591.953
2337.25	573.659
2336.43	543.231
2335.61	567.431
2334.78	552.182
2333.96	546.038
2333.13	576.294
2332.31	670.228
2331.49	664.07
2330.66	688.233
2329.84	600.225
2329.01	600.142
2328.19	597.028
2327.36	612.096
2326.54	560.505
2325.71	542.251
2324.89	584.581
2324.06	590.556
2323.23	566.25
2322.41	587.365
2321.58	575.174
2320.76	572.067
2319.93	587.12
2319.11	559.805
2318.28	529.471
2317.45	526.373
2316.63	604.942
2315.8	538.323
2314.97	498.938
2314.15	595.619
2313.32	583.445
2312.49	556.16
2311.66	559.105
2310.84	556.005
2310.01	513.629
2309.18	586.06
2308.35	525.569
2307.53	558.716
2306.7	495.226
2305.87	558.561
2305.04	564.521
2304.21	594.627
2303.39	567.382
2302.56	540.145
2301.73	564.207
2300.9	530.945
2300.07	521.822
2299.24	542.861
2298.41	594.048
2297.58	563.815
2296.75	542.635
2295.93	560.644
2295.1	515.359
2294.27	539.395
2293.44	536.307
2292.61	620.583
2291.78	665.679
2290.95	542.107
2290.12	551.065
2289.29	520.88
2288.46	535.86
2287.62	535.785
2286.79	538.72
2285.96	568.737
2285.13	598.746
2284.3	568.579
2283.47	526.389
2282.64	550.376
2281.81	547.292
2280.98	541.203
2280.14	532.109
2279.31	553.075
2278.48	562.015
2277.65	561.937
2276.82	564.863
2275.98	495.689
2275.15	516.646
2274.32	510.567
2273.49	573.558
2272.66	576.48
2271.82	570.396
2270.99	546.303
2270.16	522.217
2269.32	597.165
2268.49	516.071
2267.66	560.999
2266.82	548.923
2265.99	530.852
2265.16	545.771
2264.32	557.689
2263.49	515.64
2262.65	512.571
2261.82	569.444
2260.99	524.415
2260.15	584.267
2259.32	554.228
2258.48	563.137
2257.65	524.123
2256.81	533.034
2255.98	583.861
2255.14	562.823
2254.31	514.852
2253.47	544.709
2252.64	505.731
2251.8	571.486
2250.97	490.632
2250.13	526.458
2249.29	565.266
2248.46	523.321
2247.62	544.179
2246.79	538.124
2245.95	511.146
2245.11	517.053
2244.28	543.876
2243.44	558.739
2242.6	543.724
2241.77	570.532
2240.93	570.453
2240.09	531.552
2239.25	540.436
2238.42	555.287
2237.58	570.135
2236.74	555.133
2235.9	513.277
2235.07	534.092
2234.23	522.084
2233.39	516.046
2232.55	524.921
2231.71	560.633
2230.88	554.592
2230.04	554.515
2229.2	554.437
2228.36	584.164
2227.52	566.203
2226.68	527.389
2225.84	515.399
2225	491.497
2224.16	586.736
2223.32	541.985
2222.48	583.595
2221.64	473.361
2220.8	517.945
2219.96	550.612
2219.12	550.535
2218.28	580.213
2217.44	478.981
2216.6	556.255
2215.76	574.022
2214.92	529.335
2214.08	532.235
2213.24	544.053
2212.4	543.977
2211.56	567.678
2210.72	517.08
2209.88	537.807
2209.03	540.703
2208.19	519.834
2207.35	555.403
2206.51	534.538
2205.67	528.525
2204.82	570.014
2203.98	522.44
2203.14	519.4
2202.3	587.582
2201.46	560.795
2200.61	560.717
2199.77	602.168
2198.93	495.31
2198.08	557.517
2197.24	530.753
2196.4	506.962
2195.55	557.284
2194.71	515.712
2193.87	586.763
2193.02	568.903
2192.18	565.861
2191.34	545.047
2190.49	592.36
2189.65	541.933
2188.8	547.78
2187.96	500.334
2187.11	520.986
2186.27	526.833
2185.42	541.556
2184.58	568.11
2183.73	579.865
2182.89	502.874
2182.04	567.873
2181.2	514.563
2180.35	564.757
2179.51	582.417
2178.66	543.908
2177.82	608.855
2176.97	552.622
2176.12	546.635
2175.28	543.604
2174.43	555.344
2173.59	572.988
2172.74	546.33
2171.89	587.592
2171.05	584.558
2170.2	569.717
2169.35	587.346
2168.5	469.221
2167.66	545.873
2166.81	551.697
2165.96	513.272
2165.11	551.543
2164.27	595.702
2163.42	533.698
2162.57	533.623
2161.72	512.914
2160.87	521.685
2160.03	536.347
2159.18	503.86
2158.33	559.766
2157.48	550.851
2156.63	550.774
2155.78	515.358
2154.93	535.898
2154.08	535.823
2153.24	541.636
2152.39	565.106
2151.54	541.485
2150.69	564.948
2149.84	553.101
2148.99	532.433
2148.14	567.653
2147.29	541.107
2146.44	549.852
2145.59	505.676
2144.74	549.699
2143.89	543.744
2143.03	517.219
2142.18	502.455
2141.33	561.144
2140.48	499.377
2139.63	511.056
2138.78	572.655
2137.93	466.869
2137.08	510.842
2136.22	519.577
2135.37	534.18
2134.52	522.367
2133.67	586.847
2132.82	542.758
2131.96	563.216
2131.11	533.807
2130.26	536.665
2129.41	557.115
2128.55	568.765
2127.7	533.509
2126.85	533.434
2126	553.874
2125.14	547.936
2124.29	565.438
2123.44	547.783
2122.58	527.204
2121.73	500.774
2120.87	521.2
2120.02	562.115
2119.17	538.619
2118.31	585.373
2117.46	576.512
2116.6	564.727
2115.75	509.061
2114.89	544.093
2114.04	520.618
2113.18	500.075
2112.33	552.637
2111.47	581.796
2110.62	537.866
2109.76	567.019
2108.91	581.552
2108.05	587.314
2107.2	482.056
2106.34	514.122
2105.49	505.287
2104.63	557.783
2103.77	508.066
2102.92	519.673
2102.06	528.358
2101.2	487.422
2100.35	548.638
2099.49	513.547
2098.63	490.135
2097.78	603.832
2096.92	545.415
2096.06	548.255
2095.21	559.841
2094.35	551.017
2093.49	510.13
2092.63	550.863
2091.77	588.671
2090.92	547.795
2090.06	544.805
2089.2	556.381
2088.34	544.653
2087.48	532.928
2086.62	529.942
2085.77	547.336
2084.91	506.506
2084.05	555.914
2083.19	529.645
2082.33	611.044
2081.47	520.769
2080.61	535.241
2079.75	575.885
2078.89	532.183
2078.03	537.924
2077.17	610.531
2076.31	558.122
2075.45	578.389
2074.59	549.247
2073.73	589.85
2072.87	549.094
2072.01	517.063
2071.15	583.793
2070.29	548.863
2069.43	551.69
2068.57	551.613
2067.71	505.091
2066.84	522.434
2065.98	519.459
2065.12	574.517
2064.26	516.413
2063.4	556.951
2062.54	562.674
2061.67	571.295
2060.81	582.814
2059.95	518.951
2059.09	562.359
2058.22	594.163
2057.36	553.508
2056.5	562.123
2055.64	576.53
2054.77	538.792
2053.91	616.917
2053.05	593.664
2052.18	558.834
2051.32	593.498
2050.46	567.362
2049.59	567.283
2048.73	607.718
2047.86	596.059
2047	572.831
2046.14	621.926
2045.27	607.378
2044.41	592.833
2043.54	581.184
2042.68	526.173
2041.81	630.163
2040.95	601.172
2040.08	572.189
2039.22	583.667
2038.35	531.583
2037.49	580.615
2036.62	574.757
2035.75	615.106
2034.89	603.47
2034.02	568.742
2033.16	560.002
2032.29	608.989
2031.42	614.675
2030.56	568.423
2029.69	579.883
2028.82	599.994
2027.96	553.763
2027.09	585.407
2026.22	596.859
2025.36	550.648
2024.49	573.631
2023.62	590.844
2022.75	584.997
2021.89	625.254
2021.02	547.381
2020.15	535.782
2019.28	607.711
2018.42	633.543
2017.55	607.54
2016.68	601.697
2015.81	558.435
2014.94	647.579
2014.07	578.423
2013.2	595.606
2012.33	566.753
2011.47	572.427
2010.6	572.346
2009.73	595.272
2008.86	615.315
2007.99	603.73
2007.12	603.645
2006.25	554.701
2005.38	554.623
2004.51	609.138
2003.64	637.781
2002.77	649.182
2001.9	568.672
2001.03	603.053
2000.16	594.355
1999.29	585.659
1998.41	628.634
1997.54	625.675
1996.67	545.237
1995.8	582.461
1994.93	553.691
1994.06	608.114
1993.19	593.688
1992.31	553.458
1991.44	650.867
1990.57	639.308
1989.7	581.889
1988.83	604.736
1987.95	618.98
1987.08	555.857
1986.21	604.482
1985.34	570.024
1984.46	572.808
1983.59	572.727
1982.72	635.638
1981.84	618.372
1980.97	563.899
1980.1	575.268
1979.22	638.143
1978.35	580.829
1977.48	606.495
1976.6	586.387
1975.73	646.365
1974.85	569.065
1973.98	566.126
1973.1	531.741
1972.23	588.834
1971.35	548.739
1970.48	620.103
1969.6	588.587
1968.73	608.502
1967.85	594.134
1966.98	585.483
1966.1	611.101
1965.23	599.594
1964.35	593.801
1963.48	590.863
1962.6	573.656
1961.72	573.575
1960.85	639.119
1959.97	596.237
1959.1	590.448
1958.22	616.034
1957.34	610.244
1956.47	627.265
1955.59	555.907
1954.71	564.38
1953.83	581.401
1952.96	564.222
1952.08	623.976
1951.2	612.493
1950.32	558.288
1949.45	592.385
1948.57	635.016
1947.69	617.844
1946.81	583.595
1945.93	580.667
1945.06	554.971
1944.18	560.585
1943.3	591.803
1942.42	651.461
1941.54	588.793
1940.66	560.27
1939.78	636.969
1938.9	540.21
1938.02	554.348
1937.14	602.591
1936.26	613.875
1935.38	554.115
1934.5	585.29
1933.62	576.685
1932.74	562.402
1931.86	525.403
1930.98	584.961
1930.1	638.824
1929.22	587.636
1928.34	590.392
1927.46	587.471
1926.58	593.063
1925.7	561.77
1924.82	567.365
1923.94	587.14
1923.05	570.042
1922.17	541.605
1921.29	541.529
1920.41	586.811
1919.53	544.212
1918.65	592.314
1917.76	561.06
1916.88	543.982
1916	555.237
1915.12	574.986
1914.23	580.569
1913.35	563.498
1912.47	571.912
1911.58	549.185
1910.7	537.786
1909.82	517.9
1908.93	554.613
1908.05	579.998
1907.17	574.259
1906.28	534.58
1905.4	571.27
1904.51	568.362
1903.63	602.209
1902.75	559.721
1901.86	531.378
1900.98	522.825
1900.09	604.696
1899.21	542.455
1898.32	516.954
1897.44	533.829
1896.55	561.994
1895.67	609.918
1894.78	573.13
1893.9	527.883
1893.01	567.323
1892.12	570.066
1891.24	522.016
1890.35	550.156
1889.47	510.586
1888.58	564.104
1887.69	547.104
1886.81	592.143
1885.92	639.988
1885.03	572.243
1884.15	594.711
1883.26	529.81
1882.37	557.913
1881.48	571.921
1880.6	540.854
1879.71	580.21
1878.82	628.003
1877.93	585.678
1877.04	568.704
1876.16	593.958
1875.27	565.729
1874.38	548.764
1873.49	627.473
1872.6	568.304
1871.71	582.289
1870.83	559.706
1869.94	587.749
1869.05	567.984
1868.16	635.378
1867.27	584.69
1866.38	536.827
1865.49	559.233
1864.6	581.633
1863.71	561.885
1862.82	609.56
1861.93	578.579
1861.04	586.922
1860.15	584.032
1859.26	597.987
1858.37	561.411
1857.48	552.912
1856.59	594.928
1855.7	507.862
1854.8	583.539
1853.91	600.287
1853.02	552.523
1852.13	580.488
1851.24	538.348
1850.35	563.503
1849.46	569.03
1848.56	602.583
1847.67	535.242
1846.78	608.017
1845.89	605.129
1844.99	529.414
1844.1	537.741
1843.21	590.872
1842.32	540.39
1841.42	537.514
1840.53	548.635
1839.64	598.936
1838.74	607.246
1837.85	584.777
1836.96	612.67
1836.06	604.192
1835.17	523
1834.27	629.19
1833.38	564.793
1832.49	564.713
1831.59	483.573
1830.7	567.349
1829.8	589.625
1828.91	533.661
1828.01	564.316
1827.12	555.856
1826.22	603.257
1825.33	617.134
1824.43	577.958
1823.54	600.21
1822.64	575.004
1821.75	521.896
1820.85	569.261
1819.95	574.761
1819.06	546.782
1818.16	577.388
1817.26	557.784
1816.37	580.014
1815.47	582.72
1814.57	538.034
1813.68	576.981
1812.78	551.817
1811.88	540.593
1810.99	585.095
1810.09	540.44
1809.19	559.862
1808.29	509.653
1807.4	559.704
1806.5	587.467
1805.6	565.114
1804.7	573.384
1803.8	539.907
1802.9	539.831
1802.01	581.488
1801.11	553.588
1800.21	550.728
1799.31	511.716
1798.41	553.354
1797.51	572.738
1796.61	517.059
1795.71	614.269
1794.81	597.507
1793.91	547.406
1793.01	508.432
1792.11	597.254
1791.21	530.509
1790.31	613.749
1789.41	585.895
1788.51	610.799
1787.61	566.297
1786.71	591.198
1785.81	568.913
1784.91	557.733
1784.01	568.752
1783.11	535.384
1782.21	557.497
1781.3	579.604
1780.4	632.206
1779.5	593.303
1778.6	612.624
1777.7	595.907
1776.79	590.281
1775.89	628.99
1774.99	609.507
1774.09	609.421
1773.19	595.487
1772.28	573.248
1771.38	556.554
1770.48	603.54
1769.57	622.832
1768.67	611.673
1767.77	606.052
1766.86	603.199
1765.96	569.915
1765.06	633.457
1764.15	616.773
1763.25	627.747
1762.34	666.369
1761.44	644.158
1760.54	621.953
1759.63	610.81
1758.73	627.304
1757.82	693.529
1756.92	638.178
1756.01	654.661
1755.11	651.807
1754.2	662.761
1753.3	712.367
1752.39	684.659
1751.48	690.083
1750.58	634.787
1749.67	714.724
1748.77	720.142
1747.86	703.487
1746.95	659.254
1746.05	672.951
1745.14	664.583
1744.23	722.39
1743.33	675.422
1742.42	738.725
1741.51	653.183
1740.61	658.602
1739.7	727.39
1738.79	674.945
1737.88	650.059
1736.98	647.213
1736.07	715.965
1735.16	713.11
1734.25	663.456
1733.34	685.383
1732.43	657.765
1731.53	685.189
1730.62	679.59
1729.71	679.494
1728.8	660.143
1727.89	676.551
1726.98	701.204
1726.07	626.87
1725.16	709.253
1724.25	654.179
1723.34	684.318
1722.43	634.759
1721.52	664.892
1720.61	673.039
1719.7	650.97
1718.79	645.386
1717.88	653.532
1716.97	653.44
1716.06	697.27
1715.15	631.297
1714.24	642.185
1713.33	636.606
1712.42	639.26
1711.51	611.737
1710.6	680.221
1709.68	660.928
1708.77	625.188
1707.86	677.191
1706.95	655.165
1706.04	644.109
1705.12	652.239
1704.21	679.548
1703.3	643.835
1702.39	671.138
1701.47	619.003
1700.56	638.085
1699.65	624.304
1698.73	599.575
1697.82	646.026
1696.91	654.146
1695.99	610.267
1695.08	719.631
1694.17	675.755
1693.25	612.744
1692.34	661.888
1691.42	743.835
1690.51	601.546
1689.6	678.011
1688.68	658.78
1687.77	680.552
1686.85	636.732
1685.94	737.739
1685.02	663.871
1684.11	696.556
1683.19	606.328
1682.28	647.204
1681.36	709.913
1680.44	649.751
1679.53	701.523
1678.61	649.567
1677.7	714.968
1676.78	635.741
1675.86	769.328
1674.95	711.937
1674.03	725.473
1673.11	700.828
1672.2	676.189
1671.28	738.796
1670.36	738.691
1669.45	689.529
1668.53	694.881
1667.61	768.348
1666.69	721.927
1665.77	708.205
1664.86	773.469
1663.94	716.174
1663.02	743.3
1662.1	707.804
1661.18	732.201
1660.27	664.059
1659.35	712.946
1658.43	756.377
1657.51	742.668
1656.59	777.923
1655.67	756.056
1654.75	731.475
1653.83	753.123
1652.91	807.385
1651.99	712.138
1651.07	752.802
1650.15	779.869
1649.23	842.248
1648.31	804.097
1647.39	790.402
1646.47	757.701
1645.55	828.193
1644.63	773.776
1643.71	817.1
1642.79	797.985
1641.87	846.721
1640.94	873.735
1640.02	822.063
1639.1	859.924
1638.18	897.774
1637.26	824.425
1636.34	908.366
1635.41	973.305
1634.49	913.53
1633.57	924.242
1632.65	975.601
1631.72	1029.65
1630.8	921.14
1629.88	1061.87
1628.96	1069.84
1628.03	1075.11
1627.11	1215.76
1626.19	1245.36
1625.26	1272.26
1624.34	1258.54
1623.41	1339.55
1622.49	1374.53
1621.57	1509.61
1620.64	1517.51
1619.72	1644.41
1618.79	1630.66
1617.87	1625.02
1616.94	1757.26
1616.02	1754.31
1615.09	1735.14
1614.17	1751.11
1613.24	1775.18
1612.32	1853.27
1611.39	1863.81
1610.47	1947.27
1609.54	1982.1
1608.62	2043.92
1607.69	2089.52
1606.76	2089.23
1605.84	2105.12
1604.91	2344.99
1603.98	2436.39
1603.06	2506.19
1602.13	2600.24
1601.2	2823.72
1600.28	3003.99
1599.35	3108.71
1598.42	3423.68
1597.49	3544.49
1596.57	3867.39
1595.64	4112.06
1594.71	4545.25
1593.78	4875.96
1592.85	5252.36
1591.93	5876.42
1591	6317.19
1590.07	7150.93
1589.14	7849.83
1588.21	8613.13
1587.28	9604.97
1586.35	10932.9
1585.42	11843.4
1584.5	13184.1
1583.57	14325.3
1582.64	15869.6
1581.71	17104.3
1580.78	18427.3
1579.85	19540.3
1578.92	20144.9
1577.99	20289.9
1577.06	19725.4
1576.13	19107.4
1575.19	18312.2
1574.26	17033.8
1573.33	15103.2
1572.4	14196.2
1571.47	12843.7
1570.54	11242
1569.61	10384.3
1568.68	9287.89
1567.74	8221.34
1566.81	7519.95
1565.88	6853.64
1564.95	6238.47
1564.02	5553.76
1563.08	5182.95
1562.15	4705.01
1561.22	4353.19
1560.29	4014.87
1559.35	3781.16
1558.42	3496.61
1557.49	3214.81
1556.55	3166.14
1555.62	2868.41
1554.69	2819.8
1553.75	2557
1552.82	2457.58
1551.89	2331.43
1550.95	2240.1
1550.02	2111.34
1549.08	2014.72
1548.15	1907.42
1547.21	1853.65
1546.28	1826.64
1545.34	1687.33
1544.41	1692.44
1543.47	1603.98
1542.54	1569.01
1541.6	1579.47
1540.67	1467.02
1539.73	1477.5
1538.8	1362.41
1537.86	1335.51
1536.92	1273.9
1535.99	1276.39
1535.05	1217.47
1534.11	1321.4
1533.18	1195.77
1532.24	1203.6
1531.3	1131.39
1530.37	1139.23
1529.43	1149.74
1528.49	1130.9
1527.56	1056.07
1526.62	1125.25
1525.68	1047.77
1524.74	1044.96
1523.8	1071.46
1522.87	1031.33
1521.93	1015.2
1520.99	1001.73
1520.05	961.635
1519.11	1001.45
1518.17	942.72
1517.23	987.851
1516.3	929.14
1515.36	966.275
1514.42	998.076
1513.48	968.661
1512.54	902.003
1511.6	933.8
1510.66	795.346
1509.72	920.236
1508.78	901.49
1507.84	943.904
1506.9	869.331
1505.96	871.865
1505.02	911.607
1504.08	914.135
1503.13	860.865
1502.19	820.893
1501.25	863.276
1500.31	868.465
1499.37	897.551
1498.43	825.736
1497.49	873.403
1496.54	830.809
1495.6	873.154
1494.66	896.912
1493.72	838.414
1492.78	817.072
1491.83	917.749
1490.89	787.666
1489.95	837.936
1489.01	800.698
1488.06	821.792
1487.12	758.061
1486.18	850.71
1485.23	757.845
1484.29	717.996
1483.34	781.471
1482.4	765.467
1481.46	760.061
1480.51	736.122
1479.57	717.484
1478.62	706.793
1477.68	685.518
1476.73	690.713
1475.79	735.597
1474.85	711.682
1473.9	669.256
1472.95	722.058
1472.01	669.065
1471.06	703.343
1470.12	668.874
1469.17	719.003
1468.23	644.896
1467.28	665.945
1466.33	613.005
1465.39	641.978
1464.44	665.66
1463.5	657.642
1462.55	631.141
1461.6	649.533
1460.65	612.481
1459.71	702.141
1458.76	593.831
1457.81	651.802
1456.87	635.878
1455.92	677.997
1454.97	619.87
1454.02	675.166
1453.07	614.419
1452.13	661.791
1451.18	666.969
1450.23	682.689
1449.28	648.33
1448.33	624.521
1447.38	561.199
1446.43	653.321
1445.48	655.862
1444.54	692.639
1443.59	679.374
1442.64	637.151
1441.69	613.368
1440.74	579.063
1439.79	639.51
1438.84	673.626
1437.89	610.387
1436.94	633.975
1435.99	641.775
1435.04	615.385
1434.08	641.592
1433.13	596.806
1432.18	667.696
1431.23	643.946
1430.28	670.134
1429.33	614.858
1428.38	633.161
1427.43	619.936
1426.47	646.113
1425.52	659.151
1424.57	603.917
1423.62	658.963
1422.66	614.244
1421.71	643.027
1420.76	690.171
1419.81	642.843
1418.85	637.504
1417.9	629.544
1416.95	653.059
1415.99	668.7
1415.04	655.494
1414.09	644.914
1413.13	689.383
1412.18	584.45
1411.23	657.74
1410.27	615.725
1409.32	633.975
1408.36	667.936
1407.41	652.126
1406.45	686.075
1405.5	651.94
1404.54	625.668
1403.59	706.721
1402.63	683.066
1401.68	633.25
1400.72	685.487
1399.77	680.157
1398.81	695.754
1397.85	653.81
1396.9	643.257
1395.94	690.226
1394.99	716.269
1394.03	747.531
1393.07	747.425
1392.12	736.866
1391.16	741.986
1390.2	775.839
1389.25	767.892
1388.29	741.667
1387.33	720.672
1386.37	809.335
1385.42	767.453
1384.46	811.714
1383.5	780.282
1382.54	821.919
1381.58	858.326
1380.62	884.288
1379.67	931.108
1378.71	912.721
1377.75	925.627
1376.79	943.744
1375.83	1016.6
1374.87	1000.81
1373.91	1026.73
1372.95	1146.44
1371.99	1138.46
1371.03	1268.53
1370.07	1224.08
1369.11	1229.11
1368.15	1294.03
1367.19	1325.08
1366.23	1457.64
1365.27	1405.38
1364.31	1483.24
1363.35	1566.29
1362.39	1550.46
1361.43	1612.66
1360.47	1591.62
1359.51	1695.41
1358.54	1825.16
1357.58	1780.71
1356.62	1816.84
1355.66	1751.61
1354.7	1821.52
1353.73	1870.62
1352.77	1919.71
1351.81	1872.69
1350.85	1968.51
1349.88	1937.06
1348.92	1978.33
1347.96	1941.7
1346.99	1941.42
1346.03	1993.05
1345.07	1855.24
1344.1	1961.35
1343.14	1883.24
1342.18	1895.94
1341.21	1877.52
1340.25	1822.8
1339.28	1755.13
1338.32	1744.51
1337.35	1803.87
1336.39	1627.4
1335.43	1598.67
1334.46	1588.07
1333.49	1546.4
1332.53	1502.15
1331.56	1530.42
1330.6	1403.33
1329.63	1405.72
1328.67	1307.16
1327.7	1330.26
1326.73	1252.44
1325.77	1236.74
1324.8	1140.84
1323.84	1156.2
1322.87	1112.07
1321.9	1080.88
1320.94	1070.38
1319.97	1121.93
1319	1010.63
1318.03	1000.15
1317.07	1000
1316.1	935.269
1315.13	963.55
1314.16	935.001
1313.19	950.362
1312.23	903.747
1311.26	857.146
1310.29	849.279
1309.32	859.481
1308.35	825.809
1307.38	828.271
1306.41	755.915
1305.45	817.715
1304.48	804.702
1303.51	755.59
1302.54	742.589
1301.57	739.905
1300.6	781.042
1299.63	698.455
1298.66	703.509
1297.69	729.174
1296.72	687.85
1295.75	705.782
1294.78	692.804
1293.8	672.103
1292.83	653.984
1291.86	695.08
1290.89	643.5
1289.92	648.555
1288.95	615.01
1287.98	643.223
1287	619.978
1286.03	630.178
1285.06	624.944
1284.09	596.569
1283.12	599.054
1282.14	614.392
1281.17	578.32
1280.2	562.817
1279.23	567.875
1278.25	603.763
1277.28	554.868
1276.31	572.768
1275.33	621.48
1274.36	626.526
1273.38	636.705
1272.41	595.542
1271.44	577.49
1270.46	572.275
1269.49	572.193
1268.51	551.586
1267.54	525.856
1266.56	556.558
1265.59	541.091
1264.61	553.834
1263.64	589.646
1262.66	533.168
1261.69	538.218
1260.71	581.704
1259.74	540.625
1258.76	520.053
1257.79	527.663
1256.81	512.22
1255.83	530.072
1254.86	545.358
1253.88	529.919
1252.9	586.155
1251.93	568.156
1250.95	560.398
1249.97	511.705
1249	516.748
1248.02	555.041
1247.04	526.829
1246.06	531.868
1245.08	519.008
1244.11	531.715
1243.13	493.299
1242.15	569.896
1241.17	488.047
1240.19	490.532
1239.21	485.352
1238.24	503.161
1237.26	513.304
1236.28	518.337
1235.3	462.096
1234.32	546.267
1233.34	505.352
1232.36	512.935
1231.38	553.686
1230.4	489.827
1229.42	543.324
1228.44	517.741
1227.46	510.017
1226.48	489.546
1225.5	474.179
1224.52	507.248
1223.54	476.591
1222.56	535.133
1221.57	509.577
1220.59	506.956
1219.61	496.695
1218.63	501.717
1217.65	524.562
1216.67	504.118
1215.68	498.955
1214.7	542.153
1213.72	503.901
1212.74	526.73
1211.76	501.212
1210.77	544.385
1209.79	490.894
1208.81	473.021
1207.82	503.466
1206.84	488.139
1205.86	518.573
1204.87	495.624
1203.89	470.14
1202.91	447.204
1201.92	492.869
1200.94	502.959
1199.95	480.028
1198.97	477.42
1197.98	495.125
1197	484.899
1196.01	469.599
1195.03	494.911
1194.04	444.087
1193.06	464.321
1192.07	464.255
1191.09	448.968
1190.1	514.844
1189.12	504.627
1188.13	476.665
1187.14	489.271
1186.16	466.388
1185.17	451.115
1184.18	466.254
1183.2	514.326
1182.21	473.72
1181.22	460.987
1180.24	473.583
1179.25	491.24
1178.26	501.297
1177.27	483.504
1176.29	478.373
1175.3	511.203
1174.31	475.704
1173.32	498.406
1172.33	493.275
1171.35	480.557
1170.36	485.546
1169.37	470.305
1168.38	444.956
1167.39	482.808
1166.4	495.376
1165.41	495.305
1164.42	469.966
1163.43	512.846
1162.44	479.935
1161.45	459.661
1160.46	489.897
1159.47	454.478
1158.48	454.413
1157.49	464.444
1156.5	474.472
1155.51	474.404
1154.52	479.382
1153.53	509.585
1152.54	499.422
1151.55	476.652
1150.56	469.019
1149.56	458.866
1148.57	473.925
1147.58	456.213
1146.59	461.188
1145.6	483.8
1144.6	466.094
1143.61	471.065
1142.62	513.815
1141.63	458.337
1140.63	473.379
1139.64	455.687
1138.65	495.898
1137.65	475.691
1136.66	493.238
1135.67	457.941
1134.67	430.201
1133.68	495.54
1132.69	437.622
1131.69	487.853
1130.7	467.668
1129.7	442.461
1128.71	500.21
1127.71	472.492
1126.72	500.066
1125.72	472.356
1124.73	457.215
1123.73	512.408
1122.74	457.083
1121.74	454.506
1120.75	449.419
1119.75	441.823
1118.75	479.409
1117.76	484.359
1116.76	456.687
1115.77	516.835
1114.77	476.624
1113.77	489.096
1112.78	473.978
1111.78	453.85
1110.78	513.955
1109.78	491.32
1108.79	481.224
1107.79	471.13
1106.79	448.511
1105.79	448.447
1104.79	503.49
1103.8	470.858
1102.8	478.303
1101.8	493.257
1100.8	483.172
1099.8	478.096
1098.8	468.016
1097.8	482.962
1096.81	447.864
1095.81	477.819
1094.81	500.262
1093.81	495.188
1092.81	475.112
1091.81	502.546
1090.81	492.474
1089.81	482.404
1088.81	479.836
1087.81	484.764
1086.81	469.703
1085.8	447.153
1084.8	469.568
1083.8	442.029
1082.8	489.408
1081.8	469.364
1080.8	459.311
1079.8	429.294
1078.8	469.161
1077.79	526.482
1076.79	496.468
1075.79	478.935
1074.79	478.866
1073.78	481.29
1072.78	516.128
1071.78	448.742
1070.78	446.185
1069.77	433.659
1068.77	451.039
1067.77	490.839
1066.76	458.383
1065.76	450.844
1064.75	475.683
1063.75	455.694
1062.75	453.138
1061.74	485.435
1060.74	438.073
1059.73	440.498
1058.73	477.759
1057.72	452.81
1056.72	445.282
1055.71	447.705
1054.71	457.588
1053.7	445.089
1052.7	454.969
1051.69	454.903
1050.69	459.809
1049.68	452.287
1048.67	429.859
1047.67	464.578
1046.66	474.447
1045.65	442.09
1044.65	427.127
1043.64	439.48
1042.63	479.137
1041.63	436.87
1040.62	488.926
1039.61	498.781
1038.6	471.416
1037.6	498.637
1036.59	528.33
1035.58	540.654
1034.57	545.535
1033.56	528.1
1032.56	570.167
1031.55	527.947
1030.54	579.915
1029.53	557.529
1028.52	507.898
1027.51	577.186
1026.5	621.685
1025.49	631.501
1024.48	599.22
1023.47	606.56
1022.46	646.079
1021.45	623.71
1020.44	613.721
1019.43	626.004
1018.42	653.127
1017.41	682.715
1016.4	677.67
1015.39	645.424
1014.38	677.474
1013.37	660.07
1012.36	716.826
1011.34	682.122
1010.33	726.503
1009.32	753.576
1008.31	699.118
1007.3	708.897
1006.28	726.082
1005.27	775.363
1004.26	807.347
1003.25	789.95
1002.23	797.24
1001.22	866.225
1000.21	848.827
999.194	895.58
998.181	910.251
997.167	966.848
996.153	993.835
995.139	998.622
994.125	1025.6
993.111	1101.86
992.097	1128.81
991.082	1239.54
990.068	1333
989.053	1364.83
988.038	1416.36
987.023	1497.43
986.008	1521.84
984.992	1607.79
983.977	1646.95
982.961	1577.79
981.945	1626.78
980.929	1665.92
979.913	1616.47
978.897	1658.05
977.881	1699.63
976.864	1655.11
975.847	1640.12
974.831	1578.42
973.814	1676.52
972.796	1617.28
971.779	1695.69
970.762	1597.16
969.744	1567.44
968.726	1685.13
967.709	1677.51
966.691	1642.89
965.672	1598.45
964.654	1632.59
963.636	1622.54
962.617	1637.03
961.598	1634.34
960.579	1597.3
959.56	1545.55
958.541	1569.85
957.522	1606.41
956.502	1603.72
955.483	1556.91
954.463	1554.23
953.443	1566.26
952.423	1548.88
951.402	1531.5
950.382	1617.03
949.362	1611.89
948.341	1587.17
947.32	1672.65
946.299	1620.99
945.278	1532.61
944.257	1630.31
943.235	1593.36
942.214	1624.94
941.192	1654.07
940.17	1631.81
939.148	1531.28
938.126	1452.79
937.104	1291.18
936.081	1293.44
935.058	1239.47
934.036	1170.85
933.013	1036.26
931.99	1055.66
930.966	989.533
929.943	891.672
928.92	847.576
927.896	801.05
926.872	747.213
925.848	756.87
924.824	654.231
923.8	627.287
922.775	685.767
921.751	592.944
920.726	585.538
919.701	578.135
918.676	607.319
917.651	602.354
916.626	643.718
915.6	631.434
914.575	592.341
913.549	565.445
912.523	558.052
911.497	557.971
910.471	611.486
909.445	531.014
908.418	552.856
907.392	550.341
906.365	560
905.338	540.443
904.311	586.612
903.284	598.695
902.256	525.607
901.229	566.892
900.201	535.185
899.173	564.295
898.145	518.005
897.117	530.088
896.089	525.149
895.06	588.275
894.032	554.162
893.003	539.5
891.974	551.571
890.945	556.35
889.916	551.411
888.887	551.33
887.857	568.249
886.827	546.314
885.798	575.367
884.768	541.3
883.738	538.794
882.707	536.289
881.677	516.801
880.647	557.967
879.616	574.865
878.585	528.701
877.554	523.775
876.523	509.151
875.492	509.077
874.46	542.937
873.429	530.74
872.397	520.97
871.365	513.626
870.333	496.595
869.301	576.45
868.268	503.715
867.236	542.383
866.203	527.778
865.171	501.074
864.138	549.407
863.105	549.327
862.071	508.114
861.038	534.652
860.004	578.114
858.971	561.1
857.937	553.764
856.903	481.148
855.869	560.855
854.835	524.516
853.8	529.273
852.765	500.199
851.731	587.105
850.696	529.042
849.661	526.55
848.626	507.153
847.59	567.445
846.555	548.048
845.519	581.764
844.483	504.444
843.447	542.982
842.411	552.555
841.375	562.124
840.339	552.394
839.302	561.96
838.265	520.883
837.229	532.863
836.192	571.358
835.154	544.76
834.117	588.062
833.08	571.108
832.042	522.837
831.004	508.307
829.966	585.31
828.928	553.917
827.89	546.612
826.852	568.201
825.813	592.191
824.775	539.152
823.736	531.854
822.697	587.119
821.658	526.887
820.618	512.377
819.579	579.647
818.539	584.372
817.5	589.096
816.46	531.311
815.42	581.712
814.38	540.769
813.339	603.17
812.299	564.639
811.258	574.166
810.217	578.886
809.176	573.998
808.135	525.888
807.094	542.618
806.053	535.337
805.011	535.259
803.969	583.179
802.927	568.697
801.885	566.215
800.843	551.739
799.801	556.455
798.759	568.365
797.716	553.895
796.673	520.25
795.63	541.748
794.587	529.685
793.544	572.743
792.501	484.005
791.457	531.848
790.413	526.98
789.369	512.533
788.326	526.826
787.281	519.566
786.237	478.793
785.193	502.659
784.148	497.799
783.103	547.978
782.058	495.261
781.013	521.503
779.968	473.59
778.923	499.827
777.877	528.448
776.832	511.635
775.786	504.389
774.74	537.777
773.694	492.293
772.647	480.274
771.601	516.04
770.554	477.745
769.508	472.898
768.461	515.814
767.414	467.985
766.366	498.952
765.319	486.944
764.272	503.579
763.224	489.188
762.176	508.204
761.128	512.9
760.08	491.358
759.032	441.204
757.983	474.523
756.935	450.612
755.886	474.384
754.837	469.548
753.788	479.012
752.739	452.731
751.69	495.549
750.64	497.858
749.591	454.914
748.541	485.806
747.491	495.259
746.441	466.618
745.39	466.55
744.34	426.021
743.289	447.376
742.239	456.828
741.188	425.834
740.137	444.801
739.086	444.736
738.034	411.38
736.983	394.677
735.931	463.559
734.879	463.491
733.827	482.435
732.775	456.227
731.723	465.663
730.671	418.085
729.618	437.025
728.565	474.958
727.512	460.642
726.459	434.459
725.406	493.739
724.353	500.787
723.299	457.999
722.246	495.895
721.192	502.94
720.138	429.334
719.084	436.386
718.03	502.719
716.975	448.113
715.921	471.754
714.866	466.944
713.811	476.355
712.756	457.329
711.701	426.462
710.645	426.399
709.59	457.128
708.534	449.956
707.478	475.937
706.422	459.295
705.366	471.063
704.31	437.859
703.254	463.826
702.197	444.829
701.14	477.884
700.083	499.103
699.026	468.284
697.969	461.121
696.912	482.333
695.854	505.903
694.797	501.101
693.739	477.394
692.681	498.591
691.623	500.881
690.564	512.619
689.506	491.286
688.447	505.384
687.389	538.368
686.33	552.454
685.271	531.128
684.211	516.889
683.152	530.972
682.092	547.411
681.033	502.506
679.973	528.38
678.913	521.227
677.853	601.328
676.792	620.102
675.732	535.143
674.671	530.35
673.611	577.407
672.55	596.174
671.489	574.882
670.427	570.086
669.366	541.738
668.304	555.789
667.243	609.865
666.181	536.791
665.119	517.88
664.057	513.097
662.994	545.968
661.932	538.829
660.869	524.634
659.806	512.796
658.743	493.905
657.68	507.942
656.617	521.975
655.554	488.986
654.49	519.471
653.426	545.247
652.362	524.018
651.298	500.446
650.234	467.485
649.17	497.951
648.105	519.014
647.04	467.279
645.976	521.209
644.911	507.048
643.846	525.75
642.78	520.98
641.715	488.054
640.649	530.211
639.583	532.479
638.517	511.292
637.451	487.767
636.385	515.832
635.319	506.378
634.252	492.24
633.185	513.261
632.119	433.513
631.052	515.453
629.984	506.007
628.917	552.778
627.85	548.013
626.782	512.808
625.714	552.534
624.646	522.021
623.578	585.14
622.51	528.889
621.441	531.151
620.373	563.826
619.304	570.761
618.235	596.404
617.166	544.87
616.097	537.775
615.027	540.034
613.958	537.617
612.888	546.886
611.818	518.765
610.748	502.333
609.678	504.596
608.608	548.901
607.537	518.46
606.467	492.698
605.396	492.625
604.325	471.544
603.254	464.472
602.183	487.741
601.111	492.336
600.04	461.934
598.968	475.862
597.896	492.119
596.824	445.407
595.752	450.004
594.679	459.263
593.607	445.21
592.534	461.459
591.461	424.107
590.388	486.952
589.315	470.574
588.242	442.554
587.168	447.146
586.095	395.853
585.021	458.656
583.947	470.228
582.873	446.883
581.799	470.089
580.724	435.117
579.65	446.686
578.575	465.229
577.5	451.206
576.425	439.512
575.35	423.172
574.274	467.28
573.199	502.078
572.123	462.495
571.047	455.455
569.971	508.827
568.895	457.644
567.819	459.899
566.742	473.766
565.666	464.408
564.589	480.592
563.512	473.557
562.435	489.734
561.358	519.831
560.28	477.988
559.202	494.158
558.125	508.003
557.047	538.079
555.969	561.189
554.891	526.327
553.812	486.839
552.734	553.988
551.655	558.541
550.576	551.507
549.497	581.546
548.418	588.41
547.339	567.477
546.259	666.977
545.179	613.621
544.1	659.835
543.02	675.941
541.939	701.302
540.859	717.398
539.779	821.415
538.698	830.548
537.617	881.315
536.536	925.129
535.455	985.117
534.374	1137.57
533.293	1158.21
532.211	1243.56
531.129	1428.27
530.047	1569.02
528.965	1906.11
527.883	2300.85
526.801	2882.57
525.718	4006.83
524.636	5678.01
523.553	8863.23
522.47	15849.4
521.387	29069.9
520.303	40772.6
519.22	38567.7
518.136	26152.5
517.052	15021.2
515.968	8628.06
514.884	5550.57
513.8	4011.87
512.716	3149.08
511.631	2480.17
510.546	2041.92
509.461	1661.41
508.376	1488.36
507.291	1347.62
506.205	1156.25
505.12	1121.54
504.034	1008.54
502.948	1031.42
501.862	918.47
500.776	844.684
499.69	835.354
498.603	770.805
497.516	789.096
496.43	756.776
495.343	742.865
494.255	710.562
493.168	675.969
492.081	712.651
490.993	668.873
489.905	710.142
488.817	657.187
487.729	682.362
486.641	636.318
485.552	627.037
484.464	649.909
483.375	571.744
482.286	612.984
481.197	580.757
480.108	578.376
479.018	612.712
477.929	575.91
476.839	541.413
475.749	561.977
474.659	538.96
473.569	554.932
472.478	586.949
471.388	518.089
470.297	513.428
469.206	511.061
468.115	494.945
467.024	531.529
465.933	519.997
464.841	517.63
463.749	529.004
462.658	508.318
461.566	505.954
460.473	503.59
459.381	535.557
458.289	533.19
457.196	491.926
456.103	521.594
455.01	558.114
453.917	558.031
452.824	564.809
451.73	525.858
450.637	528.066
449.543	555.416
448.449	603.325
447.355	582.671
446.261	616.855
445.166	545.95
444.072	612.105
442.977	691.941
441.882	589.09
440.787	614.116
439.692	652.83
438.596	602.523
437.501	677.738
436.405	668.511
435.309	682.1
434.213	663.751
433.117	679.617
432.021	697.759
430.924	681.696
429.827	692.993
428.73	663.26
427.633	690.509
426.536	663.064
425.439	694.861
424.341	674.257
423.244	726.541
422.146	651.285
421.048	669.404
419.95	667.028
418.851	694.244
417.753	669.107
416.654	646.252
415.556	666.634
414.457	718.857
413.357	627.769
412.258	695.902
411.159	704.894
410.059	645.678
408.959	672.861
407.859	681.853
406.759	615.849
405.659	693.011
404.559	652.016
403.458	661.005
402.357	681.348
401.256	622.205
400.155	658.441
399.054	724.178
397.953	694.563
396.851	703.538
395.749	683.011
394.647	701.061
393.545	676.004
392.443	644.15
391.341	678.071
390.238	700.645
389.135	675.603
388.032	698.171
386.929	668.603
385.826	684.367
384.723	695.594
383.619	684.164
382.516	675.002
381.412	731.521
380.308	674.802
379.204	722.248
378.099	733.46
376.995	735.614
375.89	712.874
374.785	739.922
373.68	703.613
372.575	708.033
371.47	744.116
370.364	696.516
369.258	725.807
368.153	725.699
367.047	646.477
365.94	725.484
364.834	707.298
363.728	725.269
362.621	720.643
361.514	761.193
360.407	729.463
359.3	754.193
358.193	749.566
357.085	774.286
355.978	771.914
354.87	758.259
353.762	724.301
352.654	739.985
351.545	744.387
350.437	739.766
349.328	746.421
348.22	782.386
347.111	780.015
346.002	793.424
344.892	770.769
343.783	820.229
342.673	831.372
341.563	725.371
340.453	795.087
339.343	752.18
338.233	808.361
337.123	848.766
336.012	812.623
334.901	826.007
333.79	866.391
332.679	825.761
331.568	787.394
330.457	832.264
329.345	836.638
328.233	872.493
327.121	903.841
326.009	872.234
324.897	881.095
323.785	878.717
322.672	871.845
321.559	909.909
320.446	882.818
319.333	950.067
318.22	934.206
317.107	909.369
315.993	981.074
314.879	913.588
313.765	1054.85
312.651	976.149
311.537	998.441
310.423	1043.16
309.308	1009.36
308.193	1072
307.078	1136.87
305.963	1154.64
304.848	1244.14
303.733	1248.43
302.617	1198.95
301.501	1187.56
300.386	1196.35
299.269	1272.33
