3199.1	999.706
3198.4	974.891
3197.69	925.134
3196.99	985.257
3196.28	995.753
3195.58	928.298
3194.87	1073.42
3194.16	974.092
3193.46	938.543
3192.75	991.532
3192.05	966.612
3191.34	906.296
3190.63	1019.44
3189.93	1019.3
3189.22	1036.86
3188.51	1022.56
3187.81	1050.73
3187.1	930.315
3186.39	1082.27
3185.69	1039.69
3184.98	1078.44
3184.27	1018.19
3183.57	1000.38
3182.86	1102.74
3182.15	1021.31
3181.44	1021.17
3180.74	996.299
3180.03	1084.48
3179.32	1038.41
3178.61	1020.61
3177.9	985.162
3177.2	1066.23
3176.49	967.242
3175.78	1065.94
3175.07	1041.09
3174.36	1051.53
3173.65	1040.81
3172.95	1040.66
3172.24	1051.1
3171.53	1075.65
3170.82	997.922
3170.11	1001.31
3169.4	1068.15
3168.69	983.414
3167.98	1018.52
3167.27	1025.43
3166.56	1039.38
3165.85	958.217
3165.14	1025.01
3164.43	1017.83
3163.72	964.867
3163.01	950.652
3162.3	982.206
3161.59	936.312
3160.88	1066.41
3160.17	1006.44
3159.46	1066.11
3158.75	1041.34
3158.04	988.436
3157.33	956.648
3156.62	1058.5
3155.91	1030.22
3155.2	963.287
3154.49	1001.82
3153.77	1033.32
3153.06	1050.75
3152.35	1022.49
3151.64	1036.41
3150.93	994.113
3150.22	1015.05
3149.5	1025.45
3148.79	1085
3148.08	1014.63
3147.37	968.861
3146.66	1056.48
3145.94	1028.26
3145.23	1007.06
3144.52	1024.47
3143.81	940.136
3143.09	1048.74
3142.38	995.991
3141.67	1020.4
3140.95	1020.26
3140.24	1041.16
3139.53	1055.03
3138.81	974.283
3138.1	1026.71
3137.39	998.543
3136.67	1015.92
3135.96	1050.81
3135.25	1033.16
3134.53	1033.01
3133.82	1036.37
3133.1	952.214
3132.39	1043.09
3131.68	1004.45
3130.96	1011.31
3130.25	997.179
3129.53	1025.03
3128.82	1024.89
3128.1	993.273
3127.39	1094.55
3126.67	1059.43
3125.96	1045.31
3125.24	1031.18
3124.53	1020.55
3123.81	1076.33
3123.1	1013.29
3122.38	967.732
3121.66	988.559
3120.95	963.975
3120.23	942.89
3119.52	1009.1
3118.8	967.071
3118.08	970.43
3117.37	945.865
3116.65	1067.88
3115.94	1011.9
3115.22	1001.3
3114.5	1112.79
3113.79	1035.9
3113.07	1039.25
3112.35	986.804
3111.63	1021.53
3110.92	1014.42
3110.2	1090.96
3109.48	1069.91
3108.77	1031.43
3108.05	999.931
3107.33	1003.28
3106.61	1041.46
3105.89	1044.8
3105.18	988.938
3104.46	1034.07
3103.74	1030.44
3103.02	1005.94
3102.3	991.878
3101.59	1078.74
3100.87	970.731
3100.15	991.471
3099.43	991.336
3098.71	1060.76
3097.99	1064.09
3097.27	1077.85
3096.55	983.841
3095.83	1067.13
3095.12	1032.23
3094.4	1014.71
3093.68	1000.68
3092.96	1042.23
3092.24	969.139
3091.52	1024.58
3090.8	989.711
3090.08	1041.66
3089.36	1024.16
3088.64	1065.67
3087.92	964.874
3087.2	1023.74
3086.48	988.899
3085.76	1044.27
3085.03	1030.25
3084.31	988.493
3083.59	981.422
3082.87	1085.31
3082.15	970.753
3081.43	1074.62
3080.71	1081.4
3079.99	1053.53
3079.27	1011.8
3078.54	1042.85
3077.82	1094.67
3077.1	994.07
3076.38	1052.81
3075.66	1042.28
3074.93	1004.05
3074.21	976.217
3073.49	1114.54
3072.77	996.715
3072.05	1031.18
3071.32	1048.34
3070.6	1048.2
3069.88	1079.18
3069.15	975.283
3068.43	1051.23
3067.71	1099.49
3066.99	995.625
3066.26	1057.71
3065.54	1033.37
3064.82	1053.96
3064.09	1046.91
3063.37	963.853
3062.64	1036.26
3061.92	1025.76
3061.2	1029.07
3060.47	1104.89
3059.75	1001.17
3059.02	1056.26
3058.3	1066.47
3057.58	1055.97
3056.85	1004.07
3056.13	1003.93
3055.4	1069.34
3054.68	1020.9
3053.95	1069.04
3053.23	1048.21
3052.5	1051.51
3051.78	1065.16
3051.05	1037.44
3050.33	1095.88
3049.6	1023.37
3048.87	1019.79
3048.15	1085.1
3047.42	1057.4
3046.7	933.274
3045.97	1077.77
3045.24	1077.62
3044.52	1067.15
3043.79	1080.77
3043.07	1077.18
3042.34	1021.97
3041.61	1028.72
3040.89	990.734
3040.16	987.159
3039.43	1021.42
3038.7	1052.22
3037.98	1058.96
3037.25	1031.31
3036.52	1013.98
3035.8	1024.15
3035.07	986.214
3034.34	1120.08
3033.61	1071.83
3032.88	1088.86
3032.16	1061.23
3031.43	1074.82
3030.7	1064.37
3029.97	1101.99
3029.24	1029.76
3028.52	998.728
3027.79	1039.77
3027.06	1091.1
3026.33	1053.21
3025.6	1159.4
3024.87	1056.35
3024.14	1066.49
3023.41	1097.21
3022.68	1011.35
3021.96	1093.48
3021.23	1052.2
3020.5	1089.75
3019.77	1110.16
3019.04	969.545
3018.31	1041.35
3017.58	1068.61
3016.85	1089.01
3016.12	1034.07
3015.39	1057.9
3014.66	1013.25
3013.93	1119.21
3013.2	1081.42
3012.47	1101.8
3011.73	988.747
3011	1046.77
3010.27	1029.52
3009.54	1032.8
3008.81	1036.08
3008.08	1080.38
3007.35	1080.23
3006.62	1008.31
3005.88	1038.93
3005.15	1127.63
3004.42	1069.39
3003.69	1076.08
3002.96	1140.83
3002.23	1014.31
3001.49	1096.12
3000.76	1099.39
3000.03	1092.41
2999.3	1051.3
2998.56	1112.59
2997.83	1057.84
2997.1	1044.05
2996.37	1132.6
2995.63	1142.68
2994.9	1094.77
2994.17	1040.06
2993.43	1159.26
2992.7	1070.46
2991.97	1066.91
2991.23	1097.43
2990.5	1066.61
2989.77	1172.09
2989.03	1168.53
2988.3	1079.8
2987.56	1103.49
2986.83	1168.05
2986.1	1089.57
2985.36	1089.42
2984.63	1150.55
2983.89	1164
2983.16	1126.41
2982.42	1177.29
2981.69	1088.68
2980.95	1176.97
2980.22	1142.8
2979.48	1146.04
2978.75	1125.48
2978.01	1104.93
2977.28	1131.97
2976.54	1294.96
2975.81	1148.66
2975.07	1172.28
2974.33	1189.11
2973.6	1151.58
2972.86	1192.18
2972.13	1192.02
2971.39	1117.15
2970.65	1167.93
2969.92	1157.58
2969.18	1249.07
2968.44	1187.81
2967.71	1224.97
2966.97	1279.09
2966.23	1180.54
2965.5	1146.46
2964.76	1210.74
2964.02	1156.31
2963.28	1274.82
2962.55	1240.75
2961.81	1230.41
2961.07	1291.24
2960.33	1233.46
2959.6	1202.8
2958.86	1131.49
2958.12	1155.05
2957.38	1246.33
2956.64	1219.07
2955.91	1212.13
2955.17	1184.88
2954.43	1221.96
2953.69	1296.25
2952.95	1272.38
2952.21	1130.1
2951.47	1197.6
2950.73	1244.8
2950	1197.28
2949.26	1220.78
2948.52	1196.95
2947.78	1274.54
2947.04	1250.7
2946.3	1230.25
2945.56	1216.57
2944.82	1199.51
2944.08	1182.45
2943.34	1172.15
2942.6	1242.92
2941.86	1215.74
2941.12	1198.69
2940.38	1154.63
2939.64	1178.1
2938.9	1228.57
2938.15	1241.9
2937.41	1268.72
2936.67	1238.19
2935.93	1248.14
2935.19	1180.51
2934.45	1143.25
2933.71	1240.88
2932.97	1250.82
2932.22	1179.86
2931.48	1193.18
2930.74	1246.94
2930	1199.59
2929.26	1256.71
2928.51	1195.9
2927.77	1283.31
2927.03	1256.19
2926.29	1165.1
2925.55	1205.34
2924.8	1195.08
2924.06	1141.06
2923.32	1120.71
2922.57	1164.3
2921.83	1147.32
2921.09	1211.08
2920.34	1106.64
2919.6	1167.02
2918.86	1230.76
2918.11	1133.08
2917.37	1183.35
2916.63	1169.75
2915.88	1135.98
2915.14	1108.94
2914.4	1139.03
2913.65	1212.78
2912.91	1165.59
2912.16	1209.09
2911.42	1161.91
2910.67	1181.89
2909.93	1171.66
2909.18	1211.78
2908.44	1151.2
2907.69	1147.69
2906.95	1194.51
2906.2	1093.7
2905.46	1174.05
2904.71	1210.78
2903.97	1227.39
2903.22	1170.22
2902.48	1233.75
2901.73	1086.09
2900.98	1226.71
2900.24	1126.01
2899.49	1142.61
2898.75	1162.55
2898	1155.69
2897.25	1155.54
2896.51	1145.33
2895.76	1084.9
2895.01	1171.8
2894.27	1148.21
2893.52	1174.83
2892.77	1101.04
2892.03	1090.85
2891.28	1187.72
2890.53	1134.04
2889.78	1143.92
2889.04	1217.34
2888.29	1140.26
2887.54	1166.85
2886.79	1066.4
2886.05	1126.42
2885.3	1176.4
2884.55	1156.19
2883.8	1092.55
2883.05	1165.89
2882.3	1115.63
2881.56	1148.87
2880.81	1055.21
2880.06	1138.54
2879.31	1125.03
2878.56	1091.5
2877.81	1171.45
2877.06	1117.89
2876.31	1234.52
2875.56	1157.62
2874.81	1144.12
2874.06	1123.95
2873.31	1167.15
2872.56	1170.32
2871.81	1216.83
2871.06	1176.67
2870.31	1129.85
2869.56	1149.68
2868.81	1232.83
2868.06	1142.71
2867.31	1199.18
2866.56	1119.08
2865.81	1128.92
2865.06	1108.78
2864.31	1158.57
2863.56	1071.86
2862.81	1151.59
2862.06	1141.45
2861.31	1147.95
2860.55	1131.16
2859.8	1207.51
2859.05	1117.54
2858.3	1203.86
2857.55	1170.44
2856.8	1150.33
2856.04	1123.58
2855.29	1183.25
2854.54	1166.47
2853.79	1169.64
2853.03	1156.19
2852.28	1146.06
2851.53	1175.8
2850.78	1198.88
2850.02	1195.4
2849.27	1195.23
2848.52	1135.32
2847.76	1168.35
2847.01	1181.47
2846.26	1247.67
2845.5	1237.55
2844.75	1184.3
2844	1160.92
2843.24	1193.92
2842.49	1223.6
2841.73	1213.49
2840.98	1193.43
2840.23	1136.92
2839.47	1133.45
2838.72	1183
2837.96	1179.52
2837.21	1172.73
2836.45	1139.45
2835.7	1165.79
2834.94	1155.69
2834.19	1198.58
2833.43	1145.45
2832.68	1115.5
2831.92	1151.75
2831.17	1274.03
2830.41	1194.45
2829.66	1306.76
2828.9	1197.43
2828.14	1193.96
2827.39	1220.25
2826.63	1210.16
2825.88	1190.16
2825.12	1232.97
2824.36	1242.71
2823.61	1169.84
2822.85	1278.72
2822.09	1186.04
2821.34	1242.03
2820.58	1165.89
2819.82	1264.8
2819.07	1165.57
2818.31	1205.03
2817.55	1191.66
2816.79	1178.3
2816.04	1240.84
2815.28	1352.85
2814.52	1339.47
2813.76	1220.53
2813	1289.63
2812.25	1246.58
2811.49	1256.3
2810.73	1233.05
2809.97	1232.88
2809.21	1315.11
2808.45	1344.59
2807.7	1354.29
2806.94	1195.96
2806.18	1271.56
2805.42	1363.61
2804.66	1297.56
2803.9	1261.16
2803.14	1363.05
2802.38	1270.69
2801.62	1306.72
2800.86	1319.71
2800.1	1266.88
2799.34	1309.47
2798.58	1299.43
2797.82	1374.9
2797.06	1308.93
2796.3	1295.6
2795.54	1380.91
2794.78	1354.42
2794.02	1370.67
2793.26	1446.07
2792.5	1363.72
2791.74	1386.53
2790.98	1465.18
2790.22	1290.89
2789.46	1425.37
2788.69	1415.32
2787.93	1464.38
2787.17	1503.57
2786.41	1454.13
2785.65	1542.54
2784.89	1476.7
2784.12	1532.28
2783.36	1505.82
2782.6	1525.29
2781.84	1620.2
2781.08	1515.04
2780.31	1554.18
2779.55	1540.85
2778.79	1560.3
2778.03	1553.53
2777.26	1631.97
2776.5	1631.75
2775.74	1621.69
2774.97	1585.44
2774.21	1709.68
2773.45	1689.8
2772.68	1777.97
2771.92	1699.15
2771.16	1774.21
2770.39	1773.96
2769.63	1871.9
2768.86	1825.83
2768.1	1900.83
2767.34	1926.74
2766.57	2034.4
2765.81	1906.58
2765.04	2063.27
2764.28	2023.76
2763.51	2141.16
2762.75	2131.06
2761.98	2104.62
2761.22	2159.88
2760.45	2228.2
2759.69	2257.29
2758.92	2299.44
2758.16	2266.47
2757.39	2498
2756.62	2592.34
2755.86	2520.16
2755.09	2728.71
2754.33	2806.66
2753.56	2822.59
2752.79	2942.92
2752.03	2952.3
2751.26	3085.63
2750.5	3072.16
2749.73	3117.39
2748.96	3289.76
2748.19	3312.13
2747.43	3292.12
2746.66	3617.57
2745.89	3525.83
2745.13	3675.22
2744.36	3668.2
2743.59	3908.74
2742.82	4022.19
2742.06	4265.86
2741.29	4122.02
2740.52	4274.46
2739.75	4309.67
2738.98	4449.03
2738.22	4552.55
2737.45	4646.28
2736.68	4590.34
2735.91	4960.52
2735.14	4839.51
2734.37	5066.47
2733.6	5091.79
2732.84	5263.39
2732.07	5256.17
2731.3	5369.2
2730.53	5456.2
2729.76	5500.94
2728.99	5711.35
2728.22	5691.08
2727.45	5771.49
2726.68	5913.58
2725.91	6127.07
2725.14	6032.08
2724.37	6219.52
2723.6	6150.51
2722.83	6250.26
2722.06	6025.51
2721.29	6300.45
2720.52	6289.85
2719.75	6211.14
2718.98	6291.36
2718.2	6326.17
2717.43	6266.94
2716.66	6450.85
2715.89	6427.27
2715.12	6468.52
2714.35	6376.9
2713.58	6295.02
2712.8	6310.36
2712.03	6335.4
2711.26	6289.19
2710.49	6317.46
2709.72	6212.99
2708.94	6344.86
2708.17	6324.57
2707.4	6200.72
2706.63	5908.64
2705.85	5979
2705.08	6165.81
2704.31	6025.87
2703.53	6012.11
2702.76	6033.92
2701.99	5713
2701.22	6012.86
2700.44	5882.74
2699.67	5826.99
2698.89	5616.15
2698.12	5789.84
2697.35	5824.58
2696.57	5985.28
2695.8	5661.5
2695.02	5470.2
2694.25	5579.22
2693.48	5630.11
2692.7	5425.98
2691.93	5422
2691.15	5418.03
2690.38	5378.57
2689.6	5439.12
2688.83	5341.6
2688.05	5057.05
2687.28	5220.82
2686.5	5087.9
2685.73	5071.08
2684.95	5141.3
2684.17	4898.87
2683.4	4988.43
2682.62	4949.07
2681.85	4864.63
2681.07	4722.23
2680.29	4766.67
2679.52	4759.57
2678.74	4591.48
2677.97	4362.28
2677.19	4458.24
2676.41	4248.43
2675.64	4247.84
2674.86	4301.96
2674.08	4169.46
2673.3	4040.22
2672.53	3972.12
2671.75	3958.71
2670.97	3784.53
2670.19	3951.19
2669.42	3687.05
2668.64	3792.61
2667.86	3602.48
2667.08	3537.72
2666.3	3495.47
2665.53	3472.5
2664.75	3520.2
2663.97	3429.79
2663.19	3291.25
2662.41	3188.06
2661.63	3267.87
2660.85	3174.34
2660.08	3145.02
2659.3	3048.33
2658.52	2970.91
2657.74	2919.17
2656.96	2957.26
2656.18	2892.71
2655.4	2876.28
2654.62	2866.26
2653.84	2753.67
2653.06	2772.52
2652.28	2531.78
2651.5	2617.95
2650.72	2531.08
2649.94	2620.43
2649.16	2434.3
2648.38	2510.82
2647.6	2443.23
2646.82	2510.13
2646.03	2349.72
2645.25	2330.19
2644.47	2297.87
2643.69	2243.15
2642.91	2316.43
2642.13	2181.75
2641.35	2207.04
2640.57	2145.97
2639.78	2155.27
2639	2180.55
2638.22	2093.93
2637.44	2074.47
2636.65	2064.59
2635.87	2006.79
2635.09	2156.68
2634.31	2009.43
2633.52	1938.88
2632.74	1973.74
2631.96	1912.8
2631.18	1925.31
2630.39	1912.27
2629.61	1816.25
2628.83	1835.15
2628.04	1838.08
2627.26	1844.21
2626.48	1757.82
2625.69	1805.43
2624.91	1805.18
2624.12	1811.31
2623.34	1667.57
2622.56	1657.78
2621.77	1756.37
2620.99	1612.7
2620.2	1637.97
2619.42	1704.66
2618.63	1647.08
2617.85	1665.97
2617.06	1573.37
2616.28	1614.55
2615.49	1636.62
2614.71	1665.05
2613.92	1569.32
2613.14	1613.66
2612.35	1581.62
2611.57	1527.31
2610.78	1571.64
2609.99	1466.45
2609.21	1510.77
2608.42	1466.04
2607.64	1399.07
2606.85	1408.41
2606.06	1497.22
2605.28	1446.16
2604.49	1487.28
2603.7	1442.59
2602.92	1385.2
2602.13	1467.6
2601.34	1397.52
2600.56	1384.63
2599.77	1517.8
2598.98	1314.4
2598.19	1250.73
2597.41	1352.12
2596.62	1355.11
2595.83	1377.13
2595.04	1345.22
2594.25	1360.89
2593.47	1341.67
2592.68	1385.89
2591.89	1366.67
2591.1	1353.8
2590.31	1309.23
2589.52	1324.9
2588.73	1324.72
2587.94	1242.15
2587.16	1245.14
2586.37	1346.34
2585.58	1263.81
2584.79	1380.81
2584	1323.62
2583.21	1222.12
2582.42	1301.1
2581.63	1221.79
2580.84	1148.83
2580.05	1300.56
2579.26	1275.07
2578.47	1186.31
2577.68	1233.59
2576.89	1220.77
2576.1	1220.61
2575.31	1233.08
2574.52	1264.53
2573.73	1201.13
2572.93	1219.93
2572.14	1248.2
2571.35	1229.07
2570.56	1194.15
2569.77	1127.66
2568.98	1143.29
2568.19	1196.82
2567.39	1199.81
2566.6	1145.97
2565.81	1199.48
2565.02	1208.78
2564.23	1186.52
2563.43	1116.94
2562.64	1205.12
2561.85	1160.8
2561.06	1211.1
2560.26	1132.1
2559.47	1157.16
2558.68	1188.53
2557.88	1134.78
2557.09	1175.59
2556.3	1172.28
2555.5	1203.63
2554.71	1090.05
2553.92	1190.69
2553.12	1159.03
2552.33	1102.19
2551.53	1120.93
2550.74	1139.67
2549.95	1183.58
2549.15	1088.99
2548.36	1117.16
2547.56	1145.33
2546.77	1050.79
2545.97	1119.85
2545.18	1157.43
2544.38	1106.96
2543.59	1059.64
2542.79	1160.1
2542	1087.64
2541.2	1065.49
2540.41	1153.33
2539.61	1077.76
2538.82	1115.31
2538.02	1086.89
2537.22	1155.84
2536.43	1099.15
2535.63	1117.84
2534.84	1108.26
2534.04	1152.06
2533.24	1114.24
2532.45	1158.02
2531.65	1082.55
2530.85	1151.42
2530.06	1088.52
2529.26	1094.65
2528.46	1191.71
2527.66	1131.97
2526.87	1150.63
2526.07	1100.31
2525.27	1165.98
2524.47	1053
2523.68	1128.06
2522.88	1071.51
2522.08	1127.74
2521.28	1146.38
2520.48	1121.17
2519.69	1111.62
2518.89	1117.73
2518.09	1198.97
2517.29	1114.29
2516.49	1079.71
2515.69	1110.85
2514.89	1070.02
2514.09	1098.03
2513.29	1197.97
2512.5	1135.26
2511.7	1153.86
2510.9	1150.58
2510.1	1084.77
2509.3	1109.62
2508.5	1187.6
2507.7	1131.19
2506.9	1143.53
2506.1	1155.87
2505.3	1108.86
2504.5	1158.67
2503.69	1189.74
2502.89	1195.82
2502.09	1102
2501.29	1183
2500.49	1185.96
2499.69	1126.51
2498.89	1216.83
2498.09	1098.12
2497.29	1216.5
2496.48	1216.33
2495.68	1110.14
2494.88	1212.87
2494.08	1109.83
2493.28	1246.83
2492.47	1171.85
2491.67	1171.69
2490.87	1155.95
2490.07	1243.02
2489.26	1217.93
2488.46	1255.14
2487.66	1164.65
2486.86	1192.52
2486.05	1254.61
2485.25	1179.73
2484.45	1260.49
2483.64	1244.76
2482.84	1225.92
2482.04	1287.97
2481.23	1250.46
2480.43	1306.27
2479.63	1274.99
2478.82	1305.91
2478.02	1252.88
2477.21	1286.9
2476.41	1264.96
2475.6	1336.26
2474.8	1261.51
2473.99	1304.83
2473.19	1376.09
2472.38	1372.8
2471.58	1347.76
2470.77	1310.32
2469.97	1279.09
2469.16	1362.72
2468.36	1359.43
2467.55	1368.55
2466.75	1352.85
2465.94	1389.89
2465.14	1361.78
2464.33	1336.78
2463.52	1432.73
2462.72	1389.12
2461.91	1357.93
2461.1	1391.84
2460.3	1391.64
2459.49	1456.53
2458.68	1409.85
2457.88	1403.46
2457.07	1350.6
2456.26	1372.1
2455.46	1405.97
2454.65	1399.58
2453.84	1430.35
2453.03	1439.44
2452.23	1408.29
2451.42	1349.29
2450.61	1386.24
2449.8	1438.64
2448.99	1280.68
2448.19	1410.41
2447.38	1388.56
2446.57	1348.17
2445.76	1493.3
2444.95	1360.17
2444.14	1381.61
2443.33	1381.42
2442.52	1331.79
2441.71	1306.89
2440.91	1263.46
2440.1	1337.41
2439.29	1272.38
2438.48	1299.99
2437.67	1207.19
2436.86	1247.15
2436.05	1240.8
2435.24	1219.03
2434.43	1160.23
2433.62	1240.29
2432.81	1267.88
2432	1172.09
2431.19	1113.33
2430.37	1168.68
2429.56	1165.43
2428.75	1112.87
2427.94	1158.95
2427.13	1208.1
2426.32	1103.16
2425.51	1093.76
2424.7	1041.24
2423.88	1056.5
2423.07	1087.15
2422.26	1065.44
2421.45	1071.45
2420.64	1037.44
2419.82	1024.99
2419.01	1064.85
2418.2	966.236
2417.39	981.486
2416.57	1036.72
2415.76	975.062
2414.95	999.531
2414.14	1060.89
2413.32	1014.63
2412.51	989.892
2411.7	983.608
2410.88	980.398
2410.07	1032.5
2409.26	1038.5
2408.44	933.909
2407.63	985.998
2406.81	930.579
2406	1016.43
2405.19	988.658
2404.37	970.101
2403.56	969.967
2402.74	945.28
2401.93	972.767
2401.11	951.154
2400.3	954.09
2399.48	966.227
2398.67	944.625
2397.85	956.76
2397.04	968.892
2396.22	1023.94
2395.41	934.905
2394.59	962.359
2393.77	904.002
2392.96	937.58
2392.14	876.179
2391.33	946.51
2390.51	1004.57
2389.69	970.745
2388.88	939.992
2388.06	942.923
2387.24	933.609
2386.43	970.207
2385.61	853.786
2384.79	884.265
2383.98	920.854
2383.16	988.022
2382.34	957.3
2381.52	865.426
2380.71	950.92
2379.89	932.444
2379.07	880.35
2378.25	871.059
2377.43	929.001
2376.62	907.483
2375.8	944.018
2374.98	977.488
2374.16	852.129
2373.34	900.872
2372.52	964.868
2371.7	900.622
2370.89	888.287
2370.07	897.32
2369.25	872.782
2368.43	897.071
2367.61	954.912
2366.79	869.368
2365.97	945.498
2365.15	927.069
2364.33	981.825
2363.51	923.763
2362.69	929.731
2361.87	944.842
2361.05	953.853
2360.23	944.579
2359.41	907.889
2358.59	950.41
2357.77	877.179
2356.95	874.012
2356.12	867.801
2355.3	901.17
2354.48	858.428
2353.66	940.487
2352.84	940.357
2352.02	873.285
2351.2	909.672
2350.37	912.588
2349.55	900.295
2348.73	921.458
2347.91	912.208
2347.09	988.088
2346.26	936.273
2345.44	975.656
2344.62	917.779
2343.8	987.539
2342.97	941.829
2342.15	871.831
2341.33	908.157
2340.5	911.068
2339.68	913.978
2338.86	877.419
2338.03	849.976
2337.21	928.774
2336.39	913.471
2335.56	925.481
2334.74	891.979
2333.91	846.353
2333.09	882.632
2332.26	924.967
2331.44	1073.42
2330.62	1070.24
2329.79	1000.37
2328.97	951.732
2328.14	921.294
2327.32	963.589
2326.49	936.187
2325.67	954.233
2324.84	914.725
2324.01	884.313
2323.19	905.386
2322.36	890.123
2321.54	914.217
2320.71	820.259
2319.89	859.488
2319.06	925.939
2318.23	883.453
2317.41	925.682
2316.58	928.578
2315.75	889.134
2314.93	873.891
2314.1	907.027
2313.27	915.97
2312.45	927.933
2311.62	882.472
2310.79	846.088
2309.96	848.992
2309.14	888.146
2308.31	878.961
2307.48	960.38
2306.65	939.109
2305.82	863.498
2305	875.453
2304.17	817.982
2303.34	875.21
2302.51	841.895
2301.68	929.275
2300.85	829.595
2300.03	874.724
2299.2	928.888
2298.37	922.728
2297.54	886.419
2296.71	847.106
2295.88	901.243
2295.05	904.132
2294.22	876.886
2293.39	912.919
2292.56	918.817
2291.73	936.762
2290.9	924.585
2290.07	843.153
2289.24	867.122
2288.41	839.908
2287.58	896.981
2286.75	932.971
2285.92	845.576
2285.09	902.624
2284.26	866.399
2283.42	941.476
2282.59	917.285
2281.76	844.988
2280.93	920.037
2280.1	895.859
2279.27	838.624
2278.44	901.621
2277.6	841.395
2276.77	880.338
2275.94	937.294
2275.11	898.115
2274.27	852.941
2273.44	879.848
2272.61	870.718
2271.78	834.572
2270.94	846.463
2270.11	876.357
2269.28	858.231
2268.44	909.118
2267.61	827.992
2266.78	854.873
2265.94	812.766
2265.11	812.653
2264.28	875.504
2263.44	806.431
2262.61	848.283
2261.77	836.177
2260.94	854.041
2260.11	865.907
2259.27	853.803
2258.44	898.615
2257.6	844.58
2256.77	874.408
2255.93	889.257
2255.1	877.159
2254.26	903.976
2253.43	864.943
2252.59	891.755
2251.76	843.758
2250.92	846.632
2250.08	906.338
2249.25	879.295
2248.41	861.23
2247.58	899.98
2246.74	893.876
2245.9	857.882
2245.07	908.57
2244.23	911.432
2243.39	821.669
2242.56	857.404
2241.72	854.298
2240.88	901.965
2240.05	898.853
2239.21	847.969
2238.37	880.69
2237.53	904.448
2236.7	805.831
2235.86	844.513
2235.02	865.281
2234.18	883.061
2233.34	814.331
2232.51	897.727
2231.67	855.853
2230.83	894.495
2229.99	882.446
2229.15	876.361
2228.31	917.965
2227.47	846.317
2226.63	864.077
2225.8	884.811
2224.96	866.815
2224.12	878.608
2223.28	866.573
2222.44	827.745
2221.6	878.24
2220.76	866.211
2219.92	875.019
2219.08	848.115
2218.24	856.923
2217.4	895.479
2216.56	835.862
2215.72	916.049
2214.88	844.551
2214.03	903.9
2213.19	885.936
2212.35	808.527
2211.51	850.024
2210.67	953.915
2209.83	950.811
2208.99	903.145
2208.15	923.812
2207.3	831.612
2206.46	911.676
2205.62	840.288
2204.78	813.451
2203.94	851.927
2203.09	905.232
2202.25	863.56
2201.41	881.242
2200.57	898.92
2199.72	842.434
2198.88	815.624
2198.04	907.44
2197.19	889.523
2196.35	874.576
2195.51	930.775
2194.66	862.477
2193.82	844.576
2192.98	791.124
2192.13	879.892
2191.29	891.618
2190.44	891.494
2189.6	832.142
2188.76	826.104
2187.91	882.239
2187.07	864.355
2186.22	864.235
2185.38	828.603
2184.53	852.158
2183.69	893.458
2182.84	887.417
2182	899.124
2181.15	907.87
2180.31	851.564
2179.46	833.707
2178.62	801.075
2177.77	842.341
2176.92	821.538
2176.08	871.654
2175.23	856.761
2174.38	862.549
2173.54	868.336
2172.69	844.59
2171.85	873.999
2171	915.209
2170.15	832.429
2169.3	855.924
2168.46	911.875
2167.61	873.389
2166.76	855.566
2165.91	917.393
2165.07	884.821
2164.22	878.8
2163.37	896.369
2162.52	887.399
2161.68	819.477
2160.83	834.099
2159.98	836.93
2159.13	854.492
2158.28	889.726
2157.43	804.177
2156.58	815.846
2155.74	856.96
2154.89	898.063
2154.04	847.889
2153.19	827.165
2152.34	891.801
2151.49	865.191
2150.64	856.243
2149.79	829.645
2148.94	882.478
2148.09	885.296
2147.24	849.883
2146.39	855.645
2145.54	799.667
2144.69	884.802
2143.84	881.739
2142.99	863.984
2142.14	905
2141.29	863.743
2140.43	892.997
2139.58	875.25
2138.73	813.457
2137.88	872.069
2137.03	871.947
2136.18	860.084
2135.33	868.769
2134.47	880.386
2133.62	798.105
2132.77	856.67
2131.92	871.217
2131.07	879.894
2130.21	914.962
2129.36	818.073
2128.51	844.345
2127.65	888.197
2126.8	876.349
2125.95	899.671
2125.1	887.825
2124.24	849.614
2123.39	846.566
2122.53	881.595
2121.68	884.4
2120.83	872.564
2119.97	860.732
2119.12	831.339
2118.27	866.345
2117.41	904.268
2116.56	842.695
2115.7	912.792
2114.85	792.731
2113.99	897.913
2113.14	880.241
2112.28	847.954
2111.43	871.224
2110.57	874.026
2109.72	847.599
2108.86	876.704
2108.01	850.284
2107.15	911.517
2106.29	879.257
2105.44	899.579
2104.58	835.207
2103.73	908.088
2102.87	855.41
2102.01	878.643
2101.16	884.357
2100.3	866.724
2099.44	834.507
2098.59	872.317
2097.73	907.199
2096.87	872.073
2096.01	851.537
2095.16	915.566
2094.3	860.046
2093.44	926.97
2092.58	848.147
2091.73	833.457
2090.87	877.047
2090.01	833.224
2089.15	882.628
2088.29	853.379
2087.44	902.766
2086.58	925.934
2085.72	864.666
2084.86	890.744
2084	852.783
2083.14	873.034
2082.28	878.731
2081.42	846.606
2080.56	878.486
2079.7	820.193
2078.84	820.078
2077.98	851.948
2077.12	872.18
2076.26	860.43
2075.4	924.252
2074.54	877.626
2073.68	848.447
2072.82	909.338
2071.96	859.829
2071.1	903.275
2070.24	943.804
2069.38	847.853
2068.52	862.251
2067.66	786.657
2066.8	864.912
2065.93	827.065
2065.07	867.571
2064.21	896.462
2063.35	849.924
2062.49	803.399
2061.63	907.685
2060.76	884.362
2059.9	875.541
2059.04	950.785
2058.18	866.601
2057.31	869.377
2056.45	877.948
2055.59	854.648
2054.72	877.702
2053.86	816.757
2053	970.125
2052.13	825.215
2051.27	842.47
2050.41	940.771
2049.54	882.754
2048.68	923.145
2047.82	923.015
2046.95	896.849
2046.09	922.757
2045.22	853.214
2044.36	913.823
2043.49	933.935
2042.63	884.657
2041.76	875.861
2040.9	933.543
2040.03	962.31
2039.17	835.041
2038.3	921.595
2037.44	904.134
2036.57	852.02
2035.71	918.32
2034.84	877.768
2033.97	894.967
2033.11	877.522
2032.24	929.35
2031.38	857.075
2030.51	862.726
2029.64	874.145
2028.78	879.792
2027.91	896.974
2027.04	994.896
2026.18	888.072
2025.31	887.948
2024.44	853.233
2023.57	867.524
2022.71	899.102
2021.84	939.314
2020.97	867.16
2020.1	878.56
2019.24	869.797
2018.37	889.833
2017.5	858.036
2016.63	895.341
2015.76	877.945
2014.89	840.406
2014.02	903.598
2013.16	897.717
2012.29	914.852
2011.42	837.059
2010.55	903.092
2009.68	908.716
2008.81	879.836
2007.94	868.213
2007.07	914.083
2006.2	859.348
2005.33	908.08
2004.46	893.586
2003.59	861.859
2002.72	835.886
2001.85	933.419
2000.98	870.112
2000.11	898.702
1999.24	803.838
1998.37	909.932
1997.5	855.274
1996.62	903.938
1995.75	832.08
1994.88	889.34
1994.01	880.61
1993.14	877.619
1992.27	825.878
1991.39	923.248
1990.52	825.647
1989.65	891.459
1988.78	831.147
1987.91	862.552
1987.03	931.197
1986.16	913.877
1985.29	787.715
1984.41	913.621
1983.54	939.265
1982.67	816.015
1981.8	858.843
1980.92	933.145
1980.05	850.016
1979.17	892.821
1978.3	869.806
1977.43	935.482
1976.55	895.306
1975.68	883.74
1974.8	875.037
1973.93	889.21
1973.06	891.944
1972.18	917.545
1971.31	911.7
1970.43	848.705
1969.56	902.873
1968.68	902.746
1967.81	876.912
1966.93	873.933
1966.06	825.265
1965.18	913.66
1964.3	876.42
1963.43	899.132
1962.55	844.78
1961.68	864.636
1960.8	830.277
1959.92	852.982
1959.05	884.239
1958.17	886.967
1957.29	864.03
1956.42	863.908
1955.54	900.847
1954.66	880.768
1953.79	840.745
1952.91	883.37
1952.03	940.23
1951.15	866.03
1950.28	911.482
1949.4	823.067
1948.52	814.408
1947.64	854.155
1946.76	808.486
1945.89	851.068
1945.01	825.335
1944.13	825.219
1943.25	816.568
1942.37	816.453
1941.49	910.203
1940.61	870.259
1939.73	836.014
1938.85	855.799
1937.98	849.993
1937.1	903.879
1936.22	849.754
1935.34	795.645
1934.46	892.134
1933.58	840.874
1932.7	869.16
1931.82	871.878
1930.94	883.114
1930.05	900.025
1929.17	845.961
1928.29	828.812
1927.41	845.723
1926.53	891.006
1925.65	927.765
1924.77	856.714
1923.89	816.884
1923.01	856.473
1922.12	881.874
1921.24	864.738
1920.36	833.434
1919.48	887.171
1918.6	858.706
1917.71	872.753
1916.83	847.132
1915.95	847.013
1915.07	855.391
1914.18	835.446
1913.3	866.477
1912.42	897.498
1911.53	832.263
1910.65	809.503
1909.77	885.8
1908.88	888.505
1908	871.405
1907.12	876.94
1906.23	848.532
1905.35	831.445
1904.47	887.881
1903.58	884.929
1902.7	876.324
1901.81	927.076
1900.93	904.338
1900.04	844.872
1899.16	875.831
1898.27	878.532
1897.39	804.973
1896.5	855.693
1895.62	779.333
1894.73	855.452
1893.85	875.092
1892.96	832.632
1892.07	860.735
1891.19	840.863
1890.3	857.672
1889.42	834.984
1888.53	857.431
1887.64	800.908
1886.76	778.238
1885.87	919.094
1884.98	868.224
1884.1	806.095
1883.21	760.891
1882.32	819.956
1881.43	828.293
1880.55	876.064
1879.66	867.491
1878.77	912.427
1877.88	802.485
1877	833.341
1876.11	830.409
1875.22	833.106
1874.33	883.644
1873.44	872.265
1872.55	880.582
1871.67	855.141
1870.78	846.583
1869.89	905.52
1869	868.839
1868.11	857.471
1867.22	837.674
1866.33	874.094
1865.44	840.248
1864.55	876.657
1863.66	809.108
1862.77	879.219
1861.88	890.33
1860.99	822.808
1860.1	859.193
1859.21	884.339
1858.32	901.057
1857.43	881.284
1856.54	839.066
1855.65	895.065
1854.76	807.97
1853.86	841.517
1852.97	827.375
1852.08	835.671
1851.19	801.907
1850.3	857.863
1849.41	877.364
1848.51	871.635
1847.62	857.501
1846.73	874.192
1845.84	840.45
1844.94	885.15
1844.05	913.032
1843.16	898.902
1842.27	834.377
1841.37	876.253
1840.48	808.95
1839.59	834.025
1838.69	923.454
1837.8	850.577
1836.91	836.47
1836.01	850.338
1835.12	872.592
1834.22	824.931
1833.33	883.53
1832.44	861.041
1831.54	863.715
1830.65	832.85
1829.75	824.35
1828.86	860.556
1827.96	835.292
1827.07	910.591
1826.17	888.12
1825.28	854.486
1824.38	862.741
1823.49	831.912
1822.59	848.542
1821.7	848.422
1820.8	906.903
1819.9	864.924
1819.01	875.96
1818.11	867.469
1817.21	867.347
1816.32	842.128
1815.42	850.373
1814.52	900.432
1813.63	897.518
1812.73	836.079
1811.83	855.467
1810.94	821.913
1810.04	891.441
1809.14	740.905
1808.24	807.64
1807.35	893.848
1806.45	882.585
1805.55	815.65
1804.65	885.12
1803.75	884.995
1802.85	843.131
1801.96	868.052
1801.06	870.711
1800.16	859.463
1799.26	820.407
1798.36	836.975
1797.46	870.22
1796.56	883.997
1795.66	864.416
1794.76	872.631
1793.86	880.844
1792.96	844.602
1792.06	880.595
1791.16	861.029
1790.26	913.672
1789.36	841.349
1788.46	799.585
1787.56	874.422
1786.66	868.748
1785.76	876.951
1784.86	851.854
1783.96	962.709
1783.06	929.285
1782.16	887.55
1781.25	898.518
1780.35	898.391
1779.45	920.444
1778.55	903.681
1777.65	861.979
1776.74	944.995
1775.84	889.445
1774.94	872.696
1774.04	847.642
1773.13	944.462
1772.23	913.866
1771.33	827.901
1770.43	874.849
1769.52	927.32
1768.62	932.724
1767.72	929.825
1766.81	904.791
1765.91	943.395
1765.01	874.108
1764.1	904.408
1763.2	937.465
1762.29	904.153
1761.39	926.142
1760.48	912.19
1759.58	892.714
1758.68	953.384
1757.77	994.695
1756.87	939.301
1755.96	958.504
1755.06	894.846
1754.15	927.857
1753.24	960.859
1752.34	919.313
1751.43	974.389
1750.53	919.053
1749.62	976.874
1748.72	891.202
1747.81	962.804
1746.9	959.909
1746	912.888
1745.09	1003.76
1744.18	934.688
1743.28	942.826
1742.37	995.065
1741.46	986.656
1740.56	912.114
1739.65	936.783
1738.74	958.689
1737.83	947.536
1736.93	944.648
1736.02	972.051
1735.11	960.901
1734.2	845.143
1733.29	996.412
1732.38	949.485
1731.48	921.833
1730.57	982.232
1729.66	869.304
1728.75	954.449
1727.84	943.313
1726.93	904.683
1726.02	929.3
1725.11	934.666
1724.2	953.774
1723.29	920.661
1722.38	904.043
1721.47	1005.57
1720.56	936.753
1719.65	928.38
1718.74	950.219
1717.83	961.069
1716.92	974.66
1716.01	900.404
1715.1	919.49
1714.19	922.104
1713.28	1007.04
1712.37	957.51
1711.46	951.888
1710.54	938.039
1709.63	987.27
1708.72	921.322
1707.81	984.249
1706.9	937.508
1705.99	1005.9
1705.07	896.136
1704.16	939.851
1703.25	934.238
1702.34	953.281
1701.42	1043.53
1700.51	1043.38
1699.6	922.757
1698.68	1023.92
1697.77	881.435
1696.86	1031.84
1695.94	1028.96
1695.03	1020.61
1694.12	960.275
1693.2	976.552
1692.29	949.063
1691.37	965.337
1690.46	943.326
1689.54	986.935
1688.63	951.26
1687.72	983.922
1686.8	994.714
1685.89	937.194
1684.97	926.133
1684.06	994.292
1683.14	966.839
1682.22	1059.55
1681.31	1045.75
1680.39	1064.71
1679.48	1045.45
1678.56	1009.82
1677.65	1036.97
1676.73	1028.64
1675.81	1053.04
1674.9	965.607
1673.98	1014.56
1673.06	1041.69
1672.15	1049.72
1671.23	1079.56
1670.31	997.633
1669.39	1081.98
1668.48	1079.1
1667.56	1057.15
1666.64	988.895
1665.72	1111.33
1664.81	1132.96
1663.89	1116.46
1662.97	1078.18
1662.05	1127.03
1661.13	1039.77
1660.21	1088.61
1659.3	1074.85
1658.38	1071.98
1657.46	1164.32
1656.54	1136.95
1655.62	1136.79
1654.7	1196.46
1653.78	1082.09
1652.86	1125.44
1651.94	1269.33
1651.02	1195.78
1650.1	1228.21
1649.18	1320.42
1648.26	1303.93
1647.34	1295.6
1646.42	1311.71
1645.5	1322.38
1644.58	1295.05
1643.66	1248.71
1642.74	1354.39
1641.81	1370.48
1640.89	1424.56
1639.97	1416.21
1639.05	1405.16
1638.13	1464.63
1637.21	1456.29
1636.28	1456.08
1635.36	1539.92
1634.44	1626.45
1633.52	1683.14
1632.6	1742.52
1631.67	1801.88
1630.75	1850.39
1629.83	2064.13
1628.9	2044.87
1627.98	2255.81
1627.06	2442.32
1626.13	2577.34
1625.21	2777.29
1624.29	2828.32
1623.36	2987.58
1622.44	3065.62
1621.52	3046.25
1620.59	3080.98
1619.67	3161.68
1618.74	3039.54
1617.82	3204.04
1616.89	2968.39
1615.97	3178.81
1615.04	3191.87
1614.12	3256.27
1613.19	3288.23
1612.27	3358.01
1611.34	3411.55
1610.42	3589.32
1609.49	3634.72
1608.56	3863.7
1607.64	4143.91
1606.71	4216.2
1605.79	4477.39
1604.86	4611.68
1603.93	5034.63
1603.01	5317.17
1602.08	5480.95
1601.15	5828.08
1600.22	6088.82
1599.3	6290.17
1598.37	6593.9
1597.44	6862.5
1596.52	7203.8
1595.59	7523.43
1594.66	7794.49
1593.73	8227.09
1592.8	8446.79
1591.87	9312.77
1590.95	9569.95
1590.02	10228.2
1589.09	10886.3
1588.16	11474.2
1587.23	12218
1586.3	12996.6
1585.37	13750.8
1584.44	14367.6
1583.51	14903.5
1582.58	15425.8
1581.65	15434.3
1580.73	15117.6
1579.8	14811.7
1578.86	14409.1
1577.93	13686.8
1577	12677.2
1576.07	12057.5
1575.14	11102.2
1574.21	9996.74
1573.28	9219.22
1572.35	8565.43
1571.42	7836.66
1570.49	7110.78
1569.56	6527.35
1568.62	6113.15
1567.69	5688.34
1566.76	5287.8
1565.83	4978.57
1564.9	4599.69
1563.96	4387.19
1563.03	4096.99
1562.1	3895.34
1561.17	3575.8
1560.23	3510.97
1559.3	3234.46
1558.37	3209.88
1557.44	3070.12
1556.5	2895.57
1555.57	2849.63
1554.63	2589.48
1553.7	2586.43
1552.77	2553.94
1551.83	2478.63
1550.9	2392.63
1549.96	2333.42
1549.03	2177.91
1548.1	2289.96
1547.16	2129.14
1546.23	2115.47
1545.29	2072.38
1544.36	1957.12
1543.42	2037.04
1542.49	2055.46
1541.55	1996.37
1540.61	1897.22
1539.68	1920.99
1538.74	1891.34
1537.81	1931.13
1536.87	1821.36
1535.94	1735.66
1535	1866.23
1534.06	1692.45
1533.13	1660.18
1532.19	1729.33
1531.25	1769.11
1530.31	1734.17
1529.38	1667.24
1528.44	1653.66
1527.5	1730.77
1526.57	1703.86
1525.63	1655.62
1524.69	1578.08
1523.75	1636.5
1522.81	1590.96
1521.88	1540.11
1520.94	1558.54
1520	1510.37
1519.06	1552.77
1518.12	1536.57
1517.18	1523.04
1516.24	1538.79
1515.3	1474.69
1514.36	1474.48
1513.43	1399.76
1512.49	1444.79
1511.55	1495.13
1510.61	1478.96
1509.67	1481.41
1508.73	1425.35
1507.79	1467.69
1506.85	1432.92
1505.9	1443.35
1504.96	1443.14
1504.02	1381.82
1503.08	1355.05
1502.14	1407.99
1501.2	1447.63
1500.26	1354.47
1499.32	1428.63
1498.38	1439.05
1497.43	1385.75
1496.49	1327.16
1495.55	1364.13
1494.61	1419.66
1493.67	1390.27
1492.72	1382.11
1491.78	1387.22
1490.84	1379.07
1489.9	1294.02
1488.95	1293.83
1488.01	1298.95
1487.07	1319.97
1486.12	1319.78
1485.18	1306.34
1484.24	1345.9
1483.29	1374.85
1482.35	1324.33
1481.4	1215.56
1480.46	1265.69
1479.52	1334.35
1478.57	1230.92
1477.63	1206.92
1476.68	1280.85
1475.74	1272.73
1474.79	1280.49
1473.85	1251.21
1472.9	1272.19
1471.96	1253.49
1471.01	1274.47
1470.07	1269
1469.12	1260.89
1468.17	1236.92
1467.23	1263.17
1466.28	1199.58
1465.34	1191.48
1464.39	1225.65
1463.44	1238.68
1462.5	1238.5
1461.55	1214.56
1460.6	1227.59
1459.65	1235.33
1458.71	1195.57
1457.76	1211.23
1456.81	1189.95
1455.86	1210.89
1454.92	1250.28
1453.97	1210.54
1453.02	1189.27
1452.07	1204.92
1451.12	1270.66
1450.18	1294.2
1449.23	1228.13
1448.28	1217.41
1447.33	1246.22
1446.38	1238.14
1445.43	1187.92
1444.48	1206.18
1443.53	1229.71
1442.58	1205.84
1441.63	1218.83
1440.68	1200.23
1439.73	1255.32
1438.78	1194.62
1437.83	1260.23
1436.88	1241.63
1435.93	1249.35
1434.98	1267.58
1434.03	1272.66
1433.08	1267.22
1432.13	1301.21
1431.18	1174.86
1430.23	1240.39
1429.28	1224.45
1428.32	1245.29
1427.37	1197.83
1426.42	1255.44
1425.47	1218.5
1424.52	1241.96
1423.56	1228.65
1422.61	1320.35
1421.66	1215.18
1420.71	1275.36
1419.75	1298.79
1418.8	1285.49
1417.85	1311.54
1416.89	1253.65
1415.94	1298.05
1414.99	1329.33
1414.03	1316.03
1413.08	1276.53
1412.13	1286.83
1411.17	1294.51
1410.22	1291.7
1409.26	1254.84
1408.31	1307.05
1407.35	1367.1
1406.4	1345.95
1405.45	1306.49
1404.49	1358.66
1403.54	1418.66
1402.58	1413.23
1401.62	1368.54
1400.67	1253.23
1399.71	1394.31
1398.76	1339.18
1397.8	1380.84
1396.85	1438.16
1395.89	1490.25
1394.93	1471.74
1393.98	1400.96
1393.02	1447.8
1392.06	1481.56
1391.11	1478.73
1390.15	1499.42
1389.19	1567.11
1388.23	1559.06
1387.28	1553.61
1386.32	1605.6
1385.36	1639.31
1384.4	1727.81
1383.45	1659.72
1382.49	1722.1
1381.53	1774.03
1380.57	1862.47
1379.61	1963.92
1378.65	2005.36
1377.7	2158.91
1376.74	2150.78
1375.78	2080.09
1374.82	2270.05
1373.86	2371.36
1372.9	2477.84
1371.94	2443.62
1370.98	2633.42
1370.02	2625.23
1369.06	2611.83
1368.1	2843.19
1367.14	2780.3
1366.18	2897.03
1365.22	2865.39
1364.26	2953.45
1363.3	3124.75
1362.34	3223.15
1361.37	3162.87
1360.41	3276.85
1359.45	3255.57
1358.49	3439.7
1357.53	3449.61
1356.57	3399.73
1355.6	3459.02
1354.64	3484.51
1353.68	3372.29
1352.72	3408.18
1351.76	3547.94
1350.79	3334.49
1349.83	3391.13
1348.87	3388.05
1347.9	3371.99
1346.94	3329.98
1345.98	3306.15
1345.01	3207.08
1344.05	3097.65
1343.09	3107.59
1342.12	3094.17
1341.16	2969.25
1340.19	2929.94
1339.23	2846.56
1338.27	2822.82
1337.3	2646.18
1336.34	2632.84
1335.37	2616.92
1334.41	2505.15
1333.44	2499.61
1332.48	2424.14
1331.51	2271.01
1330.54	2325.06
1329.58	2291.07
1328.61	2246.74
1327.65	2228.3
1326.68	2080.49
1325.71	2031.03
1324.75	2046.26
1323.78	1989.06
1322.82	1934.47
1321.85	1910.92
1320.88	1889.96
1319.91	1775.95
1318.95	1817.05
1317.98	1790.94
1317.01	1751.93
1316.04	1710.34
1315.08	1733.34
1314.11	1758.92
1313.14	1727.68
1312.17	1688.7
1311.2	1574.86
1310.24	1603.03
1309.27	1646.68
1308.3	1538.06
1307.33	1532.68
1306.36	1524.72
1305.39	1560.61
1304.42	1426.27
1303.45	1549.85
1302.48	1412.97
1301.51	1435.97
1300.54	1363.59
1299.57	1409.78
1298.6	1435.35
1297.63	1381.04
1296.66	1391.14
1295.69	1378.07
1294.72	1336.66
1293.75	1398.27
1292.78	1315.68
1291.81	1318.07
1290.84	1302.43
1289.87	1315.11
1288.89	1286.62
1287.92	1281.29
1286.95	1301.69
1285.98	1206.33
1285.01	1213.87
1284.03	1316.55
1283.06	1246.95
1282.09	1218.49
1281.12	1228.6
1280.14	1269.54
1279.17	1228.24
1278.2	1140.72
1277.22	1222.75
1276.25	1248.26
1275.28	1171.04
1274.3	1132.36
1273.33	1163
1272.36	1178.24
1271.38	1185.77
1270.41	1167.64
1269.43	1185.43
1268.46	1154.47
1267.48	1187.65
1266.51	1133.62
1265.54	1166.8
1264.56	1094.84
1263.58	1094.68
1262.61	1058.64
1261.63	1040.54
1260.66	1145.46
1259.68	1065.87
1258.71	1116.95
1257.73	1045.07
1256.75	1096.14
1255.78	1111.35
1254.8	1106.07
1253.83	1113.59
1252.85	993.128
1251.87	1056.97
1250.9	1013.31
1249.92	1025.96
1248.94	1030.93
1247.96	1041.01
1246.99	999.944
1246.01	1030.48
1245.03	1007.33
1244.05	1007.18
1243.07	1106.72
1242.1	1047.78
1241.12	1037.41
1240.14	970.836
1239.16	1029.45
1238.18	1034.41
1237.2	988.293
1236.22	1021.34
1235.24	1026.3
1234.26	977.657
1233.29	1010.7
1232.31	997.791
1231.33	977.235
1230.35	943.93
1229.37	987.157
1228.39	974.263
1227.41	940.973
1226.42	963.784
1225.44	905.011
1224.46	953.312
1223.48	909.848
1222.5	947.941
1221.52	983.475
1220.54	952.763
1219.56	967.909
1218.58	972.863
1217.59	931.981
1216.61	990.406
1215.63	888.437
1214.65	936.67
1213.67	967.074
1212.68	972.024
1211.7	966.796
1210.72	915.78
1209.73	943.627
1208.75	887.543
1207.77	930.641
1206.78	945.762
1205.8	925.29
1204.82	894.657
1203.83	952.977
1202.85	960.463
1201.87	973.028
1200.88	917.004
1199.9	980.367
1198.91	901.503
1197.93	934.381
1196.94	939.324
1195.96	929.036
1194.97	979.662
1193.99	857.715
1193	931.172
1192.02	885.374
1191.03	890.319
1190.05	902.872
1189.06	923.028
1188.07	895.006
1187.09	968.394
1186.1	907.422
1185.12	871.81
1184.13	940.102
1183.14	858.891
1182.16	906.899
1181.17	1008.08
1180.18	901.573
1179.19	911.572
1178.21	926.631
1177.22	825.241
1176.23	880.805
1175.24	842.718
1174.26	867.9
1173.27	898.134
1172.28	877.768
1171.29	880.171
1170.3	864.871
1169.31	841.99
1168.32	917.713
1167.34	834.164
1166.35	892.174
1165.36	924.897
1164.37	952.558
1163.38	881.684
1162.39	831.037
1161.4	871.327
1160.41	866.151
1159.42	860.977
1158.43	800.265
1157.44	855.68
1156.45	863.128
1155.46	855.434
1154.46	883.064
1153.47	900.595
1152.48	882.809
1151.49	875.116
1150.5	890.119
1149.51	837.045
1148.52	852.05
1147.52	884.693
1146.53	889.606
1145.54	808.845
1144.55	841.481
1143.56	911.893
1142.56	853.832
1141.57	831.044
1140.58	863.657
1139.58	903.814
1138.59	850.822
1137.6	802.879
1136.6	843.027
1135.61	868.067
1134.62	870.458
1133.62	887.94
1132.63	827.451
1131.64	814.758
1130.64	902.642
1129.65	867.316
1128.65	864.677
1127.66	869.579
1126.66	917.198
1125.67	788.928
1124.67	781.277
1123.68	806.283
1122.68	806.166
1121.69	843.716
1120.69	815.976
1119.69	820.879
1118.7	808.211
1117.7	810.604
1116.71	805.468
1115.71	815.388
1114.71	835.338
1113.72	835.218
1112.72	837.605
1111.72	804.887
1110.72	854.913
1109.73	839.749
1108.73	849.653
1107.73	804.423
1106.73	816.835
1105.74	831.748
1104.74	794.055
1103.74	869.076
1102.74	893.993
1101.74	833.772
1100.75	816.127
1099.75	803.494
1098.75	775.848
1097.75	760.721
1096.75	830.668
1095.75	768.007
1094.75	827.927
1093.75	777.789
1092.75	767.674
1091.75	820.067
1090.75	794.95
1089.75	832.328
1088.75	804.717
1087.75	822.092
1086.75	769.507
1085.75	816.859
1084.75	846.713
1083.75	814.125
1082.75	841.474
1081.74	766.455
1080.74	831.246
1079.74	758.746
1078.74	756.141
1077.74	756.031
1076.73	778.375
1075.73	775.768
1074.73	785.632
1073.73	778.038
1072.73	723.071
1071.72	797.757
1070.72	770.222
1069.72	745.188
1068.71	747.573
1067.71	742.481
1066.71	752.339
1065.7	777.138
1064.7	819.364
1063.69	819.245
1062.69	734.475
1061.69	709.475
1060.68	761.642
1059.68	746.6
1058.67	768.887
1057.67	756.336
1056.66	758.714
1055.66	771.041
1054.65	830.614
1053.65	798.169
1052.64	773.192
1051.64	683.592
1050.63	750.6
1049.62	705.76
1048.62	767.776
1047.61	782.571
1046.6	784.941
1045.6	794.762
1044.59	759.881
1043.58	799.498
1042.58	809.313
1041.57	764.516
1040.56	769.369
1039.56	771.739
1038.55	774.109
1037.54	803.766
1036.53	796.208
1035.52	801.053
1034.52	813.335
1033.51	885.118
1032.5	808.142
1031.49	817.939
1030.48	869.864
1029.47	837.526
1028.46	820.062
1027.45	844.715
1026.45	852.023
1025.44	876.664
1024.43	819.587
1023.42	873.934
1022.41	849.054
1021.4	913.282
1020.39	873.555
1019.38	833.84
1018.37	885.672
1017.35	900.385
1016.34	917.567
1015.33	914.961
1014.32	895.049
1013.31	929.529
1012.3	917.035
1011.29	909.488
1010.28	961.249
1009.26	953.698
1008.25	995.556
1007.24	1020.11
1006.23	973.04
1005.21	943.268
1004.2	1046.83
1003.19	1054.08
1002.18	1083.55
1001.16	999.482
1000.15	1028.95
999.137	1068.27
998.124	1112.52
997.11	1129.62
996.096	1139.32
995.082	1222.99
994.068	1220.35
993.054	1262.08
992.04	1328.44
991.025	1362.75
990.011	1443.86
988.996	1446.11
987.981	1497.63
986.966	1640.26
985.951	1617.86
984.935	1615.16
983.92	1659.24
982.904	1727.92
981.888	1742.44
980.872	1722.5
979.856	1584.47
978.84	1731.84
977.824	1704.53
976.807	1716.58
975.79	1804.85
974.773	1708.71
973.756	1737.96
972.739	1688.55
971.722	1749.74
970.705	1683.14
969.687	1614.11
968.669	1690.02
967.651	1699.6
966.633	1662.52
965.615	1718.75
964.597	1723.41
963.578	1701.07
962.56	1656.65
961.541	1678.49
960.522	1673.34
959.503	1682.91
958.484	1655.69
957.464	1657.9
956.445	1706.7
955.425	1647.61
954.405	1659.63
953.385	1710.86
952.365	1619.93
951.345	1636.85
950.325	1700.31
949.304	1589.83
948.283	1653.28
947.263	1692.23
946.242	1679.74
945.22	1691.74
944.199	1689.04
943.178	1615.37
942.156	1695.89
941.134	1729.9
940.113	1685.62
939.091	1658.46
938.068	1533.49
937.046	1489.25
936.024	1415.68
935.001	1325.02
933.978	1273.5
932.955	1226.88
931.932	1199.82
930.909	1065.27
929.886	1067.55
928.862	989.237
927.838	981.766
926.815	954.763
925.791	896.029
924.766	949.604
923.742	873.801
922.718	800.461
921.693	819.866
920.669	790.47
919.644	792.794
918.619	773.167
917.594	787.686
916.568	763.189
915.543	775.268
914.517	821.469
913.491	775.042
912.466	794.425
911.439	784.563
910.413	808.811
909.387	738.054
908.36	840.237
907.334	781.672
906.307	779.123
905.28	747.363
904.253	703.441
903.226	798.253
902.198	737.303
901.171	754.227
900.143	776.011
899.115	780.763
898.087	783.081
897.059	756.22
896.031	726.935
895.002	758.431
893.974	765.612
892.945	697.456
891.916	741.091
890.887	782.284
889.858	687.435
888.829	743.196
887.799	760.087
886.77	806.109
885.74	721.023
884.71	730.627
883.68	701.397
882.649	754.681
881.619	756.997
880.589	771.443
879.558	737.372
878.527	722.714
877.496	732.308
876.465	676.438
875.434	741.792
874.402	804.702
873.371	693.107
872.339	700.275
871.307	724.4
870.275	741.252
869.243	738.722
868.21	692.602
867.178	675.552
866.145	755.346
865.112	764.918
864.08	716.401
863.046	721.137
862.013	725.871
860.98	771.731
859.946	781.294
858.913	759.413
857.879	754.466
856.845	764.028
855.811	797.761
854.776	778.308
853.742	737.109
852.707	753.917
851.672	712.734
850.638	724.709
849.603	719.772
848.567	722.083
847.532	721.977
846.496	774.986
845.461	733.837
844.425	685.458
843.389	695.011
842.353	716.626
841.317	750.297
840.28	728.478
839.244	680.135
838.207	771.672
837.17	737.804
836.133	797.965
835.096	735.178
834.059	723.021
833.021	771.109
831.984	749.313
830.946	749.203
829.908	715.373
828.87	751.393
827.832	751.284
826.793	760.805
825.755	753.472
824.716	729.293
823.677	746.032
822.638	757.955
821.599	757.844
820.56	707.218
819.52	755.218
818.481	779.156
817.441	754.997
816.401	762.1
815.361	718.721
814.321	773.894
813.281	759.363
812.24	800.098
811.199	785.567
810.159	751.825
809.118	792.543
808.077	814.039
807.035	725.085
805.994	751.386
804.952	727.274
803.911	765.566
802.869	772.653
801.827	748.548
800.785	789.219
799.742	774.713
798.7	812.97
797.657	731.327
796.614	769.579
795.571	728.716
794.528	747.784
793.485	709.332
792.442	769.13
791.398	666.002
790.355	752.138
789.311	756.818
788.267	725.577
787.223	742.231
786.178	732.547
785.134	746.801
784.089	708.4
783.044	739.404
781.999	701.016
780.954	734.404
779.909	731.905
778.864	688.751
777.818	695.824
776.773	688.55
775.727	741.039
774.681	733.761
773.635	757.551
772.588	704.873
771.542	726.272
770.495	687.946
769.449	706.953
768.402	766.549
767.355	666.156
766.307	713.805
765.26	687.444
764.213	687.343
763.165	701.56
762.117	696.686
761.069	706.126
760.021	698.868
758.973	739.308
757.924	722.508
756.876	762.934
755.827	719.913
754.778	679.289
753.729	686.339
752.68	710.066
751.631	743.317
750.581	697.948
749.531	671.647
748.482	790.618
747.432	723.834
746.381	697.54
745.331	728.382
744.281	709.236
743.23	740.068
742.179	720.925
741.129	704.167
740.078	734.986
739.026	727.743
737.975	749.038
736.923	741.796
735.872	739.31
734.82	736.825
733.768	727.211
732.716	746.114
731.664	696.113
730.611	731.643
729.559	717.285
728.506	693.432
727.453	705.203
726.4	743.085
725.347	721.613
724.293	726.254
723.24	745.132
722.186	673.842
721.132	787.616
720.078	761.408
719.024	725.722
717.97	716.131
716.916	801.38
715.861	737.257
714.806	753.74
713.751	718.081
712.696	732.194
711.641	746.302
710.586	717.766
709.53	741.346
708.475	736.501
707.419	833.474
706.363	698.406
705.307	757.482
704.25	757.371
703.194	726.496
702.137	768.979
701.081	759.404
700.024	820.793
698.967	723.705
697.909	844.199
696.852	742.408
695.795	770.667
694.737	784.737
693.679	770.442
692.621	765.603
691.563	815.106
690.505	789.001
689.446	829.038
688.388	807.663
687.329	753.236
686.27	816.869
685.211	793.144
684.152	809.549
683.092	851.908
682.033	785.717
680.973	832.785
679.913	785.486
678.853	811.314
677.793	820.628
676.733	768.636
675.672	815.672
674.611	836.767
673.551	843.714
672.49	874.224
671.429	881.164
670.367	812.719
669.306	796.112
668.244	850.161
667.183	826.489
666.121	840.494
665.059	786.229
663.997	812.004
662.934	844.831
661.872	861.177
660.809	821.057
659.746	809.175
658.683	872.558
657.62	783.07
656.557	837.033
655.494	818.104
654.43	756.87
653.366	834.315
652.302	805.994
651.238	780.032
650.174	833.947
649.11	803.291
648.045	826.657
646.98	746.7
645.916	838.153
644.851	807.514
643.785	840.254
642.72	814.317
641.655	776.655
640.589	760.119
639.523	790.501
638.457	874.818
637.391	776.199
636.325	783.119
635.259	745.495
634.192	752.417
633.125	799.18
632.058	780.316
630.991	773.172
629.924	805.855
628.857	798.71
627.789	768.148
626.722	796.134
625.654	774.946
624.586	772.491
623.518	828.55
622.449	786.305
621.381	800.229
620.312	746.303
619.244	842.099
618.175	804.554
617.106	823.143
616.036	820.684
614.967	822.901
613.898	825.118
612.828	841.356
611.758	810.855
610.688	768.68
609.618	754.551
608.547	798.819
607.477	777.683
606.406	723.862
605.335	768.115
604.265	725.984
603.193	739.881
602.122	772.444
601.051	723.33
599.979	746.554
598.907	697.459
597.835	695.024
596.763	746.224
595.691	704.146
594.619	727.355
593.546	743.564
592.474	696.843
591.401	720.043
590.328	710.618
589.255	726.82
588.181	656.837
587.108	733.593
586.034	696.228
584.96	747.346
583.886	691.368
582.812	665.664
581.738	744.689
580.664	672.448
579.589	656.064
578.514	753.665
577.439	683.78
576.364	702.283
575.289	725.431
574.214	678.829
573.138	683.378
572.062	706.518
570.986	694.795
569.91	745.808
568.834	687.622
567.758	727.006
566.681	738.511
565.605	756.978
564.528	717.398
563.451	710.329
562.374	705.582
561.297	724.044
560.219	740.179
559.142	751.67
558.064	781.714
556.986	765.364
555.908	746.7
554.83	709.492
553.751	718.661
552.673	822.861
551.594	748.578
550.515	776.274
549.436	771.526
548.357	859.441
547.278	799.093
546.198	798.975
545.118	822.013
544.039	826.522
542.959	905.105
541.878	865.625
540.798	909.467
539.718	930.157
538.637	967.036
537.556	943.762
536.475	1017.63
535.394	1093.79
534.313	1116.75
533.232	1148.95
532.15	1296.72
531.068	1400.52
529.986	1513.55
528.904	1672.74
527.822	2037.49
526.74	2552.26
525.657	3346.31
524.574	4698.92
523.492	7163.93
522.409	13014.6
521.325	23463.4
520.242	31306.1
519.159	28272
518.075	18296.9
516.991	10398.5
515.907	6275.52
514.823	4256.86
513.739	3204.85
512.654	2524.31
511.57	2083.69
510.485	1726.17
509.4	1583.05
508.315	1439.97
507.23	1299.24
506.144	1232.25
505.059	1142.25
503.973	1160.5
502.887	969.247
501.801	1017.44
500.715	1024.2
499.628	971.119
498.542	957.17
497.455	943.226
496.368	926.985
495.281	936.048
494.194	894.518
493.107	910.48
492.019	804.598
490.932	864.241
489.844	818.15
488.756	868.581
487.668	808.718
486.579	866.028
485.491	836.041
484.402	863.475
483.313	789.871
482.224	812.713
481.135	759.797
480.046	766.57
478.957	819.237
477.867	777.816
476.777	814.407
475.687	768.411
474.597	800.406
473.507	795.701
472.417	811.633
471.326	756.495
470.235	740.339
469.145	740.229
468.053	767.617
466.962	790.414
465.871	739.901
464.779	721.469
463.688	758.003
462.596	730.414
461.504	721.149
460.412	753.089
459.319	748.4
458.227	709.387
457.134	716.147
456.041	738.917
454.948	750.245
453.855	789.013
452.762	770.603
451.669	759.057
450.575	820.667
449.481	783.975
448.387	843.277
447.293	815.733
446.199	840.743
445.104	799.501
444.01	826.79
442.915	865.49
441.82	844.812
440.725	858.385
439.63	824.019
438.534	890.082
437.439	899.078
436.343	869.285
435.247	910.219
434.151	930.612
433.055	859.777
431.959	905.254
430.862	875.481
429.765	889.029
428.668	872.943
427.571	888.766
426.474	872.685
425.377	890.781
424.279	927.095
423.182	906.46
422.084	901.772
420.986	862.932
419.888	899.228
418.789	883.162
417.691	857.997
416.592	876.074
415.493	896.421
414.394	925.861
413.295	918.9
412.196	896.022
411.097	886.794
409.997	936.68
408.897	943.361
407.797	927.311
406.697	943.081
405.597	970.207
404.496	972.335
403.396	985.82
402.295	937.98
401.194	926.487
400.093	883.211
398.992	901.241
397.89	914.727
396.789	930.477
395.687	903.11
394.585	968.771
393.483	889.232
392.381	880.027
391.278	954.733
390.176	909.243
389.073	920.444
387.97	865.905
386.867	940.569
385.764	933.631
384.66	881.38
383.557	872.188
382.453	906.035
381.349	905.901
380.245	912.56
379.141	910.16
378.037	905.498
376.932	927.998
375.827	891.651
374.723	918.671
373.618	884.599
372.512	965.902
371.407	956.712
370.302	918.126
369.196	949.645
368.09	954.026
366.984	983.269
365.878	980.863
364.772	928.744
363.665	971.535
362.558	1018.83
361.452	939.624
360.345	939.485
359.237	932.572
358.13	1002.42
357.023	923.265
355.915	936.67
354.807	920.735
353.699	936.392
352.591	988.142
351.483	922.58
350.374	1026.19
349.266	935.837
348.157	965.009
347.048	998.681
345.939	985.008
344.829	971.34
343.72	937.395
342.61	932.75
341.501	1009.2
340.391	943.735
339.28	995.391
338.17	965.972
337.06	999.598
335.949	1021.96
334.838	1006.05
333.727	1021.66
332.616	990.005
331.505	969.61
330.394	1039.2
329.282	1014.3
328.17	1041.14
327.058	984.773
325.946	1022.84
324.834	1004.71
323.722	1042.76
322.609	1024.63
321.496	1053.69
320.383	1064.76
319.27	1046.64
318.157	1055.46
317.043	1068.78
315.93	1084.34
314.816	1095.4
313.702	1090.75
312.588	1099.56
311.474	1159.98
310.359	1171.02
309.245	1197.76
308.13	1139.27
307.015	1217.59
305.9	1318.3
304.785	1336.03
303.67	1342.56
302.554	1313.23
301.438	1442.99
300.322	1386.77
299.206	1319.36
