3199.1	1708.72
3198.4	1662.63
3197.69	1683.67
3196.99	1609.02
3196.28	1658.41
3195.58	1615.66
3194.87	1760.69
3194.16	1749.82
3193.46	1707.09
3192.75	1742.26
3192.05	1738.49
3191.34	1706.39
3190.63	1716.77
3189.93	1638.67
3189.22	1783.54
3188.51	1733.76
3187.81	1747.67
3187.1	1811.11
3186.39	1701.22
3185.69	1665.62
3184.98	1771.47
3184.27	1732.34
3183.57	1693.22
3182.86	1724.8
3182.15	1706.89
3181.44	1678.39
3180.74	1699.36
3180.03	1632.01
3179.32	1755.41
3178.61	1765.76
3177.9	1709.03
3177.2	1691.14
3176.49	1676.79
3175.78	1655.38
3175.07	1725.74
3174.36	1750.2
3173.65	1817
3172.95	1650.95
3172.24	1700.11
3171.53	1784.51
3170.82	1756.06
3170.11	1688.83
3169.4	1723.85
3168.69	1695.42
3167.98	1779.77
3167.27	1761.91
3166.56	1663.02
3165.85	1747.34
3165.14	1775.28
3164.43	1701.08
3163.72	1651.54
3163.01	1728.78
3162.3	1788.39
3161.59	1700.15
3160.88	1710.47
3160.17	1759.5
3159.46	1695.93
3158.75	1723.84
3158.04	1684.91
3157.33	1695.24
3156.62	1744.24
3155.91	1782.68
3155.2	1743.76
3154.49	1841.95
3153.77	1834.67
3153.06	1743.05
3152.35	1686.59
3151.64	1749.6
3150.93	1661.54
3150.22	1717.51
3149.5	1776.97
3148.79	1752.15
3148.08	1727.34
3147.37	1702.53
3146.66	1667.2
3145.94	1730.14
3145.23	1740.43
3144.52	1606.87
3143.81	1669.79
3143.09	1715.16
3142.38	1697.39
3141.67	1669.11
3140.95	1724.98
3140.24	1686.18
3139.53	1738.53
3138.81	1643.66
3138.1	1787.11
3137.39	1723.8
3136.67	1755.09
3135.96	1719.83
3135.25	1824.66
3134.53	1670.33
3133.82	1677.11
3133.1	1774.9
3132.39	1785.16
3131.68	1707.92
3130.96	1651.69
3130.25	1686.46
3129.53	1644.25
3128.82	1731.47
3128.1	1727.74
3127.39	1678.54
3126.67	1674.82
3125.96	1706.05
3125.24	1726.79
3124.53	1635.68
3123.81	1687.88
3123.1	1610.78
3122.38	1757.29
3121.66	1760.54
3120.95	1718.39
3120.23	1714.66
3119.52	1700.46
3118.8	1633.9
3118.08	1700
3117.37	1657.88
3116.65	1650.68
3115.94	1702.79
3115.22	1615.34
3114.5	1688.37
3113.79	1639.31
3113.07	1673.96
3112.35	1698.14
3111.63	1711.85
3110.92	1666.3
3110.2	1707.9
3109.48	1749.49
3108.77	1641.23
3108.05	1755.98
3107.33	1724.38
3106.61	1706.73
3105.89	1608.99
3105.18	1793.32
3104.46	1699.07
3103.74	1670.99
3103.02	1750.82
3102.3	1680.97
3101.59	1778.18
3100.87	1663.12
3100.15	1777.69
3099.43	1700.92
3098.71	1756.34
3097.99	1672.64
3097.27	1724.56
3096.55	1703.47
3095.83	1807.52
3095.12	1727.33
3094.4	1737.52
3093.68	1744.23
3092.96	1674.51
3092.24	1594.39
3091.52	1750.46
3090.8	1784.95
3090.08	1805.54
3089.36	1718.5
3088.64	1652.31
3087.92	1742.33
3087.2	1759.44
3086.48	1745.32
3085.76	1720.8
3085.03	1772.59
3084.31	1709.92
3083.59	1730.49
3082.87	1712.92
3082.15	1733.49
3081.43	1688.19
3080.71	1722.62
3079.99	1743.17
3079.27	1645.91
3078.54	1635.29
3077.82	1676.64
3077.1	1738.76
3076.38	1686.57
3075.66	1707.12
3074.93	1776.13
3074.21	1730.88
3073.49	1727.18
3072.77	1723.49
3072.05	1660.97
3071.32	1716.1
3070.6	1667.43
3069.88	1770.97
3069.15	1729.23
3068.43	1832.73
3067.71	1721.84
3066.99	1687.03
3066.26	1738.65
3065.54	1772.97
3064.82	1717.44
3064.09	1879.6
3063.37	1623.69
3062.64	1734.01
3061.92	1719.95
3061.2	1654.11
3060.47	1823.07
3059.75	1743.42
3059.02	1788.05
3058.3	1649.75
3057.58	1742.7
3056.85	1766.61
3056.13	1804.32
3055.4	1745.43
3054.68	1807.28
3053.95	1817.38
3053.23	1748.17
3052.5	1713.45
3051.78	1706.32
3051.05	1699.2
3050.33	1688.62
3049.6	1681.5
3048.87	1626.15
3048.15	1718.93
3047.42	1735.92
3046.7	1728.8
3045.97	1704.46
3045.24	1783.41
3044.52	1738.41
3043.79	1714.08
3043.07	1658.78
3042.34	1734.26
3041.61	1854.44
3040.89	1723.46
3040.16	1712.91
3039.43	1771.14
3038.7	1808.72
3037.98	1653.76
3037.25	1736.04
3036.52	1711.74
3035.8	1735.56
3035.07	1738.76
3034.34	1779.75
3033.61	1724.54
3032.88	1717.44
3032.16	1779.02
3031.43	1747.87
3030.7	1778.54
3029.97	1757.69
3029.24	1832.97
3028.52	1760.64
3027.79	1712.36
3027.06	1701.83
3026.33	1787.37
3025.6	1715.09
3024.87	1766.3
3024.14	1735.2
3023.41	1724.67
3022.68	1823.86
3021.96	1741.34
3021.23	1789.08
3020.5	1840.24
3019.77	1822.86
3019.04	1754.09
3018.31	1781.25
3017.58	1815.26
3016.85	1770.49
3016.12	1736.01
3015.39	1787.13
3014.66	1800.57
3013.93	1690.8
3013.2	1803.5
3012.47	1762.19
3011.73	1830.38
3011	1706.98
3010.27	1884.6
3009.54	1621.02
3008.81	1760.99
3008.08	1753.91
3007.35	1856.22
3006.62	1828.63
3005.88	1770.28
3005.15	1793.95
3004.42	1780.04
3003.69	1742.22
3002.96	1789.8
3002.23	1905.67
3001.49	1843.95
3000.76	1785.65
3000.03	1901.48
2999.3	1826.12
2998.56	1696.19
2997.83	1774.44
2997.1	1835.61
2996.37	1797.83
2995.63	1869.22
2994.9	1718.9
2994.17	1756.17
2993.43	1800.26
2992.7	1830.69
2991.97	1779.31
2991.23	1830.19
2990.5	1846.98
2989.77	1809.25
2989.03	1832.85
2988.3	1774.69
2987.56	1873.22
2986.83	1774.2
2986.1	1940.8
2985.36	1899.68
2984.63	1841.55
2983.89	1773.23
2983.16	1851.26
2982.42	1806.77
2981.69	1854.15
2980.95	1813.08
2980.22	1874.05
2979.48	1815.98
2978.75	1846.34
2978.01	1815.49
2977.28	1754.05
2976.54	1740.21
2975.81	1862.32
2975.07	1841.68
2974.33	1827.83
2973.6	1803.8
2972.86	1834.13
2972.13	1806.71
2971.39	1898.14
2970.65	1901.28
2969.92	1819.54
2969.18	1921.12
2968.44	1886.92
2967.71	1944.35
2966.97	1937.29
2966.23	1862.4
2965.5	1831.62
2964.76	1872.06
2964.02	1963.36
2963.28	1912.23
2962.55	1979.77
2961.81	1830.36
2961.07	1884.34
2960.33	1880.69
2959.6	1914.31
2958.86	1870.01
2958.12	1907.01
2957.38	1855.95
2956.64	1825.22
2955.91	1919.77
2955.17	1993.99
2954.43	1990.33
2953.69	1925.75
2952.95	1925.49
2952.21	1891.39
2951.47	1955.41
2950.73	1928.08
2950	1904.14
2949.26	1843.01
2948.52	1879.95
2947.78	1903.36
2947.04	2028.17
2946.3	1865.66
2945.56	1953.27
2944.82	1925.97
2944.08	1875.03
2943.34	1955.84
2942.6	1894.78
2941.86	1908.03
2941.12	1907.77
2940.38	1948.02
2939.64	1988.26
2938.9	1967.74
2938.15	1991.09
2937.41	1946.95
2936.67	1882.58
2935.93	2000.39
2935.19	1844.96
2934.45	1885.18
2933.71	1945.62
2932.97	1925.12
2932.22	1816.99
2931.48	1917.85
2930.74	1931.07
2930	1971.24
2929.26	1930.54
2928.51	1977.44
2927.77	1946.85
2927.03	1929.75
2926.29	1916.01
2925.55	1939.32
2924.8	1864.99
2924.06	1938.79
2923.32	1941.89
2922.57	1951.72
2921.83	1944.72
2921.09	1931
2920.34	1900.46
2919.6	1943.92
2918.86	1866.31
2918.11	1886.23
2917.37	1889.33
2916.63	1862.18
2915.88	1841.76
2915.14	1928.88
2914.4	1968.94
2913.65	1908.19
2912.91	1857.55
2912.16	1951.33
2911.42	1944.35
2910.67	1994.45
2909.93	1953.89
2909.18	1953.62
2908.44	1909.72
2907.69	1855.77
2906.95	1872.29
2906.2	1919
2905.46	1844.94
2904.71	1811.15
2903.97	1951.75
2903.22	1911.24
2902.48	1921.04
2901.73	1927.48
2900.98	1930.56
2900.24	1950.41
2899.49	1916.63
2898.75	1956.57
2898	1839.06
2897.25	1838.81
2896.51	1868.7
2895.76	1831.61
2895.01	1881.58
2894.27	1884.67
2893.52	1894.45
2892.77	1803.83
2892.03	1917.35
2891.28	1840.14
2890.53	1906.79
2889.78	1953.36
2889.04	1826
2888.29	1849.16
2887.54	1899.06
2886.79	1908.83
2886.05	1861.77
2885.3	1908.3
2884.55	1944.8
2883.8	2011.35
2883.05	1830.68
2882.3	1873.85
2881.56	1796.78
2880.81	1880.02
2880.06	1859.73
2879.31	1892.86
2878.56	1922.64
2877.81	1818.91
2877.06	1915.44
2876.31	1988.58
2875.56	1858.2
2874.81	1867.95
2874.06	1874.36
2873.31	1910.79
2872.56	1940.53
2871.81	1806.92
2871.06	1980
2870.31	1953.07
2869.56	1899.48
2868.81	1782.6
2868.06	1918.95
2867.31	1778.78
2866.56	1925.08
2865.81	1948.13
2865.06	1891.26
2864.31	1904.31
2863.56	1844.13
2862.81	1817.26
2862.06	1910.19
2861.31	1806.77
2860.55	1893.03
2859.8	1896.09
2859.05	1935.75
2858.3	1779.18
2857.55	1872.04
2856.8	2004.77
2856.04	1904.77
2855.29	1818.09
2854.54	1827.81
2853.79	1877.4
2853.03	1960.2
2852.28	1823.73
2851.53	1830.13
2850.78	2015.85
2850.02	1995.65
2849.27	1922.33
2848.52	1912.11
2847.76	1908.53
2847.01	1964.69
2846.26	1954.46
2845.5	1984.05
2844.75	1967.19
2844	1937.07
2843.24	1916.91
2842.49	1900.06
2841.73	1899.8
2840.98	1912.8
2840.23	2002.04
2839.47	1955.36
2838.72	1931.9
2837.96	1862.05
2837.21	1937.99
2836.45	1970.85
2835.7	1947.4
2834.94	1900.77
2834.19	2026.33
2833.43	1992.94
2832.68	2068.8
2831.92	2025.49
2831.17	1952.41
2830.41	1965.38
2829.66	1945.26
2828.9	2021.07
2828.14	1977.8
2827.39	2020.52
2826.63	2010.32
2825.88	1907.56
2825.12	2032.91
2824.36	1920.25
2823.61	1946.43
2822.85	1975.9
2822.09	1952.5
2821.34	2048.03
2820.58	2004.81
2819.82	2007.84
2819.07	2040.58
2818.31	2086.52
2817.55	1970.7
2816.79	1983.63
2816.04	2039.46
2815.28	1986.38
2814.52	2098.28
2813.76	1959.45
2813	2097.71
2812.25	1982
2811.49	2008.1
2810.73	2073.76
2809.97	2017.44
2809.21	2162.19
2808.45	2109.16
2807.7	2108.87
2806.94	1980.09
2806.18	2131.35
2805.42	2154.12
2804.66	2104.42
2803.9	2117.3
2803.14	2100.55
2802.38	2116.72
2801.62	2060.47
2800.86	2116.14
2800.1	2142.17
2799.34	2056.33
2798.58	2141.58
2797.82	2213.65
2797.06	2150.86
2796.3	2124.26
2795.54	2212.74
2794.78	2209.15
2794.02	2208.85
2793.26	2060.65
2792.5	2208.24
2791.74	2142.22
2790.98	2250.34
2790.22	2256.6
2789.46	2216.88
2788.69	2190.3
2787.93	2298.35
2787.17	2307.89
2786.41	2202.53
2785.65	2192.38
2784.89	2264.27
2784.12	2237.71
2783.36	2266.93
2782.6	2335.5
2781.84	2361.42
2781.08	2377.49
2780.31	2308.31
2779.55	2393.23
2778.79	2366.68
2778.03	2402.41
2777.26	2336.54
2776.5	2473.83
2775.74	2430.9
2774.97	2482.98
2774.21	2387.66
2773.45	2361.13
2772.68	2387
2771.92	2520.9
2771.16	2497.64
2770.39	2611.85
2769.63	2676.94
2768.86	2575.14
2768.1	2636.95
2767.34	2603.87
2766.57	2659.12
2765.81	2681.64
2765.04	2664.93
2764.28	2834.57
2763.51	2732.84
2762.75	2814.18
2761.98	2761.5
2761.22	2770.93
2760.45	2871.83
2759.69	2897.57
2758.92	2903.7
2758.16	3056.79
2757.39	2955.15
2756.62	3163.69
2755.86	3088.18
2755.09	3185.67
2754.33	3345.15
2753.56	3272.9
2752.79	3295.29
2752.03	3516.67
2751.26	3620.56
2750.5	3545.05
2749.73	3723.91
2748.96	3635.37
2748.19	3823.95
2747.43	3794.08
2746.66	3689.27
2745.89	4060.25
2745.13	4212.82
2744.36	4189.44
2743.59	4413.62
2742.82	4315.3
2742.06	4457.99
2741.29	4545.29
2740.52	4596.75
2739.75	4889.07
2738.98	4725.67
2738.22	4991.86
2737.45	5118.07
2736.68	5058.8
2735.91	5087.38
2735.14	5259.06
2734.37	5580.27
2733.6	5566.5
2732.84	5533.23
2732.07	5672.24
2731.3	5895.72
2730.53	5829.91
2729.76	6066.3
2728.99	6010.24
2728.22	6249.79
2727.45	6339.87
2726.68	6517.61
2725.91	6484.24
2725.14	6376.21
2724.37	6732.4
2723.6	6841.83
2722.83	6756.51
2722.06	6865.91
2721.29	6826.03
2720.52	7084.6
2719.75	7005.78
2718.98	7238.31
2718.2	7389.71
2717.43	7268.74
2716.66	7471.96
2715.89	7438.52
2715.12	7388.89
2714.35	7614.69
2713.58	7393.33
2712.8	7470.06
2712.03	7640.7
2711.26	7558.68
2710.49	7586.79
2709.72	7812.37
2708.94	7617.07
2708.17	7645.15
2707.4	7624.68
2706.63	7565.39
2705.85	7726.11
2705.08	7747.7
2704.31	7782.21
2703.53	7855.52
2702.76	7663.66
2701.99	7649.67
2701.22	7635.68
2700.44	7573.22
2699.67	7546.32
2698.89	7487.12
2698.12	7537.78
2697.35	7426.91
2696.57	7561.55
2695.8	7583.11
2695.02	7307.59
2694.25	7422.82
2693.48	7405.66
2692.7	7317.48
2691.93	7135.74
2691.15	7150.9
2690.38	7053.12
2689.6	7239.26
2688.83	7196.33
2688.05	7101.8
2687.28	7016.98
2686.5	7138.54
2685.73	6766.82
2684.95	6827.13
2684.17	6732.72
2683.4	6773.69
2682.62	6685.76
2681.85	6604.3
2681.07	6613.05
2680.29	6528.4
2679.52	6601.57
2678.74	6330.2
2677.97	6329.32
2677.19	6450.77
2676.41	6054.01
2675.64	6262.35
2674.86	6164.96
2674.08	6051.51
2673.3	6047.46
2672.53	5966.22
2671.75	5907.51
2670.97	5832.74
2670.19	5684.05
2669.42	5718.63
2668.64	5499.28
2667.86	5521.02
2667.08	5407.8
2666.3	5355.65
2665.53	5293.88
2664.75	5228.91
2663.97	5244.25
2663.19	5124.72
2662.41	4985.96
2661.63	4866.5
2660.85	4817.68
2660.08	4800.97
2659.3	4707.26
2658.52	4680.94
2657.74	4677.09
2656.96	4589.84
2656.18	4412.83
2655.4	4428.25
2654.62	4453.29
2653.84	4411
2653.06	4153.98
2652.28	4239.93
2651.5	4210.51
2650.72	4155.46
2649.94	4055.58
2649.16	4064.63
2648.38	3846.3
2647.6	3964.25
2646.82	3739.58
2646.03	3831.9
2645.25	3860.18
2644.47	3677.23
2643.69	3622.32
2642.91	3698.61
2642.13	3685.3
2641.35	3537.66
2640.57	3725.86
2639.78	3511.1
2639	3462.66
2638.22	3443
2637.44	3404.17
2636.65	3330.19
2635.87	3355.3
2635.09	3310.1
2634.31	3325.62
2633.52	3309.19
2632.74	3200.15
2631.96	3183.74
2631.18	3279.09
2630.39	3227.56
2629.61	3169.66
2628.83	3223.47
2628.04	3069.86
2627.26	3104.53
2626.48	2992.44
2625.69	3001.6
2624.91	2972.48
2624.12	3086.87
2623.34	2850.5
2622.56	2984.01
2621.77	2703.08
2620.99	2862.07
2620.2	2871.24
2619.42	2807.11
2618.63	2768.5
2617.85	2739.45
2617.06	2726.33
2616.28	2843.78
2615.49	2623.69
2614.71	2702.92
2613.92	2740.74
2613.14	2718.08
2612.35	2727.26
2611.57	2726.88
2610.78	2618.33
2609.99	2547.99
2609.21	2522.19
2608.42	2719.01
2607.64	2629.61
2606.85	2610.17
2606.06	2606.63
2605.28	2536.35
2604.49	2510.57
2603.7	2599.2
2602.92	2503.53
2602.13	2512.71
2601.34	2337.67
2600.56	2566.01
2599.77	2457.69
2598.98	2571.65
2598.19	2431.62
2597.41	2367.8
2596.62	2532.5
2595.83	2462.34
2595.04	2297.02
2594.25	2385.53
2593.47	2334.45
2592.68	2359.5
2591.89	2406.74
2591.1	2343
2590.31	2234.89
2589.52	2326.5
2588.73	2323.01
2587.94	2284.66
2587.16	2278.01
2586.37	2246.02
2585.58	2356.57
2584.79	2251.73
2584	2184.93
2583.21	2206.79
2582.42	2269.8
2581.63	2218.84
2580.84	2152.07
2580.05	2151.77
2579.26	2224.25
2578.47	2223.94
2577.68	2078.13
2576.89	2261.28
2576.1	2197.72
2575.31	2238.52
2574.52	2247.7
2573.73	2162.04
2572.93	2196.51
2572.14	2208.85
2571.35	2132.71
2570.56	2201.92
2569.77	2179.5
2568.98	2141.3
2568.19	2109.43
2567.39	2128.08
2566.6	2156.2
2565.81	2130.65
2565.02	2184.01
2564.23	2205.8
2563.43	2113.99
2562.64	2069.53
2561.85	2141.8
2561.06	2091.04
2560.26	2109.67
2559.47	2131.45
2558.68	2055.49
2557.88	2074.12
2557.09	2117.96
2556.3	2098.76
2555.5	2104.77
2554.71	2110.78
2553.92	2126.24
2553.12	2110.2
2552.33	2119.36
2551.53	2052.94
2550.74	2150.25
2549.95	2109.03
2549.15	2096.15
2548.36	2171.39
2547.56	2064.11
2546.77	2070.12
2545.97	2035.23
2545.18	2075.83
2544.38	2022.09
2543.59	2138.15
2542.79	2046.68
2542	2077.83
2541.2	2046.11
2540.41	2061.54
2539.61	2014.13
2538.82	1979.29
2538.02	2048.12
2537.22	2167.19
2536.43	2025.57
2535.63	2119.49
2534.84	2100.36
2534.04	2059.27
2533.24	2049.56
2532.45	2017.9
2531.65	2045.86
2530.85	2020.48
2530.06	2020.2
2529.26	1982.28
2528.46	2101.18
2527.66	2066.4
2526.87	1972.05
2526.07	2031.34
2525.27	2143.9
2524.47	2011.98
2523.68	2080.64
2522.88	2130.48
2522.08	2070.66
2521.28	1960.75
2520.48	2045.04
2519.69	2129.3
2518.89	2078.91
2518.09	2056.71
2517.29	1959.4
2516.49	2121.86
2515.69	2159.12
2514.89	2033.67
2514.09	2152.27
2513.29	1970.55
2512.5	2060.98
2511.7	2091.96
2510.9	2138.57
2510.1	1975.72
2509.3	2078.59
2508.5	2106.43
2507.7	2018.64
2506.9	2052.73
2506.1	2046.2
2505.3	2067.78
2504.5	1983.17
2503.69	2045.35
2502.89	2051.31
2502.09	2097.86
2501.29	2131.9
2500.49	2059.83
2499.69	2081.38
2498.89	2093.58
2498.09	2093.29
2497.29	2052.45
2496.48	2074
2495.68	2142.31
2494.88	2151.37
2494.08	2070.02
2493.28	2138.31
2492.47	2116.19
2491.67	2203.16
2490.87	2093.8
2490.07	2130.89
2489.26	2049.61
2488.46	2195.71
2487.66	2070.84
2486.86	2167.08
2486.05	2123.19
2485.25	2244.3
2484.45	2103.93
2483.64	2178.33
2482.84	2146.91
2482.04	2243.06
2481.23	2155.65
2480.43	2270.43
2479.63	2189.26
2478.82	2167.19
2478.02	2132.69
2477.21	2135.51
2476.41	2212.91
2475.6	2290.3
2474.8	2249.59
2473.99	2261.7
2473.19	2149.56
2472.38	2180.32
2471.58	2220.39
2470.77	2235.61
2469.97	2225.99
2469.16	2241.2
2468.36	2262.61
2467.55	2315.06
2466.75	2280.61
2465.94	2308.21
2465.14	2248.95
2464.33	2304.47
2463.52	2375.48
2462.72	2337.94
2461.91	2235.31
2461.1	2358.99
2460.3	2281.18
2459.49	2324.25
2458.68	2348.72
2457.88	2363.88
2457.07	2428.61
2456.26	2403.49
2455.46	2372.19
2454.65	2461.66
2453.84	2362.25
2453.03	2368.11
2452.23	2339.93
2451.42	2342.7
2450.61	2382.6
2449.8	2323.49
2448.99	2363.38
2448.19	2325.93
2447.38	2402.93
2446.57	2294.37
2445.76	2457.91
2444.95	2367.92
2444.14	2324.32
2443.33	2453.8
2442.52	2348.4
2441.71	2283.19
2440.91	2285.97
2440.1	2344.34
2439.29	2368.72
2438.48	2285.02
2437.67	2284.7
2436.86	2265.86
2436.05	2299.5
2435.24	2379.42
2434.43	2326.64
2433.62	2335.57
2432.81	2273.55
2432	2319.5
2431.19	2294.51
2430.37	2278.77
2429.56	2222.96
2428.75	2185.66
2427.94	2206.93
2427.13	2095.68
2426.32	2193.99
2425.51	2107.42
2424.7	2073.24
2423.88	2103.76
2423.07	2223.58
2422.26	2072.38
2421.45	2075.17
2420.64	1994.84
2419.82	2062.28
2419.01	2018.91
2418.2	2034.02
2417.39	2079.89
2416.57	1950.39
2415.76	2159.29
2414.95	1980.61
2414.14	1983.41
2413.32	1995.43
2412.51	2035.12
2411.7	1997.95
2410.88	1902.4
2410.07	1951.31
2409.26	1917.24
2408.44	1910.83
2407.63	1910.56
2406.81	2014.72
2406	1949.95
2405.19	1915.91
2404.37	1903.36
2403.56	1952.21
2402.74	1927.39
2401.93	1960.88
2401.11	1975.95
2400.3	1819.21
2399.48	1877.24
2398.67	1916.85
2397.85	1944.18
2397.04	1864.2
2396.22	1943.65
2395.41	1829.96
2394.59	1817.45
2393.77	1869.29
2392.96	1859.84
2392.14	1856.52
2391.33	1865.45
2390.51	1929.51
2389.69	1926.18
2388.88	1898.36
2388.06	1885.85
2387.24	1809.06
2386.43	1836.35
2385.61	1845.28
2384.79	1952.11
2383.98	1899.84
2383.16	1868.98
2382.34	1804.5
2381.52	1920.45
2380.71	1877.38
2379.89	1806.8
2379.07	1730.13
2378.25	1784.91
2377.43	1806.05
2376.62	1857.74
2375.8	1857.49
2374.98	1848.06
2374.16	1753.13
2373.34	1810.91
2372.52	1740.43
2371.7	1828.72
2370.89	1929.2
2370.07	1812.95
2369.25	1824.91
2368.43	1818.55
2367.61	1857.96
2366.79	1775.34
2365.97	1903.19
2365.15	1713.86
2364.33	1869.13
2363.51	1762.16
2362.69	1798.5
2361.87	1816.53
2361.05	1770.57
2360.23	1864.78
2359.41	1779.22
2358.59	1778.97
2357.77	1760.45
2356.95	1830.25
2356.12	1781.28
2355.3	1768.85
2354.48	1832.53
2353.66	1826.19
2352.84	1768.11
2352.02	1792.21
2351.2	1725.03
2350.37	1785.63
2349.55	1885.75
2348.73	1806.42
2347.91	1863.94
2347.09	1818.08
2346.26	1808.71
2345.44	1854.05
2344.62	1762.62
2343.8	1886.96
2342.97	1777.32
2342.15	1780.11
2341.33	1770.76
2340.5	1773.55
2339.68	1849.21
2338.86	1800.38
2338.03	1945.84
2337.21	1760.42
2336.39	1793.56
2335.56	1854
2334.74	1832.5
2333.91	1844.38
2333.09	1813.79
2332.26	1862.07
2331.44	1870.9
2330.62	1788.78
2329.79	1952.23
2328.97	1797.38
2328.14	1766.82
2327.32	1836.27
2326.49	1772.39
2325.67	1747.91
2324.84	1850.65
2324.01	1817.08
2323.19	1789.58
2322.36	1774.19
2321.54	1776.97
2320.71	1767.64
2319.89	1809.77
2319.06	1736.89
2318.23	1700.35
2317.41	1763.64
2316.58	1772.47
2315.75	1881.09
2314.93	1702.42
2314.1	1789.87
2313.27	1738.23
2312.45	1807.5
2311.62	1755.88
2310.79	1767.72
2309.96	1758.41
2309.14	1770.25
2308.31	1824.37
2307.48	1727.48
2306.65	1787.63
2305.82	1772.28
2305	1720.72
2304.17	1801.98
2303.34	1768.53
2302.51	1762.25
2301.68	1765.02
2300.85	1822.09
2300.03	1779.61
2299.2	1776.35
2298.37	1791.18
2297.54	1679.37
2296.71	1826.85
2295.88	1745.22
2295.05	1868.54
2294.22	1756.79
2293.39	1774.62
2292.56	1780.4
2291.73	1740.99
2290.9	1674.49
2290.07	1873
2289.24	1800.48
2288.41	1821.31
2287.58	1769.88
2286.75	1697.41
2285.92	1760.36
2285.09	1811.27
2284.26	1753.86
2283.42	1777.68
2282.59	1765.4
2281.76	1723.05
2280.93	1870.14
2280.1	1791.72
2279.27	1767.42
2278.44	1767.18
2277.6	1787.97
2276.77	1745.65
2275.94	1835.53
2275.11	1697.11
2274.27	1823.01
2273.44	1750.69
2272.61	1810.49
2271.78	1816.25
2270.94	1812.99
2270.11	1788.73
2269.28	1818.49
2268.44	1704.22
2267.61	1784.98
2266.78	1760.74
2265.94	1772.49
2265.11	1700.27
2264.28	1807.98
2263.44	1723.78
2262.61	1783.49
2261.77	1792.24
2260.94	1723.06
2260.11	1641.93
2259.27	1773.51
2258.44	1686.4
2257.6	1728.1
2256.77	1769.78
2255.93	1667.73
2255.1	1748.33
2254.26	1775.03
2253.43	1792.74
2252.59	1750.59
2251.76	1666.57
2250.92	1738.14
2250.08	1746.87
2249.25	1788.5
2248.41	1734.42
2247.58	1668.4
2246.74	1808.68
2245.9	1700.82
2245.07	1799.21
2244.23	1840.79
2243.39	1756.88
2242.56	1795.47
2241.72	1741.45
2240.88	1732.25
2240.05	1693.19
2239.21	1794.47
2238.37	1782.28
2237.53	1743.23
2236.7	1772.83
2235.86	1733.79
2235.02	1805.16
2234.18	1748.22
2233.34	1846.41
2232.51	1768.61
2231.67	1726.62
2230.83	1765.14
2229.99	1773.84
2229.15	1854.07
2228.31	1734.6
2227.47	1755.21
2226.63	1725.17
2225.8	1763.66
2224.96	1706.82
2224.12	1840.61
2223.28	1774.84
2222.44	1759.7
2221.6	1768.39
2220.76	1765.17
2219.92	1758.97
2219.08	1800.38
2218.24	1788.23
2217.4	1829.63
2216.56	1719.32
2215.72	1719.08
2214.88	1763.45
2214.03	1650.21
2213.19	1783.76
2212.35	1712.18
2211.51	1771.38
2210.67	1818.68
2209.83	1851.11
2208.99	1785.49
2208.15	1663.46
2207.3	1725.59
2206.46	1615.48
2205.62	1710.27
2204.78	1757.53
2203.94	1804.78
2203.09	1688.78
2202.25	1768.67
2201.41	1700.17
2200.57	1670.27
2199.72	1732.33
2198.88	1755.82
2198.04	1826.74
2197.19	1779.05
2196.35	1746.19
2195.51	1734.09
2194.66	1807.94
2193.82	1745.46
2192.98	1703.73
2192.13	1718.31
2191.29	1839.52
2190.44	1777.06
2189.6	1714.63
2188.76	1744
2187.91	1820.73
2187.07	1710.95
2186.22	1725.51
2185.38	1748.94
2184.53	1733.91
2183.69	1789.87
2182.84	1727.51
2182	1745.01
2181.15	1771.38
2180.31	1791.83
2179.46	1750.19
2178.62	1684.92
2177.77	1598.97
2176.92	1687.4
2176.08	1778.76
2175.23	1660.34
2174.38	1760.55
2173.54	1769.16
2172.69	1618.3
2171.85	1736.19
2171	1768.42
2170.15	1750.46
2169.3	1764.97
2168.46	1800.14
2167.61	1844.15
2166.76	1725.88
2165.91	1631.25
2165.07	1731.3
2164.22	1760.55
2163.37	1751.46
2162.52	1698.15
2161.68	1768.66
2160.83	1727.15
2159.98	1709.22
2159.13	1714.88
2158.28	1714.64
2157.43	1767.42
2156.58	1749.5
2155.74	1728.64
2154.89	1722.51
2154.04	1766.44
2153.19	1727.92
2152.34	1698.25
2151.49	1727.44
2150.64	1803.7
2149.79	1762.26
2148.94	1656.12
2148.09	1764.71
2147.24	1770.35
2146.39	1758.34
2145.54	1693.41
2144.69	1801.94
2143.84	1745.84
2142.99	1704.46
2142.14	1780.62
2141.29	1833.25
2140.43	1800.68
2139.58	1756.37
2138.73	1785.49
2137.88	1876.27
2137.03	1773.25
2136.18	1802.36
2135.33	1819.72
2134.47	1725.56
2133.62	1695.97
2132.77	1804.29
2131.92	1718.97
2131.07	1759.79
2130.21	1821.13
2129.36	1773.96
2128.51	1811.82
2127.65	1846.75
2126.8	1799.59
2125.95	1784.69
2125.1	1802.02
2124.24	1722.67
2123.39	1745.86
2122.53	1736.83
2121.68	1707.3
2120.83	1809.55
2119.97	1812.22
2119.12	1791.48
2118.27	1829.28
2117.41	1805.61
2116.56	1808.28
2115.7	1723.19
2114.85	1758.05
2113.99	1769.5
2113.14	1842.36
2112.28	1865.5
2111.43	1777.53
2110.57	1680.82
2109.72	1835.49
2108.86	1759.25
2108.01	1817.44
2107.15	1796.74
2106.29	1790.65
2105.44	1778.71
2104.58	1737.58
2103.73	1807.42
2102.87	1742.93
2102.01	1780.64
2101.16	1780.39
2100.3	1785.98
2099.44	1686.52
2098.59	1782.56
2097.73	1767.73
2096.87	1749.98
2096.01	1799.31
2095.16	1746.57
2094.3	1877.52
2093.44	1760.66
2092.58	1652.57
2091.73	1824.28
2090.87	1704.56
2090.01	1797.55
2089.15	1712.82
2088.29	1861.12
2087.44	1790.97
2086.58	1825.66
2085.72	1790.47
2084.86	1836.8
2084	1763.78
2083.14	1827.55
2082.28	1789.47
2081.42	1757.22
2080.56	1786.06
2079.7	1855.61
2078.84	1800.1
2077.98	1776.59
2077.12	1825.76
2076.26	1738.3
2075.4	1764.22
2074.54	1816.28
2073.68	1708.52
2072.82	1783.81
2071.96	1809.71
2071.1	1829.78
2070.24	1754.02
2069.38	1840.89
2068.52	1826.11
2067.66	1796.83
2066.8	1813.99
2065.93	1805.03
2065.07	1764.16
2064.21	1932.18
2063.35	1752.06
2062.49	1841.73
2061.63	1911.07
2060.76	1765.82
2059.9	1826.46
2059.04	1820.41
2058.18	1825.95
2057.31	1776.43
2056.45	1889.18
2055.59	1787.52
2054.72	1746.71
2053.86	1871.01
2053	1847.58
2052.13	1896.55
2051.27	1792.06
2050.41	1864.17
2049.54	1872.6
2048.68	1759.47
2047.82	1874.97
2046.95	1845.77
2046.09	1822.37
2045.22	1787.41
2044.36	1821.86
2043.49	1859.2
2042.63	1835.81
2041.76	1902.03
2040.9	1895.99
2040.03	1777.24
2039.17	1918.57
2038.3	1886.52
2037.44	1842.93
2036.57	1810.9
2035.71	1784.66
2034.84	1813.28
2033.97	1833.24
2033.11	1798.34
2032.24	1893.33
2031.38	1861.33
2030.51	1852.41
2029.64	1958.89
2028.78	1834.58
2027.91	1854.51
2027.04	1871.56
2026.18	1854
2025.31	1801.84
2024.44	1741.06
2023.57	1890.68
2022.71	1852.96
2021.84	1913.2
2020.97	1820.75
2020.1	1806.09
2019.24	1869.2
2018.37	1868.94
2017.5	1897.47
2016.63	1940.39
2015.76	1810.58
2014.89	1931.21
2014.02	1899.28
2013.16	1812.7
2012.29	1904.5
2011.42	1777.67
2010.55	1811.94
2009.68	1805.93
2008.81	1834.43
2007.94	1860.05
2007.07	1900.03
2006.2	1779.05
2005.33	1839.15
2004.46	1864.75
2003.59	1841.51
2002.72	1806.78
2001.85	1930.02
2000.98	1843.6
2000.11	1915.13
1999.24	1860.31
1998.37	1903.11
1997.5	1877.01
1996.62	1905.44
1995.75	1862.14
1994.88	1824.58
1994.01	1827.19
1993.14	1832.67
1992.27	1875.43
1991.39	1852.23
1990.52	1872.04
1989.65	1848.84
1988.78	1951.76
1987.91	1954.35
1987.03	1862.39
1986.16	1899.37
1985.29	1876.19
1984.41	1844.43
1983.54	1898.58
1982.67	1812.41
1981.8	1875.14
1980.92	1955.02
1980.05	1823.1
1979.17	1857.18
1978.3	1954.2
1977.43	1911.02
1976.55	1853.54
1975.68	1844.7
1974.8	1835.86
1973.93	1887.07
1973.06	1981.15
1972.18	1792.21
1971.31	1857.7
1970.43	1800.28
1969.56	1914.32
1968.68	1888.34
1967.81	1913.78
1966.93	1884.95
1966.06	1918.96
1965.18	1887.28
1964.3	1878.45
1963.43	1958.11
1962.55	1903.61
1961.68	1937.58
1960.8	1917.34
1959.92	1882.84
1959.05	1899.69
1958.17	1927.94
1957.29	1987.55
1956.42	1935.95
1955.54	1929.98
1954.66	1926.86
1953.79	1872.44
1952.91	1806.63
1952.03	1900.4
1951.15	1888.74
1950.28	1871.39
1949.4	1908.15
1948.52	1927.81
1947.64	1881.99
1946.76	1932.97
1945.89	1895.69
1945.01	1855.58
1944.13	1929.31
1943.25	1906.27
1942.37	1914.54
1941.49	1877.29
1940.61	1968.04
1939.73	1962.07
1938.85	1958.96
1937.98	1955.84
1937.1	1870.29
1936.22	1924.03
1935.34	1903.86
1934.46	1943.37
1933.58	1911.85
1932.7	1903.06
1931.82	1891.44
1930.94	1908.21
1930.05	1913.62
1929.17	1904.83
1928.29	1904.56
1927.41	1938.35
1926.53	1935.24
1925.65	1957.67
1924.77	1909.17
1923.89	1852.17
1923.01	1871.76
1922.12	1914.03
1921.24	1925.11
1920.36	1842.63
1919.48	1896.22
1918.6	1966.8
1917.71	1898.52
1916.83	1881.26
1915.95	1815.84
1915.07	1960.03
1914.18	1903.12
1913.3	1874.53
1912.42	1831.8
1911.53	1899.49
1910.65	2054.89
1909.77	1947.06
1908.88	1924.15
1908	1918.22
1907.12	1960.38
1906.23	1937.48
1905.35	1971.15
1904.47	1905.83
1903.58	1863.16
1902.7	2012.72
1901.81	1927.64
1900.93	1964.11
1900.04	1859.28
1899.16	1918.35
1898.27	2033.9
1897.39	1994.07
1896.5	1957.08
1895.62	1953.98
1894.73	1939.59
1893.85	1990.13
1892.96	1862.84
1892.07	1992.39
1891.19	1969.54
1890.3	1949.51
1889.42	1929.49
1888.53	1934.86
1887.64	1979.71
1886.76	1942.77
1885.87	2001.71
1884.98	1902.76
1884.1	1916.59
1883.21	1905.05
1882.32	1941.41
1881.43	1952.4
1880.55	1963.4
1879.66	2036.35
1878.77	2007.9
1877.88	1883.73
1877	1970.74
1876.11	1891.64
1875.22	2032.1
1874.33	1981.16
1873.44	1933.05
1872.55	1915.9
1871.67	1966.26
1870.78	1954.74
1869.89	1999.46
1869	1897.95
1868.11	1852.7
1867.22	1894.6
1866.33	2085.46
1865.44	1989.62
1864.55	2031.48
1863.66	1989.06
1862.77	2036.53
1861.88	1957.6
1860.99	1920.82
1860.1	1996.36
1859.21	2041
1858.32	1959.31
1857.43	1975.87
1856.54	2017.69
1855.65	2042.66
1854.76	1980.65
1853.86	1865.36
1852.97	1952.04
1852.08	1881.66
1851.19	1898.22
1850.3	1965.24
1849.41	1925.72
1848.51	1970.29
1847.62	1891.55
1846.73	1958.53
1845.84	1966.65
1844.94	1941.17
1844.05	1921.29
1843.16	1912.62
1842.27	1920.75
1841.37	1996.06
1840.48	1897.81
1839.59	1945.12
1838.69	1978.43
1837.8	1922.19
1836.91	2003.05
1836.01	1941.23
1835.12	1971.72
1834.22	1923.91
1833.33	1929.23
1832.44	1951.32
1831.54	2029.31
1830.65	1987.1
1829.75	1995.21
1828.86	1975.37
1827.96	1922.01
1827.07	1918.94
1826.17	1932.64
1825.28	1912.82
1824.38	1884.63
1823.49	1901.11
1822.59	2037.62
1821.7	1883.83
1820.8	1984.02
1819.9	2031.18
1819.01	1989.04
1818.11	1932.98
1817.21	2024.74
1816.32	1901.76
1815.42	1973.98
1814.52	1993.22
1813.63	2012.45
1812.73	1917.41
1811.83	2000.73
1810.94	1972.59
1810.04	1950.03
1809.14	1952.54
1808.24	1890.99
1807.35	2002.11
1806.45	1957.28
1805.55	1915.25
1804.65	1917.76
1803.75	1970.37
1802.85	2028.52
1801.96	2011.54
1801.06	2005.7
1800.16	2047.13
1799.26	1899.45
1798.36	1949.23
1797.46	1996.22
1796.56	2101.58
1795.66	1981.76
1794.76	1956.47
1793.86	1995.1
1792.96	2000.37
1792.06	2008.42
1791.16	1985.92
1790.26	1910.66
1789.36	1957.59
1788.46	1985.08
1787.56	2031.99
1786.66	2001.17
1785.76	2061.94
1784.86	1958.99
1783.96	2011.42
1783.06	2002.82
1782.16	2033.04
1781.25	2057.72
1780.35	2090.7
1779.45	2032.18
1778.55	2048.53
1777.65	2042.7
1776.74	2108.92
1775.84	2067.06
1774.94	2030.75
1774.04	2038.77
1773.13	1994.17
1772.23	1996.66
1771.33	1999.15
1770.43	2018.24
1769.52	2045.64
1768.62	2153.29
1767.72	2172.36
1766.81	2069.68
1765.91	2091.52
1765.01	2135.48
1764.1	2132.41
1763.2	2065.74
1762.29	2087.57
1761.39	2029.22
1760.48	2150.56
1759.58	2067.34
1758.68	2136.13
1757.77	2005.97
1756.87	2110.66
1755.96	2104.84
1755.06	2085.21
1754.15	2234.04
1753.24	2126.04
1752.34	2070.52
1751.43	2108.88
1750.53	2105.82
1749.62	2100
1748.72	2102.46
1747.81	2080.1
1746.9	2168.07
1746	2126.4
1745.09	2040.61
1744.18	2156.12
1743.28	2103.44
1742.37	2235.45
1741.46	2122.14
1740.56	2259.62
1739.65	2162.87
1738.74	2121.24
1737.83	2165.01
1736.93	2051.79
1736.02	2092.8
1735.11	2111.78
1734.2	2163.79
1733.29	2188.25
1732.38	2097.12
1731.48	2121.59
1730.57	2258.86
1729.66	2195.27
1728.75	2181.2
1727.84	2186.4
1726.93	2183.34
1726.02	2166.53
1725.11	2210.21
1724.2	2220.89
1723.29	2160.12
1722.38	2190.04
1721.47	2055.1
1720.56	2134.48
1719.65	2271.51
1718.74	2089.93
1717.83	2169.27
1716.92	2141.51
1716.01	2130.22
1715.1	2206.78
1714.19	2217.44
1713.28	2219.87
1712.37	2200.35
1711.46	2150.66
1710.54	2144.87
1709.63	2196.68
1708.72	2155.23
1707.81	2146.7
1706.9	2176.55
1705.99	2124.17
1705.07	2156.76
1704.16	2161.93
1703.25	2117.79
1702.34	2213.37
1701.42	2092.54
1700.51	2089.51
1699.6	2160.4
1698.68	2086.18
1697.77	2135.15
1696.86	2126.64
1695.94	2088.03
1695.03	2238.22
1694.12	2180.45
1693.2	2059.79
1692.29	2179.84
1691.37	2220.55
1690.46	2168.28
1689.54	2195.31
1688.63	2282.48
1687.72	2287.62
1686.8	2265.43
1685.89	2062.92
1684.97	2267.52
1684.06	2127.89
1683.14	2245.03
1682.22	2244.71
1681.31	2126.99
1680.39	2219.51
1679.48	2170.06
1678.56	2156.11
1677.65	2229.48
1676.73	2185.51
1675.81	2351.61
1674.9	2272.18
1673.98	2225.49
1673.06	2203.36
1672.15	2263.03
1671.23	2240.9
1670.31	2224.23
1669.39	2297.5
1668.48	2207.25
1667.56	2255.98
1666.64	2160.31
1665.72	2217.21
1664.81	2192.38
1663.89	2197.52
1662.97	2273.44
1662.05	2256.79
1661.13	2223.8
1660.21	2158.17
1659.3	2351.07
1658.38	2290.88
1657.46	2361.28
1656.54	2219.51
1655.62	2232.79
1654.7	2224.32
1653.78	2240.32
1652.86	2256.31
1651.94	2272.3
1651.02	2342.64
1650.1	2366.76
1649.18	2377.29
1648.26	2314.47
1647.34	2316.86
1646.42	2324.68
1645.5	2362.37
1644.58	2334.88
1643.66	2467.57
1642.74	2412.93
1641.81	2499.43
1640.89	2431.24
1639.97	2460.74
1639.05	2511.93
1638.13	2487.17
1637.21	2432.58
1636.28	2532.56
1635.36	2583.71
1634.44	2504.73
1633.52	2664.29
1632.6	2682.88
1631.67	2739.4
1630.75	2855.51
1629.83	2874.06
1628.9	3000.95
1627.98	3035.73
1627.06	3262.75
1626.13	3189.19
1625.21	3264.53
1624.29	3361.5
1623.36	3547.75
1622.44	3815.11
1621.52	3622.49
1620.59	3873.54
1619.67	3981.18
1618.74	4221.29
1617.82	4309.91
1616.89	4163.32
1615.97	4251.93
1615.04	4337.81
1614.12	4477.71
1613.19	4463.57
1612.27	4471.04
1611.34	4497.42
1610.42	4529.19
1609.49	4596.05
1608.56	4757.4
1607.64	4856.61
1606.71	4985.49
1605.79	5181.79
1604.86	5321.38
1603.93	5574.24
1603.01	5789.27
1602.08	5944.89
1601.15	6348.59
1600.22	6247.91
1599.3	6772.78
1598.37	6982.09
1597.44	7159
1596.52	7527.2
1595.59	7914.16
1594.66	8368.36
1593.73	8542.28
1592.8	8815.8
1591.87	9156.57
1590.95	9693.82
1590.02	10233.6
1589.09	10644
1588.16	11143.1
1587.23	11741.7
1586.3	12275.5
1585.37	12941
1584.44	13797.3
1583.51	14029.3
1582.58	14785.7
1581.65	15504.2
1580.73	16209.1
1579.8	16709.5
1578.86	17027
1577.93	17115.9
1577	16817.9
1576.07	16882.7
1575.14	16267.8
1574.21	15822.3
1573.28	15132.6
1572.35	14392.1
1571.42	13619.5
1570.49	12554.6
1569.56	11887.2
1568.62	10900.6
1567.69	10308.8
1566.76	9285.17
1565.83	8677.62
1564.9	8239.22
1563.96	7546.18
1563.03	7062.48
1562.1	6635.21
1561.17	6267.04
1560.23	5866.81
1559.3	5627.47
1558.37	5321.23
1557.44	5060.61
1556.5	4939.35
1555.57	4649.4
1554.63	4563.05
1553.7	4305.36
1552.77	4213.73
1551.83	4028.44
1550.9	3977.02
1549.96	3722.24
1549.03	3601.31
1548.1	3638.25
1547.16	3512.01
1546.23	3447.33
1545.29	3347.9
1544.36	3285.93
1543.42	3256.05
1542.49	3228.86
1541.55	3129.52
1540.61	3078.3
1539.68	3043.13
1538.74	2911.8
1537.81	3047.61
1536.87	2836.2
1535.94	2899.88
1535	2843.4
1534.06	2845.66
1533.13	2895.97
1532.19	2788.81
1531.25	2788.42
1530.31	2683.97
1529.38	2755.61
1528.44	2685.87
1527.5	2712.16
1526.57	2679.77
1525.63	2660.73
1524.69	2663.02
1523.75	2691.96
1522.81	2656.93
1521.88	2693.85
1520.94	2581.58
1520	2602.52
1519.06	2572.85
1518.12	2625.75
1517.18	2609.4
1516.24	2521.17
1515.3	2587.36
1514.36	2477.87
1513.43	2544.04
1512.49	2620.84
1511.55	2386.36
1510.61	2495.08
1509.67	2438.87
1508.73	2451.82
1507.79	2544.53
1506.85	2485.68
1505.9	2466.72
1504.96	2609.89
1504.02	2559.02
1503.08	2537.4
1502.14	2377.65
1501.2	2433.09
1500.26	2416.81
1499.32	2405.84
1498.38	2458.6
1497.43	2482.14
1496.49	2420.74
1495.55	2369.97
1494.61	2420.05
1493.67	2358.68
1492.72	2384.87
1491.78	2405.75
1490.84	2477.02
1489.9	2349.38
1488.95	2306.63
1488.01	2428.24
1487.07	2377.53
1486.12	2348.04
1485.18	2366.26
1484.24	2379.17
1483.29	2325.85
1482.35	2352
1481.4	2327.83
1480.46	2332.8
1479.52	2247.74
1478.57	2310.96
1477.63	2265.63
1476.68	2334.11
1475.74	2272.92
1474.79	2378.42
1473.85	2182.34
1472.9	2322.2
1471.96	2261.05
1471.01	2340.05
1470.07	2326.5
1469.12	2244.22
1468.17	2238.62
1467.23	2235.65
1466.28	2182.49
1465.34	2303.71
1464.39	2308.66
1463.44	2292.48
1462.5	2344.97
1461.55	2199.42
1460.6	2220.22
1459.65	2291.18
1458.71	2333.08
1457.76	2184.97
1456.81	2168.83
1455.86	2255.57
1454.92	2244.7
1453.97	2236.47
1453.02	2183.41
1452.07	2264.83
1451.12	2182.79
1450.18	2258.92
1449.23	2242.78
1448.28	2268.81
1447.33	2260.58
1446.38	2233.92
1445.43	2117.7
1444.48	2214.85
1443.53	2164.5
1442.58	2219.48
1441.63	2177.04
1440.68	2300.44
1439.73	2252.74
1438.78	2176.11
1437.83	2233.68
1436.88	2193.9
1435.93	2367.18
1434.98	2166.98
1434.03	2208.74
1433.08	2229.46
1432.13	2273.83
1431.18	2131.57
1430.23	2252.15
1429.28	2228.19
1428.32	2277.78
1427.37	2206.53
1426.42	2185.21
1425.47	2224.29
1424.52	2292.24
1423.56	2268.28
1422.61	2288.96
1421.66	2238.76
1420.71	2256.81
1419.75	2209.26
1418.8	2245.68
1417.85	2124.69
1416.89	2313.22
1415.94	2181.78
1414.99	2212.93
1414.03	2162.8
1413.08	2359.08
1412.13	2316.81
1411.17	2274.56
1410.22	2193.01
1409.26	2250.33
1408.31	2200.24
1407.35	2233.97
1406.4	2267.69
1405.45	2293.55
1404.49	2243.49
1403.54	2305.98
1402.58	2282.1
1401.62	2271.31
1400.67	2307.61
1399.71	2296.82
1398.76	2346.19
1397.8	2340.62
1396.85	2345.52
1395.89	2353.02
1394.93	2438.95
1393.98	2485.65
1393.02	2307.59
1392.06	2351.68
1391.11	2442.78
1390.15	2416.31
1389.19	2387.24
1388.23	2386.89
1387.28	2428.33
1386.32	2535.02
1385.36	2485.06
1384.4	2461.22
1383.45	2546.99
1382.49	2643.16
1381.53	2739.31
1380.57	2655.45
1379.61	2678.54
1378.65	2683.38
1377.7	2737.75
1376.74	2857.28
1375.78	2942.89
1374.82	2976.35
1373.86	3038.46
1372.9	3032.82
1371.94	3141.8
1370.98	3201.26
1370.02	3320.6
1369.06	3327.94
1368.1	3455.04
1367.14	3501.41
1366.18	3482.69
1365.22	3687.79
1364.26	3609.2
1363.3	3694.54
1362.34	3795.47
1361.37	3800.12
1360.41	3950.42
1359.45	3986.26
1358.49	3871.29
1357.53	4143.69
1356.57	4114.51
1355.6	4043.75
1354.64	4123.72
1353.68	4154.31
1352.72	4457.64
1351.76	4301.17
1350.79	4199.27
1349.83	4299.94
1348.87	4320.09
1347.9	4335.05
1346.94	4181.29
1345.98	4211.84
1345.01	4265.72
1344.05	4270.3
1343.09	4064.76
1342.12	4199.05
1341.16	3965.06
1340.19	3954.12
1339.23	3958.74
1338.27	3978.91
1337.3	3900.58
1336.34	3749.72
1335.37	3694.78
1334.41	3590.62
1333.44	3616.01
1332.48	3550.75
1331.51	3420.76
1330.54	3340.01
1329.58	3282.57
1328.61	3232.92
1327.65	3227.29
1326.68	3097.44
1325.71	3045.25
1324.75	3114.66
1323.78	2987.47
1322.82	2891.36
1321.85	2991.79
1320.88	2820.72
1319.91	2784.13
1318.95	2682.92
1317.98	2677.37
1317.01	2669.23
1316.04	2599.09
1315.08	2665.89
1314.11	2673.25
1313.14	2574.73
1312.17	2471.08
1311.2	2357.13
1310.24	2465.21
1309.27	2348.71
1308.3	2350.96
1307.33	2329.98
1306.36	2458.64
1305.39	2357.68
1304.42	2328.97
1303.45	2295.12
1302.48	2245.8
1301.51	2193.91
1300.54	2245.15
1299.57	2347.92
1298.6	2265.12
1297.63	2208.12
1296.66	2097.02
1295.69	2179.15
1294.72	2178.84
1293.75	2070.37
1292.78	2095.82
1291.81	2116.11
1290.84	2110.66
1289.87	2046.02
1288.89	2053.45
1287.92	2076.31
1286.95	2042.57
1285.98	2034.56
1285.01	1962.26
1284.03	2046.83
1283.06	1961.69
1282.09	2041.1
1281.12	2045.95
1280.14	1901.74
1279.17	1996.54
1278.2	2032.22
1277.22	1990.83
1276.25	2013.66
1275.28	2018.51
1274.3	1979.7
1273.33	1956.31
1272.36	1932.93
1271.38	2035.31
1270.41	1965.73
1269.43	1924.4
1268.46	1862.55
1267.48	1962.32
1266.51	1967.17
1265.54	1930.99
1264.56	1846.1
1263.58	1989.4
1262.61	1868.64
1261.63	1840.18
1260.66	1929.6
1259.68	1862.71
1258.71	1903.43
1257.73	1885.22
1256.75	1943.86
1255.78	1892.37
1254.8	1848.57
1253.83	1848.3
1252.85	1799.4
1251.87	1881.04
1250.9	1829.59
1249.92	1801.19
1248.94	1757.44
1247.96	1862.06
1246.99	1823.43
1246.01	1830.84
1245.03	1776.88
1244.05	1807.3
1243.07	1817.27
1242.1	1745.45
1241.12	1860.18
1240.14	1829.26
1239.16	1821.33
1238.18	1764.88
1237.2	1800.38
1236.22	1746.5
1235.24	1794.76
1234.26	1807.26
1233.29	1717.67
1232.31	1796.53
1231.33	1676.35
1230.35	1693.97
1229.37	1696.28
1228.39	1790.4
1227.41	1642.24
1226.42	1792.44
1225.44	1718.25
1224.46	1707.8
1223.48	1720.3
1222.5	1704.76
1221.52	1737.64
1220.54	1660.97
1219.56	1704.03
1218.58	1663.04
1217.59	1680.62
1216.61	1705.84
1215.63	1669.96
1214.65	1631.54
1213.67	1664.39
1212.68	1709.95
1211.7	1686.8
1210.72	1739.98
1209.73	1711.75
1208.75	1660.65
1207.77	1673.12
1206.78	1705.93
1205.8	1685.35
1204.82	1639.36
1203.83	1560.34
1202.85	1616.02
1201.87	1615.78
1200.88	1638.41
1199.9	1688.97
1198.91	1559.22
1197.93	1668.18
1196.94	1640.01
1195.96	1609.31
1194.97	1583.7
1193.99	1606.31
1193	1646.68
1192.02	1651.51
1191.03	1636.06
1190.05	1595.24
1189.06	1683.77
1188.07	1736.77
1187.09	1637.65
1186.1	1655.16
1185.12	1659.99
1184.13	1692.69
1183.14	1651.91
1182.16	1613.67
1181.17	1641.3
1180.18	1572.69
1179.19	1600.31
1178.21	1595.02
1177.22	1518.85
1176.23	1541.41
1175.24	1599.39
1174.26	1571.33
1173.27	1588.81
1172.28	1573.41
1171.29	1598.47
1170.3	1590.65
1169.31	1565.14
1168.32	1529.52
1167.34	1579.86
1166.35	1609.96
1165.36	1493.48
1164.37	1579.17
1163.38	1558.74
1162.39	1626.71
1161.4	1545.66
1160.41	1479.78
1159.42	1580.56
1158.43	1544.99
1157.44	1522.05
1156.45	1529.4
1155.46	1569.56
1154.46	1652.59
1153.47	1536.31
1152.48	1561.31
1151.49	1523.26
1150.5	1447.39
1149.51	1555.59
1148.52	1517.56
1147.52	1567.75
1146.53	1494.44
1145.54	1479.1
1144.55	1531.8
1143.56	1539.13
1142.56	1531.36
1141.57	1473.21
1140.58	1551.06
1139.58	1538.25
1138.59	1502.78
1137.6	1583.11
1136.6	1562.75
1135.61	1560
1134.62	1529.59
1133.62	1469
1132.63	1481.36
1131.64	1561.62
1130.64	1528.71
1129.65	1520.95
1128.65	1470.45
1127.66	1628.58
1126.66	1573.06
1125.67	1567.81
1124.67	1542.46
1123.68	1529.68
1122.68	1577.17
1121.69	1496.59
1120.69	1518.97
1119.69	1573.98
1118.7	1490.92
1117.7	1555.96
1116.71	1465.4
1115.71	1515.37
1114.71	1507.62
1113.72	1562.58
1112.72	1477.09
1111.72	1567.15
1110.72	1456.61
1109.73	1519.07
1108.73	1553.94
1107.73	1503.59
1106.73	1533.44
1105.74	1425.5
1104.74	1540.52
1103.74	1467.66
1102.74	1464.95
1101.74	1509.8
1100.75	1527.11
1099.75	1446.79
1098.75	1504.14
1097.75	1486.41
1096.75	1516.22
1095.75	1568.53
1094.75	1455.75
1093.75	1500.56
1092.75	1565.35
1091.75	1522.63
1090.75	1522.41
1089.75	1482.19
1088.75	1474.48
1087.75	1491.76
1086.75	1444.08
1085.75	1553.78
1084.75	1516.09
1083.75	1475.91
1082.75	1515.65
1081.74	1435.54
1080.74	1365.44
1079.74	1522.48
1078.74	1454.88
1077.74	1467.15
1076.73	1446.98
1075.73	1484.19
1074.73	1488.96
1073.73	1458.82
1072.73	1418.72
1071.72	1440.95
1070.72	1535.46
1069.72	1400.66
1068.71	1475.21
1067.71	1412.71
1066.71	1392.57
1065.7	1397.35
1064.7	1461.9
1063.69	1464.18
1062.69	1434.09
1061.69	1461.27
1060.68	1401.32
1059.68	1428.5
1058.67	1420.82
1057.67	1428.08
1056.66	1385.59
1055.66	1487.36
1054.65	1420
1053.65	1422.28
1052.64	1419.59
1051.64	1389.56
1050.63	1394.33
1049.62	1503.47
1048.62	1391.44
1047.61	1423.53
1046.6	1428.3
1045.6	1385.87
1044.59	1529.7
1043.58	1397.88
1042.58	1387.75
1041.57	1390.03
1040.56	1454.36
1039.56	1451.66
1038.55	1511
1037.54	1490.94
1036.53	1498.16
1035.52	1468.18
1034.52	1487.81
1033.51	1547.1
1032.5	1507.21
1031.49	1410.33
1030.48	1519.16
1029.47	1546.2
1028.46	1538.54
1027.45	1540.8
1026.45	1590.11
1025.44	1562.64
1024.43	1602.03
1023.42	1552.29
1022.41	1557.01
1021.4	1551.84
1020.39	1601.1
1019.38	1558.81
1018.37	1615.48
1017.35	1637.51
1016.34	1605.12
1015.33	1666.71
1014.32	1612.08
1013.31	1599.48
1012.3	1661.05
1011.29	1678.1
1010.28	1751.99
1009.26	1702.33
1008.25	1704.55
1007.24	1788.28
1006.23	1662.07
1005.21	1733.44
1004.2	1772.69
1003.19	1797.12
1002.18	1708
1001.16	1796.6
1000.15	1818.55
999.137	1855.29
998.124	1889.56
997.11	1790.63
996.096	1901.34
995.082	1955.31
994.068	1903.25
993.054	2092.78
992.04	2156.56
991.025	2267.14
990.011	2296.38
988.996	2394.59
987.981	2505.08
986.966	2549.05
985.951	2541.3
984.935	2580.32
983.92	2661.19
982.904	2643.57
981.888	2763.78
980.872	2620.66
979.856	2657.18
978.84	2646.96
977.824	2597.38
976.807	2707.67
975.79	2697.44
974.773	2704.43
973.756	2559
972.739	2676.61
971.722	2538.6
970.705	2685.66
969.687	2589.45
968.669	2635.75
967.651	2512.56
966.633	2605.52
965.615	2553.58
964.597	2501.65
963.578	2567.56
962.56	2532.83
961.541	2584
960.522	2505.11
959.503	2556.26
958.484	2521.55
957.464	2511.37
956.445	2501.2
955.425	2451.8
954.405	2554.41
953.385	2519.72
952.365	2519.35
951.345	2555.74
950.325	2410.82
949.304	2581.95
948.283	2441.96
947.263	2517.53
946.242	2546.54
945.22	2499.66
944.199	2501.74
943.178	2653.13
942.156	2620.93
941.134	2544.69
940.113	2404.88
939.091	2402.08
938.068	2254.99
937.046	2239.99
936.024	2222.55
935.001	2068.21
933.978	1982.36
932.955	1986.96
931.932	1879.15
930.909	1778.7
929.886	1680.73
928.862	1638.96
927.838	1519.05
926.815	1538.37
925.791	1457.57
924.766	1413.42
923.742	1449.83
922.718	1427.65
921.693	1356.68
920.669	1390.64
919.644	1422.15
918.619	1365.85
917.594	1321.75
916.568	1348.38
915.543	1362.81
914.517	1318.74
913.491	1262.49
912.466	1245.25
911.439	1296.23
910.413	1315.54
909.387	1359.19
908.36	1295.67
907.334	1246.78
906.307	1300.16
905.28	1270.76
904.253	1236.5
903.226	1314.2
902.198	1318.87
901.171	1296.78
900.143	1294.16
899.115	1330.46
898.087	1245.15
897.059	1193.9
896.031	1264.24
895.002	1242.17
893.974	1254.15
892.945	1202.93
891.916	1219.76
890.887	1246.31
889.858	1292.28
888.829	1250.8
887.799	1265.19
886.77	1240.73
885.74	1250.26
884.71	1286.49
883.68	1218.34
882.649	1278.83
881.619	1210.71
880.589	1246.92
879.558	1254.02
878.527	1137.43
877.496	1210.01
876.465	1214.68
875.434	1250.86
874.402	1233.72
873.371	1240.81
872.339	1260.01
871.307	1218.64
870.275	1242.69
869.243	1237.66
868.21	1184.2
867.178	1295.41
866.145	1287.96
865.112	1166.74
864.08	1273.06
863.046	1185.76
862.013	1178.33
860.98	1161.22
859.946	1248.13
858.913	1214.09
857.879	1274.37
856.845	1269.35
855.811	1274
854.776	1157.79
853.742	1157.62
852.707	1188.87
851.672	1191.11
850.638	1178.86
849.603	1156.95
848.567	1185.76
847.532	1171.1
846.496	1257.84
845.461	1190.07
844.425	1194.72
843.389	1228.34
842.353	1249.87
841.317	1184.55
840.28	1213.33
839.244	1186.62
838.207	1215.38
837.17	1256.19
836.133	1190.92
835.096	1231.72
834.059	1229.13
833.021	1228.96
831.984	1269.74
830.946	1185.24
829.908	1226.01
828.87	1189.71
827.832	1281.04
826.793	1206.21
825.755	1242.15
824.716	1169.76
823.677	1205.68
822.638	1263.26
821.599	1162.03
820.56	1272.51
819.52	1178.52
818.481	1272.14
817.441	1163.75
816.401	1226.09
815.361	1245.14
814.321	1163.24
813.281	1239.97
812.24	1213.36
811.199	1184.36
810.159	1196.19
809.118	1217.63
808.077	1267.88
807.035	1212.48
805.994	1226.7
804.952	1224.12
803.911	1255.14
802.869	1194.97
801.827	1216.39
800.785	1228.21
799.742	1218.43
798.7	1215.86
797.657	1220.48
796.614	1244.27
795.571	1160.19
794.528	1210.35
793.485	1174.23
792.442	1231.57
791.398	1207.43
790.355	1228.81
789.311	1281.32
788.267	1175.77
787.223	1233.06
786.178	1196.97
785.134	1213.55
784.089	1184.66
783.044	1217.98
781.999	1213.02
780.954	1287
779.909	1188.75
778.864	1131.18
777.818	1241.01
776.773	1262.34
775.727	1159.37
774.681	1197.44
773.635	1211.6
772.588	1197.09
771.542	1187.36
770.495	1163.3
769.449	1210.9
768.402	1253.7
767.355	1229.64
766.307	1196.04
765.26	1203.03
764.213	1174.21
763.165	1164.49
762.117	1147.62
761.069	1216.64
760.021	1197.38
758.973	1156.66
757.924	1204.18
756.876	1127.71
755.827	1172.84
754.778	1125
753.729	1136.75
752.68	1181.86
751.631	1198.36
750.581	1214.86
749.531	1186.1
748.482	1166.88
747.432	1230.99
746.381	1142.73
745.331	1185.41
744.281	1178.09
743.23	1104.15
742.179	1153.96
741.129	1208.5
740.078	1205.95
739.026	1227.18
737.975	1198.46
736.923	1200.66
735.872	1174.34
734.82	1214.57
733.768	1152.61
732.716	1209.47
731.664	1266.31
730.611	1211.49
729.559	1175.68
728.506	1215.88
727.453	1234.7
726.4	1253.51
725.347	1243.83
724.293	1215.17
723.24	1205.5
722.186	1245.66
721.132	1224.13
720.078	1204.97
719.024	1214.28
717.97	1211.73
716.916	1218.67
715.861	1242.19
714.806	1225.42
713.751	1227.61
712.696	1246.39
711.641	1319.65
710.586	1267.34
709.53	1189
708.475	1252.76
707.419	1209.96
706.363	1238.19
705.307	1299.55
704.25	1266.23
703.194	1218.71
702.137	1263.49
701.081	1213.63
700.024	1303.33
698.967	1338.62
697.909	1288.76
696.852	1220.01
695.795	1257.65
694.737	1380.38
693.679	1344.73
692.621	1349.26
691.563	1247.47
690.505	1315.79
689.446	1247.1
688.388	1348.47
687.329	1341.18
686.27	1369.32
685.211	1331.35
684.152	1326.43
683.092	1361.64
682.033	1314.25
680.973	1351.8
679.913	1339.81
678.853	1403.29
677.793	1332.34
676.733	1360.44
675.672	1343.74
674.611	1440.18
673.551	1357.48
672.49	1376.14
671.429	1385.36
670.367	1465.25
669.306	1377.89
668.244	1384.75
667.183	1391.61
666.121	1370.22
665.059	1370.02
663.997	1381.58
662.934	1280.19
661.872	1367.06
660.809	1279.81
659.746	1369.01
658.683	1277.09
657.62	1307.47
656.557	1314.33
655.494	1370.56
654.43	1360.96
653.366	1283.2
652.302	1254.81
651.238	1320.41
650.174	1341.36
649.11	1355.26
648.045	1308.09
646.98	1260.94
645.916	1321.79
644.851	1342.73
643.785	1319.06
642.72	1269.58
641.655	1248.28
640.589	1348.98
639.523	1315.94
638.457	1292.29
637.391	1280.38
636.325	1266.12
635.259	1251.87
634.192	1291.53
633.125	1326.5
632.058	1316.93
630.991	1286.28
629.924	1265.01
628.857	1241.4
627.789	1295.08
626.722	1322.99
625.654	1383.66
624.586	1327.28
623.518	1291.98
622.449	1298.81
621.381	1333.71
620.312	1314.8
619.244	1293.56
618.175	1368.21
617.106	1360.99
616.036	1295.32
614.967	1402.67
613.898	1283.26
612.828	1320.46
611.758	1315.59
610.688	1327.08
609.618	1231.11
608.547	1221.59
607.477	1237.75
606.406	1186.2
605.335	1211.71
604.265	1143.83
603.193	1183.34
602.122	1274.18
601.051	1269.33
599.979	1220.15
598.907	1187.31
597.835	1278.1
596.763	1240.6
595.691	1179.79
594.619	1160.97
593.546	1221.4
592.474	1230.55
591.401	1123.17
590.328	1174.27
589.255	1164.78
588.181	1204.2
587.108	1213.34
586.034	1117.69
584.96	1187.37
583.886	1147.62
582.812	1163.75
581.738	1177.54
580.664	1198.31
579.589	1226.05
578.514	1172.37
577.439	1158.24
576.364	1165.05
575.289	1243.93
574.214	1273.97
573.138	1199.4
572.062	1194.57
570.986	1203.69
569.91	1259.28
568.834	1112.74
567.758	1212.45
566.681	1216.92
565.605	1209.77
564.528	1158.52
563.451	1202.45
562.374	1281.19
561.297	1171.93
560.219	1269.21
559.142	1264.38
558.064	1266.52
556.986	1257.05
555.908	1275.42
554.83	1310.01
553.751	1286.63
552.673	1277.17
551.594	1293.21
550.515	1274.48
549.436	1262.71
548.357	1369.08
547.278	1322.56
546.198	1322.36
545.118	1366.16
544.039	1389.11
542.959	1442.15
541.878	1430.36
540.798	1420.9
539.718	1543.32
538.637	1445.93
537.556	1524.36
536.475	1653.65
535.394	1676.53
534.313	1680.91
533.232	1731.52
532.15	1911.56
531.068	2073.05
529.986	2243.74
528.904	2458.28
527.822	2776.71
526.74	3372.21
525.657	4212.33
524.574	5941.19
523.492	9015.52
522.409	15662.3
521.325	27954.9
520.242	40001.5
519.159	38698.9
518.075	26239.9
516.991	14995.7
515.907	9096.16
514.823	6020.94
513.739	4604.38
512.654	3656.22
511.57	3090.96
510.485	2618.06
509.4	2320.42
508.315	2200.27
507.23	1990.32
506.144	1893.29
505.059	1694.96
503.973	1736.15
502.887	1653.01
501.801	1542.28
500.715	1581.18
499.628	1610.86
498.542	1546.2
497.455	1463.15
496.368	1545.74
495.281	1400.62
494.194	1471.7
493.107	1347.33
492.019	1393.1
490.932	1367.62
489.844	1378.9
488.756	1387.89
487.668	1364.71
486.579	1353.02
485.491	1309.19
484.402	1327.36
483.313	1329.46
482.224	1349.93
481.135	1315.3
480.046	1338.06
478.957	1344.74
477.867	1307.83
476.777	1266.35
475.687	1295.98
474.597	1323.31
473.507	1279.54
472.417	1279.35
471.326	1265.41
470.235	1288.14
469.145	1242.12
468.053	1255.68
466.962	1337.98
465.871	1262.18
464.779	1188.71
463.688	1259.52
462.596	1241.02
461.504	1245.41
460.412	1274.99
459.319	1265.64
458.227	1238
457.134	1274.42
456.041	1253.64
454.948	1274.04
453.855	1264.71
452.762	1266.81
451.669	1284.91
450.575	1421.88
449.481	1371.38
448.387	1309.48
447.293	1370.98
446.199	1336.51
445.104	1327.17
444.01	1349.82
442.915	1317.65
441.82	1392.8
440.725	1362.91
439.63	1349.02
438.534	1424.13
437.439	1391.97
436.343	1435.12
435.247	1473.69
434.151	1468.91
433.055	1491.5
431.959	1411.47
430.862	1438.62
429.765	1374.58
428.668	1415.4
427.571	1453.93
426.474	1392.19
425.377	1464.89
424.279	1441.9
423.182	1418.91
422.084	1457.41
420.986	1418.49
419.888	1456.98
418.789	1397.58
417.691	1374.62
416.592	1458.61
415.493	1503.89
414.394	1383.1
413.295	1442.04
412.196	1441.82
411.097	1409.78
409.997	1373.19
408.897	1345.71
407.797	1450.06
406.697	1411.21
405.597	1472.35
404.496	1528.93
403.396	1476.46
402.295	1439.9
401.194	1394.27
400.093	1423.58
398.992	1425.64
397.89	1432.24
396.789	1509.19
395.687	1454.51
394.585	1440.68
393.483	1431.39
392.381	1372.21
391.278	1492.2
390.176	1455.7
389.073	1482.69
387.97	1500.6
386.867	1418.79
385.764	1466.16
384.66	1513.53
383.557	1486.12
382.453	1413.41
381.349	1460.76
380.245	1383.56
379.141	1421.84
378.037	1412.58
376.932	1482.53
375.827	1538.89
374.723	1468.52
373.618	1538.43
372.512	1490.7
371.407	1413.58
370.302	1555.84
369.196	1571.44
368.09	1507.9
366.984	1512.2
365.878	1516.5
364.772	1437.18
363.665	1436.97
362.558	1524.86
361.452	1560.77
360.345	1499.56
359.237	1512.89
358.13	1546.53
357.023	1553.07
355.915	1516.73
354.807	1588.72
353.699	1527.56
352.591	1509.29
351.483	1547.41
350.374	1596.8
349.266	1576.26
348.157	1472.31
347.048	1575.8
345.939	1539.5
344.829	1588.85
343.72	1597.63
342.61	1556.84
341.501	1576.88
340.391	1608.18
339.28	1585.42
338.17	1605.45
337.06	1632.23
335.949	1640.99
334.838	1593.48
333.727	1622.5
332.616	1638.01
331.505	1622.02
330.394	1583.54
329.282	1632.78
328.17	1648.28
327.058	1630.05
325.946	1638.8
324.834	1665.52
323.722	1683.26
322.609	1660.54
321.496	1646.81
320.383	1639.83
319.27	1657.55
318.157	1693.23
317.043	1735.64
315.93	1679.26
314.816	1755.33
313.702	1755.07
312.588	1795.2
311.474	1801.66
310.359	1844.02
309.245	1850.47
308.13	1756.01
307.015	1834.23
305.9	1885.52
304.785	1914.38
303.67	1938.75
302.554	1958.63
301.438	1949.38
300.322	1949.09
299.206	1989.12
