3199.22	255.25
3198.51	280.066
3197.81	244.581
3197.1	258.724
3196.4	322.475
3195.69	258.654
3194.98	265.704
3194.28	251.498
3193.57	283.34
3192.87	262.054
3192.16	226.61
3191.45	251.361
3190.75	286.725
3190.04	222.978
3189.34	279.569
3188.63	258.301
3187.92	314.871
3187.22	254.693
3186.51	268.806
3185.8	289.987
3185.09	286.412
3184.39	279.302
3183.68	286.334
3182.97	261.553
3182.27	240.313
3181.56	240.28
3180.85	307.376
3180.14	250.813
3179.44	261.375
3178.73	278.997
3178.02	247.179
3177.31	268.329
3176.6	285.943
3175.89	254.137
3175.19	268.219
3174.48	275.24
3173.77	292.843
3173.06	243.415
3172.35	324.509
3171.64	278.616
3170.93	267.999
3170.23	267.963
3169.52	243.249
3168.81	264.365
3168.1	218.511
3167.39	243.149
3166.68	278.35
3165.97	257.174
3165.26	239.527
3164.55	292.324
3163.84	288.762
3163.13	288.723
3162.42	306.286
3161.71	267.524
3161	271.007
3160.29	285.046
3159.58	302.6
3158.87	267.378
3158.16	320.106
3157.45	281.373
3156.73	320.018
3156.02	281.296
3155.31	263.679
3154.6	260.128
3153.89	316.329
3153.18	249.514
3152.47	277.59
3151.76	298.632
3151.04	263.463
3150.33	252.89
3149.62	221.249
3148.91	242.287
3148.2	252.787
3147.48	266.794
3146.77	252.717
3146.06	252.683
3145.35	280.72
3144.63	249.105
3143.92	273.628
3143.21	259.56
3142.5	308.624
3141.78	280.529
3141.07	312.046
3140.36	304.992
3139.64	290.929
3138.93	280.375
3138.22	262.816
3137.5	269.788
3136.79	304.783
3136.08	280.222
3135.36	287.189
3134.65	273.142
3133.93	308.118
3133.22	280.069
3132.51	238.026
3131.79	258.993
3131.08	314.949
3130.36	332.4
3129.65	283.376
3128.93	265.848
3128.22	279.801
3127.5	265.775
3126.79	244.759
3126.07	272.695
3125.36	265.666
3124.64	307.571
3123.93	304.035
3123.21	265.557
3122.5	276.002
3121.78	261.991
3121.07	300.376
3120.35	293.35
3119.63	286.326
3118.92	310.727
3118.2	240.867
3117.49	272.248
3116.77	286.17
3116.05	219.832
3115.34	237.247
3114.62	306.983
3113.9	286.014
3113.19	289.462
3112.47	285.935
3111.75	264.977
3111.03	271.913
3110.32	261.419
3109.6	268.354
3108.88	289.225
3108.17	268.28
3107.45	271.727
3106.73	289.106
3106.01	261.205
3105.29	240.276
3104.58	243.724
3103.86	261.098
3103.14	295.87
3102.42	299.31
3101.7	254.031
3100.98	257.476
3100.27	253.961
3099.55	246.97
3098.83	281.716
3098.11	278.2
3097.39	267.731
3096.67	281.6
3095.95	340.655
3095.23	284.999
3094.51	284.96
3093.79	253.649
3093.07	309.201
3092.35	274.422
3091.63	291.751
3090.91	267.401
3090.19	291.671
3089.47	274.272
3088.75	295.062
3088.03	284.609
3087.31	274.159
3086.59	232.483
3085.87	287.962
3085.15	326.081
3084.43	274.009
3083.71	287.844
3082.99	291.272
3082.27	298.166
3081.55	277.326
3080.83	256.492
3080.1	252.991
3079.38	246.026
3078.66	270.245
3077.94	294.458
3077.22	315.2
3076.5	238.965
3075.77	273.56
3075.05	273.523
3074.33	308.104
3073.61	304.6
3072.89	314.941
3072.16	276.834
3071.44	283.716
3070.72	294.055
3070	273.261
3069.27	311.268
3068.55	304.309
3067.83	286.979
3067.1	297.311
3066.38	297.271
3065.66	342.16
3064.93	255.721
3064.21	272.962
3063.49	286.744
3062.76	331.61
3062.04	286.665
3061.31	317.706
3060.59	283.134
3059.87	262.381
3059.14	258.893
3058.42	265.761
3057.69	310.587
3056.97	251.886
3056.24	251.852
3055.52	300.111
3054.79	306.968
3054.07	286.234
3053.34	293.092
3052.62	272.366
3051.89	258.539
3051.17	286.078
3050.44	275.7
3049.72	272.217
3048.99	320.414
3048.27	299.701
3047.54	296.215
3046.81	309.95
3046.09	265.144
3045.36	241.007
3044.64	306.381
3043.91	313.223
3043.18	289.089
3042.46	326.901
3041.73	292.451
3041	244.249
3040.28	275.172
3039.55	299.209
3038.82	281.975
3038.1	319.757
3037.37	323.151
3036.64	285.296
3035.91	288.694
3035.19	309.273
3034.46	288.615
3033.73	278.269
3033	237.012
3032.28	295.365
3031.55	267.853
3030.82	315.886
3030.09	305.543
3029.36	288.339
3028.63	247.114
3027.91	301.986
3027.18	260.771
3026.45	219.566
3025.72	277.851
3024.99	281.242
3024.26	288.063
3023.53	274.308
3022.8	250.272
3022.07	270.805
3021.34	246.776
3020.62	284.438
3019.89	294.679
3019.16	287.787
3018.43	280.896
3017.7	280.858
3016.97	253.422
3016.24	342.416
3015.51	314.979
3014.78	256.741
3014.05	270.397
3013.31	266.938
3012.58	277.167
3011.85	311.342
3011.12	304.458
3010.39	300.996
3009.66	253.076
3008.93	294.075
3008.2	270.101
3007.47	290.576
3006.74	334.971
3006	287.078
3005.27	304.125
3004.54	307.5
3003.81	256.215
3003.08	259.595
3002.35	286.882
3001.61	269.769
3000.88	361.919
3000.15	300.42
2999.42	296.965
2998.68	327.641
2997.95	303.709
2997.22	307.079
2996.49	307.037
2995.75	320.639
2995.02	293.311
2994.29	296.681
2993.55	252.315
2992.82	272.735
2992.09	276.106
2991.35	340.826
2990.62	289.662
2989.89	272.586
2989.15	310.024
2988.42	384.922
2987.68	286.097
2986.95	299.68
2986.22	303.044
2985.48	313.216
2984.75	326.789
2984.01	330.148
2983.28	333.506
2982.54	306.239
2981.81	357.23
2981.07	329.968
2980.34	299.311
2979.6	282.266
2978.87	299.229
2978.13	360.386
2977.4	302.546
2976.66	346.691
2975.93	299.065
2975.19	349.994
2974.45	302.381
2973.72	305.736
2972.98	353.247
2972.25	329.426
2971.51	353.15
2970.77	325.94
2970.04	325.896
2969.3	319.062
2968.56	308.837
2967.83	332.548
2967.09	315.538
2966.35	325.672
2965.62	322.236
2964.88	305.234
2964.14	332.321
2963.4	294.979
2962.67	342.4
2961.93	298.288
2961.19	277.912
2960.45	315.15
2959.72	294.777
2958.98	294.737
2958.24	335.344
2957.5	274.335
2956.76	321.707
2956.03	355.522
2955.29	338.546
2954.55	345.269
2953.81	351.991
2953.07	331.638
2952.33	358.662
2951.59	324.781
2950.85	314.589
2950.12	348.368
2949.38	328.03
2948.64	260.359
2947.9	324.559
2947.16	334.655
2946.42	334.61
2945.68	331.184
2944.94	310.865
2944.2	378.393
2943.46	283.756
2942.72	337.758
2941.98	287.055
2941.24	347.795
2940.5	351.124
2939.76	283.561
2939.02	310.525
2938.28	330.731
2937.53	330.685
2936.79	350.883
2936.05	283.367
2935.31	310.312
2934.57	310.269
2933.83	327.087
2933.09	320.299
2932.35	266.317
2931.6	374.141
2930.86	330.278
2930.12	347.081
2929.38	296.495
2928.64	363.83
2927.89	326.728
2927.15	296.373
2926.41	313.169
2925.67	282.824
2924.92	319.816
2924.18	309.674
2923.44	319.729
2922.7	339.875
2921.95	323.006
2921.21	306.14
2920.47	353.191
2919.72	353.142
2918.98	322.829
2918.24	289.161
2917.49	252.141
2916.75	346.226
2916	342.817
2915.26	305.805
2914.52	315.843
2913.77	356.115
2913.03	292.243
2912.28	322.43
2911.54	335.819
2910.79	345.846
2910.05	318.941
2909.31	278.615
2908.56	308.784
2907.82	315.454
2907.07	301.989
2906.33	308.657
2905.58	315.324
2904.83	335.405
2904.09	348.773
2903.34	288.369
2902.6	311.798
2901.85	345.278
2901.11	288.25
2900.36	328.426
2899.61	291.522
2898.87	324.986
2898.12	321.591
2897.38	314.848
2896.63	371.738
2895.88	321.459
2895.14	257.802
2894.39	311.328
2893.64	321.327
2892.89	358.097
2892.15	311.2
2891.4	307.812
2890.65	334.532
2889.91	297.693
2889.16	337.785
2888.41	307.643
2887.66	341.035
2886.92	317.587
2886.17	317.544
2885.42	297.448
2884.67	344.19
2883.92	320.754
2883.17	334.073
2882.43	340.708
2881.68	337.322
2880.93	310.56
2880.18	333.89
2879.43	317.152
2878.68	293.743
2877.93	313.728
2877.18	307.01
2876.43	290.285
2875.69	340.288
2874.94	356.919
2874.19	326.853
2873.44	366.826
2872.69	353.438
2871.94	346.722
2871.19	346.674
2870.44	286.634
2869.69	353.244
2868.94	326.54
2868.19	336.49
2867.44	296.47
2866.68	379.696
2865.93	286.398
2865.18	306.337
2864.43	336.259
2863.68	296.267
2862.93	326.181
2862.18	339.448
2861.43	312.782
2860.68	312.739
2859.92	352.615
2859.17	332.61
2858.42	339.215
2857.67	302.592
2856.92	329.148
2856.17	345.724
2855.41	368.944
2854.66	352.276
2853.91	358.874
2853.16	289.053
2852.4	365.419
2851.65	328.832
2850.9	355.355
2850.15	345.345
2849.39	351.938
2848.64	351.889
2847.89	368.437
2847.13	358.43
2846.38	358.381
2845.63	328.471
2844.87	311.839
2844.12	341.649
2843.37	341.602
2842.61	374.716
2841.86	351.455
2841.1	331.516
2840.35	334.785
2839.59	308.225
2838.84	338.007
2838.09	390.974
2837.33	341.227
2836.58	311.368
2835.82	298.078
2835.07	344.398
2834.31	367.528
2833.56	364.167
2832.8	357.497
2832.05	340.899
2831.29	370.635
2830.53	350.732
2829.78	363.917
2829.02	353.943
2828.27	390.277
2827.51	373.688
2826.76	436.461
2826	330.607
2825.24	353.7
2824.49	396.619
2823.73	337.08
2822.97	356.859
2822.22	346.899
2821.46	383.188
2820.7	333.592
2819.95	313.731
2819.19	297.178
2818.43	382.977
2817.67	340.011
2816.92	356.467
2816.16	356.418
2815.4	392.666
2814.64	366.218
2813.89	356.271
2813.13	336.432
2812.37	336.386
2811.61	346.232
2810.85	339.591
2810.1	398.882
2809.34	346.09
2808.58	411.955
2807.82	382.241
2807.06	365.715
2806.3	316.251
2805.54	362.321
2804.78	349.098
2804.02	372.1
2803.27	388.511
2802.51	348.954
2801.75	355.489
2800.99	342.276
2800.23	378.426
2799.47	388.245
2798.71	381.612
2797.95	391.427
2797.19	394.662
2796.43	437.357
2795.67	414.282
2794.91	417.512
2794.15	394.446
2793.38	407.538
2792.62	381.193
2791.86	436.997
2791.1	407.37
2790.34	410.599
2789.58	420.395
2788.82	420.337
2788.06	403.862
2787.3	439.92
2786.53	436.577
2785.77	406.978
2785.01	429.893
2784.25	390.46
2783.49	416.652
2782.72	396.913
2781.96	406.698
2781.2	429.598
2780.44	429.539
2779.67	419.645
2778.91	386.807
2778.15	406.419
2777.39	455.52
2776.62	412.861
2775.86	475.052
2775.1	497.917
2774.33	455.27
2773.57	435.558
2772.81	455.144
2772.04	461.63
2771.28	471.387
2770.52	510.599
2769.75	510.529
2768.99	503.914
2768.22	471.128
2767.46	493.962
2766.7	477.54
2765.93	539.611
2765.17	500.298
2764.4	581.966
2763.64	539.389
2762.87	490.286
2762.11	516.363
2761.34	591.449
2760.58	571.764
2759.81	594.553
2759.05	623.868
2758.28	597.655
2757.52	656.351
2756.75	652.996
2755.98	675.758
2755.22	701.777
2754.45	744.108
2753.69	789.69
2752.92	796.107
2752.15	851.457
2751.39	864.387
2750.62	851.222
2749.85	932.629
2749.09	912.938
2748.32	984.533
2747.55	1065.89
2746.79	974.485
2746.02	1059.08
2745.25	1036.12
2744.48	1091.36
2743.72	1140.07
2742.95	1146.43
2742.18	1097.43
2741.41	1178.68
2740.65	1139.45
2739.88	1311.81
2739.11	1292.1
2738.34	1223.59
2737.57	1295
2736.8	1372.9
2736.04	1398.74
2735.27	1447.33
2734.5	1453.64
2733.73	1479.45
2732.96	1489
2732.19	1488.79
2731.42	1534.09
2730.65	1556.63
2729.88	1556.41
2729.11	1530.21
2728.34	1575.48
2727.57	1617.48
2726.8	1542.57
2726.03	1578.07
2725.26	1538.9
2724.49	1515.96
2723.72	1522.24
2722.95	1518.79
2722.18	1544.54
2721.41	1498.9
2720.64	1583.04
2719.87	1530.93
2719.1	1533.96
2718.33	1595.36
2717.56	1582.17
2716.79	1517.12
2716.02	1526.63
2715.24	1613.92
2714.47	1461.41
2713.7	1509.8
2712.93	1470.72
2712.16	1496.43
2711.39	1492.99
2710.61	1525.16
2709.84	1456.96
2709.07	1550.64
2708.3	1492.16
2707.52	1521.09
2706.75	1530.58
2705.98	1475.37
2705.21	1455.76
2704.43	1504.08
2703.66	1429.48
2702.89	1471.33
2702.11	1477.59
2701.34	1564.67
2700.57	1406.07
2699.79	1402.65
2699.02	1450.92
2698.25	1460.42
2697.47	1502.21
2696.7	1460.02
2695.92	1408.14
2695.15	1443.47
2694.38	1417.44
2693.6	1455.98
2692.83	1394.45
2692.05	1436.22
2691.28	1423.11
2690.5	1322.89
2689.73	1406.59
2688.95	1332.2
2688.18	1386.85
2687.4	1386.66
2686.63	1289.74
2685.85	1415.29
2685.08	1302.28
2684.3	1253.75
2683.53	1311.59
2682.75	1240.52
2681.97	1214.57
2681.2	1162.87
2680.42	1285.1
2679.64	1168.99
2678.87	1159.17
2678.09	1165.45
2677.32	1081.59
2676.54	1142.59
2675.76	1087.73
2674.98	1052.18
2674.21	1035.95
2673.43	1080.85
2672.65	1019.59
2671.88	967.991
2671.1	964.642
2670.32	903.424
2669.54	929.016
2668.77	899.961
2667.99	928.76
2667.21	854.727
2666.43	873.886
2665.65	899.465
2664.87	841.526
2664.1	924.909
2663.32	876.616
2662.54	863.653
2661.76	825.012
2660.98	879.463
2660.2	869.714
2659.42	837.506
2658.64	814.932
2657.86	859.731
2657.09	811.5
2656.31	772.903
2655.53	798.45
2654.75	708.567
2653.97	804.641
2653.19	798.12
2652.41	765.961
2651.63	669.723
2650.85	784.974
2650.07	675.945
2649.28	752.727
2648.5	768.636
2647.72	707.688
2646.94	733.205
2646.16	720.298
2645.38	720.199
2644.6	694.496
2643.82	726.401
2643.04	671.908
2642.26	723.001
2641.47	716.504
2640.69	719.604
2639.91	706.713
2639.13	732.195
2638.35	684.14
2637.56	731.993
2636.78	683.951
2636	731.791
2635.22	693.348
2634.44	677.279
2633.65	651.632
2632.87	651.542
2632.09	648.258
2631.3	638.59
2630.52	558.689
2629.74	673.527
2628.95	587.26
2628.17	638.238
2627.39	580.717
2626.6	580.636
2625.82	574.177
2625.04	590.045
2624.25	558.073
2623.47	580.316
2622.68	538.791
2621.9	592.907
2621.12	545.017
2620.33	602.304
2619.55	535.307
2618.76	516.118
2617.98	516.047
2617.19	535.086
2616.41	541.381
2615.62	506.281
2614.84	557.15
2614.05	480.675
2613.27	509.254
2612.48	480.542
2611.69	474.112
2610.91	572.674
2610.12	435.808
2609.34	518.445
2608.55	483.391
2607.76	492.864
2606.98	467.361
2606.19	495.907
2605.4	470.411
2604.62	476.702
2603.83	413.085
2603.04	467.039
2602.26	438.384
2601.47	495.496
2600.68	412.857
2599.9	466.781
2599.11	444.492
2598.32	412.686
2597.53	441.195
2596.75	409.398
2595.96	402.995
2595.17	421.976
2594.38	425.09
2593.59	352.079
2592.81	383.744
2592.02	456.624
2591.23	386.809
2590.44	456.498
2589.65	415.229
2588.86	358.126
2588.07	418.284
2587.28	421.394
2586.5	392.825
2585.71	408.608
2584.92	392.716
2584.13	430.662
2583.34	379.943
2582.55	411.548
2581.76	376.673
2580.97	405.105
2580.18	376.569
2579.39	408.157
2578.6	385.956
2577.81	395.392
2577.02	417.476
2576.23	398.445
2575.44	347.801
2574.64	366.721
2573.85	372.992
2573.06	372.941
2572.27	398.17
2571.48	401.275
2570.69	420.174
2569.9	385.37
2569.11	429.533
2568.31	366.316
2567.52	410.47
2566.73	382
2565.94	378.791
2565.15	381.895
2564.35	366.063
2563.56	353.392
2562.77	362.807
2561.98	365.912
2561.18	419.479
2560.39	346.889
2559.6	422.516
2558.81	359.404
2558.01	349.898
2557.22	346.698
2556.43	343.498
2555.63	387.564
2554.84	362.307
2554.05	365.407
2553.25	384.254
2552.46	346.411
2551.66	387.296
2550.87	330.573
2550.08	409.225
2549.28	380.841
2548.49	421.7
2547.69	383.882
2546.9	358.66
2546.1	346.028
2545.31	367.997
2544.51	361.656
2543.72	361.606
2542.92	361.557
2542.13	396.085
2541.33	364.6
2540.54	333.123
2539.74	373.926
2538.95	373.874
2538.15	376.964
2537.35	323.516
2536.56	380
2535.76	354.827
2534.97	417.571
2534.17	386.121
2533.37	373.513
2532.58	386.014
2531.78	357.72
2530.98	338.846
2530.19	354.484
2529.39	345.025
2528.59	366.931
2527.79	382.559
2527	382.506
2526.2	404.397
2525.4	372.997
2524.6	366.677
2523.81	363.493
2523.01	385.374
2522.21	429.179
2521.41	388.4
2520.61	382.083
2519.82	385.161
2519.02	356.93
2518.22	403.838
2517.42	363.091
2516.62	350.522
2515.82	378.637
2515.02	391.1
2514.22	400.431
2513.42	356.584
2512.63	412.83
2511.83	381.502
2511.03	362.69
2510.23	359.513
2509.43	328.206
2508.63	393.793
2507.83	368.739
2507.03	359.314
2506.23	353.017
2505.43	381.08
2504.63	421.629
2503.83	421.571
2503.02	359.066
2502.22	421.454
2501.42	383.938
2500.62	380.764
2499.82	383.832
2499.02	371.299
2498.22	399.325
2497.42	321.287
2496.61	399.214
2495.81	380.448
2495.01	367.924
2494.21	414.636
2493.41	411.462
2492.61	426.989
2491.8	405.116
2491	392.596
2490.2	370.734
2489.4	411.177
2488.59	367.517
2487.79	420.406
2486.99	429.689
2486.18	370.478
2485.38	451.36
2484.58	404.611
2483.77	370.324
2482.97	404.499
2482.17	416.888
2481.36	423.052
2480.56	398.111
2479.76	444.703
2478.95	422.876
2478.15	453.907
2477.34	376.131
2476.54	447.565
2475.73	419.534
2474.93	447.441
2474.13	406.991
2473.32	406.935
2472.52	409.984
2471.71	440.983
2470.91	437.817
2470.1	453.279
2469.3	422.174
2468.49	499.711
2467.68	453.091
2466.88	425.102
2466.07	428.146
2465.27	505.638
2464.46	502.467
2463.65	375.247
2462.85	477.521
2462.04	424.749
2461.24	365.792
2460.43	452.527
2459.62	402.879
2458.82	458.599
2458.01	384.178
2457.2	399.614
2456.39	452.214
2455.59	418.085
2454.78	430.413
2453.97	430.353
2453.16	467.441
2452.36	439.52
2451.55	439.459
2450.74	439.398
2449.93	405.304
2449.13	442.37
2448.32	470.146
2447.51	457.711
2446.7	445.278
2445.89	432.85
2445.08	454.429
2444.27	411.093
2443.46	423.398
2442.66	441.88
2441.85	407.833
2441.04	379.973
2440.23	401.542
2439.42	429.282
2438.61	376.728
2437.8	407.55
2436.99	407.494
2436.18	441.391
2435.37	373.433
2434.56	435.097
2433.75	364.073
2432.94	404.127
2432.13	357.803
2431.32	357.754
2430.51	400.875
2429.7	320.656
2428.88	342.191
2428.07	335.979
2427.26	366.752
2426.45	363.619
2425.64	375.893
2424.83	382.003
2424.02	406.592
2423.21	397.296
2422.39	338.732
2421.58	280.185
2420.77	350.953
2419.96	372.451
2419.14	344.7
2418.33	372.348
2417.52	341.528
2416.71	406.085
2415.89	350.661
2415.08	356.764
2414.27	332.113
2413.46	365.889
2412.64	350.467
2411.83	393.452
2411.02	365.737
2410.2	347.248
2409.39	374.853
2408.57	362.512
2407.76	359.39
2406.95	347.055
2406.13	328.582
2405.32	343.889
2404.5	359.191
2403.69	340.724
2402.88	346.815
2402.06	374.385
2401.25	306.831
2400.43	309.856
2399.62	346.623
2398.8	325.105
2397.99	349.593
2397.17	303.552
2396.35	361.759
2395.54	364.774
2394.72	340.205
2393.91	312.577
2393.09	340.11
2392.28	367.636
2391.46	364.522
2390.64	413.476
2389.83	358.296
2389.01	290.884
2388.19	306.151
2387.38	309.169
2386.56	306.066
2385.74	318.264
2384.93	336.579
2384.11	345.711
2383.29	302.837
2382.47	345.615
2381.66	342.509
2380.84	336.346
2380.02	372.986
2379.2	308.741
2378.39	320.924
2377.57	342.271
2376.75	351.39
2375.93	317.735
2375.11	326.855
2374.29	354.298
2373.48	320.657
2372.66	314.505
2371.84	369.416
2371.02	326.628
2370.2	335.74
2369.38	375.366
2368.56	344.8
2367.74	356.956
2366.92	332.503
2366.1	362.957
2365.28	362.907
2364.46	317.118
2363.64	332.318
2362.82	353.611
2362	338.322
2361.18	371.798
2360.36	335.181
2359.54	359.508
2358.72	280.255
2357.9	362.454
2357.08	338.04
2356.26	316.678
2355.44	328.813
2354.62	328.767
2353.79	337.853
2352.97	334.762
2352.15	371.23
2351.33	355.967
2350.51	304.203
2349.69	334.577
2348.86	322.365
2348.04	343.606
2347.22	328.357
2346.4	337.431
2345.57	389.055
2344.75	364.689
2343.93	325.136
2343.11	328.129
2342.28	318.97
2341.46	349.299
2340.64	346.214
2339.81	312.764
2338.99	327.901
2338.17	321.784
2337.34	333.88
2336.52	339.904
2335.7	300.409
2334.87	330.707
2334.05	312.46
2333.22	330.615
2332.4	379.093
2331.57	479.108
2330.75	466.913
2329.93	381.967
2329.1	345.541
2328.28	384.892
2327.45	409.08
2326.63	336.308
2325.8	369.584
2324.97	351.359
2324.15	354.339
2323.32	296.755
2322.5	366.351
2321.67	336.028
2320.85	326.9
2320.02	341.987
2319.19	317.731
2318.37	305.585
2317.54	344.87
2316.71	344.822
2315.89	371.993
2315.06	329.606
2314.23	290.255
2313.41	329.515
2312.58	320.401
2311.75	374.757
2310.93	371.683
2310.1	326.31
2309.27	338.349
2308.44	377.569
2307.62	277.852
2306.79	292.912
2305.96	341.18
2305.13	344.152
2304.3	325.993
2303.47	322.93
2302.65	283.656
2301.82	316.805
2300.99	319.778
2300.16	343.865
2299.33	343.817
2298.5	334.722
2297.67	340.706
2296.84	346.688
2296.01	307.455
2295.19	331.522
2294.36	328.463
2293.53	343.482
2292.7	328.372
2291.87	337.362
2291.04	325.269
2290.21	337.269
2289.38	340.233
2288.54	361.259
2287.71	307.027
2286.88	319.023
2286.05	343.053
2285.22	361.058
2284.39	318.89
2283.56	309.822
2282.73	351.885
2281.9	348.829
2281.07	339.76
2280.23	357.75
2279.4	330.648
2278.57	351.64
2277.74	321.541
2276.91	336.519
2276.07	291.409
2275.24	333.422
2274.41	321.362
2273.58	351.347
2272.74	327.277
2271.91	336.238
2271.08	336.191
2270.25	351.151
2269.41	330.096
2268.58	360.055
2267.75	306.004
2266.91	332.958
2266.08	308.918
2265.25	332.865
2264.41	341.814
2263.58	350.76
2262.74	383.685
2261.91	311.7
2261.08	287.683
2260.24	320.602
2259.41	326.55
2258.57	308.531
2257.74	377.374
2256.9	314.435
2256.07	332.356
2255.23	380.21
2254.4	323.284
2253.56	365.14
2252.73	383.044
2251.89	293.227
2251.06	376.954
2250.22	338.015
2249.38	385.822
2248.55	316.988
2247.71	352.824
2246.88	337.827
2246.04	322.834
2245.2	254.047
2244.37	340.674
2243.53	340.627
2242.69	358.505
2241.86	337.545
2241.02	340.484
2240.18	355.369
2239.34	328.446
2238.51	337.357
2237.67	382.085
2236.83	352.186
2235.99	292.453
2235.16	346.12
2234.32	334.139
2233.48	316.194
2232.64	334.046
2231.8	336.981
2230.97	357.806
2230.13	316.018
2229.29	339.821
2228.45	342.754
2227.61	306.946
2226.77	366.496
2225.93	333.674
2225.09	324.691
2224.25	324.645
2223.41	345.446
2222.57	339.443
2221.73	333.441
2220.89	360.185
2220.05	297.632
2219.21	330.326
2218.37	351.108
2217.53	309.408
2216.69	327.213
2215.85	318.245
2215.01	344.965
2214.17	341.944
2213.33	386.491
2212.49	368.602
2211.65	323.968
2210.81	332.838
2209.97	329.82
2209.12	326.803
2208.28	341.61
2207.44	350.473
2206.6	332.606
2205.76	353.344
2204.92	326.575
2204.07	287.94
2203.23	332.42
2202.39	376.889
2201.55	311.557
2200.7	358.983
2199.86	373.765
2199.02	314.393
2198.17	344.005
2197.33	343.957
2196.49	382.45
2195.64	343.861
2194.8	328.993
2193.96	328.948
2193.11	388.163
2192.27	349.595
2191.43	358.433
2190.58	322.841
2189.74	310.95
2188.89	313.867
2188.05	313.824
2187.2	343.382
2186.36	290.058
2185.52	331.449
2184.67	325.485
2183.83	322.481
2182.98	316.519
2182.14	319.433
2181.29	390.364
2180.44	354.826
2179.6	342.951
2178.75	313.343
2177.91	310.343
2177.06	366.45
2176.22	298.437
2175.37	339.758
2174.52	375.158
2173.68	313.08
2172.83	327.803
2171.98	360.237
2171.14	321.807
2170.29	342.425
2169.44	304.008
2168.6	371.841
2167.75	286.219
2166.9	333.383
2166.05	324.487
2165.21	365.734
2164.36	347.989
2163.51	291.916
2162.66	368.53
2161.81	371.426
2160.97	318.321
2160.12	350.693
2159.27	371.271
2158.42	315.241
2157.57	315.197
2156.72	329.88
2155.87	338.669
2155.02	344.511
2154.18	379.792
2153.33	370.908
2152.48	353.196
2151.63	326.661
2150.78	335.443
2149.93	353.049
2149.08	338.291
2148.23	335.302
2147.38	308.788
2146.53	329.328
2145.68	326.342
2144.83	329.236
2143.98	326.251
2143.13	337.96
2142.28	358.482
2141.42	370.184
2140.57	334.881
2139.72	328.96
2138.87	337.725
2138.02	317.123
2137.17	322.951
2136.32	358.132
2135.46	349.276
2134.61	328.685
2133.76	352.113
2132.91	346.196
2132.06	346.148
2131.2	366.631
2130.35	337.253
2129.5	348.935
2128.65	325.432
2127.79	340.043
2126.94	342.927
2126.09	325.295
2125.23	336.971
2124.38	372.081
2123.53	336.877
2122.67	351.474
2121.82	357.282
2120.97	289.885
2120.11	363.038
2119.26	324.932
2118.4	348.302
2117.55	278.017
2116.7	351.131
2115.84	339.379
2114.99	368.584
2114.13	310.035
2113.28	324.614
2112.42	327.493
2111.57	327.447
2110.71	292.323
2109.86	315.665
2109	371.146
2108.15	315.576
2107.29	359.356
2106.43	356.385
2105.58	315.444
2104.72	341.683
2103.87	327.036
2103.01	312.392
2102.15	367.812
2101.3	341.492
2100.44	364.791
2099.58	318.053
2098.73	385.112
2097.87	352.97
2097.01	344.17
2096.15	338.29
2095.3	335.326
2094.44	314.871
2093.58	346.893
2092.72	332.271
2091.87	332.225
2091.01	346.748
2090.15	367.093
2089.29	323.346
2088.43	317.476
2087.58	343.641
2086.72	317.387
2085.86	355.191
2085	331.853
2084.14	311.433
2083.28	349.222
2082.42	322.985
2081.56	386.946
2080.7	349.075
2079.84	346.118
2078.98	369.334
2078.12	351.836
2077.26	325.621
2076.4	343.017
2075.54	363.315
2074.68	351.64
2073.82	354.496
2072.96	351.541
2072.1	316.633
2071.24	334.016
2070.38	357.202
2069.52	351.344
2068.66	360.005
2067.8	406.4
2066.94	342.49
2066.07	377.266
2065.21	354
2064.35	385.864
2063.49	374.207
2062.63	365.453
2061.77	324.802
2060.9	356.652
2060.04	379.796
2059.18	344.957
2058.32	333.315
2057.45	350.657
2056.59	362.198
2055.73	353.456
2054.86	382.374
2054	373.631
2053.14	350.411
2052.28	338.78
2051.41	385.055
2050.55	382.106
2049.68	390.736
2048.82	332.803
2047.96	364.585
2047.09	347.175
2046.23	347.126
2045.36	329.724
2044.5	393.3
2043.63	344.089
2042.77	370.061
2041.91	427.823
2041.04	349.725
2040.17	349.676
2039.31	323.622
2038.44	361.135
2037.58	366.861
2036.71	384.14
2035.85	369.647
2034.98	355.157
2034.12	317.576
2033.25	331.965
2032.38	372.326
2031.52	392.474
2030.65	375.107
2029.78	369.284
2028.92	377.886
2028.05	363.412
2027.18	340.291
2026.32	322.943
2025.45	325.78
2024.58	348.796
2023.72	337.218
2022.85	316.998
2021.98	403.396
2021.11	391.815
2020.24	345.671
2019.38	348.503
2018.51	345.574
2017.64	385.837
2016.77	374.267
2015.9	394.364
2015.03	365.528
2014.17	365.476
2013.3	333.774
2012.43	374.005
2011.56	391.212
2010.69	304.872
2009.82	359.469
2008.95	356.543
2008.08	359.368
2007.21	336.321
2006.34	350.645
2005.47	373.586
2004.6	344.8
2003.73	353.37
2002.86	376.301
2001.99	344.655
2001.12	353.222
2000.25	373.271
1999.38	367.477
1998.51	347.332
1997.64	309.972
1996.77	330.017
1995.89	370.141
1995.02	304.104
1994.15	367.168
1993.28	427.347
1992.41	318.314
1991.54	372.748
1990.66	375.563
1989.79	346.845
1988.92	406.985
1988.05	341.017
1987.17	369.622
1986.3	360.975
1985.43	338.009
1984.56	380.923
1983.68	317.868
1982.81	366.499
1981.94	343.545
1981.06	377.846
1980.19	380.656
1979.32	380.602
1978.44	360.52
1977.57	354.748
1976.7	337.535
1975.82	368.948
1974.95	434.669
1974.07	406.015
1973.2	377.37
1972.32	388.751
1971.45	345.825
1970.57	337.204
1969.7	348.585
1968.82	342.823
1967.95	339.918
1967.07	374.143
1966.2	391.225
1965.32	382.604
1964.45	325.453
1963.57	325.407
1962.69	339.632
1961.82	353.853
1960.94	396.602
1960.07	333.783
1959.19	379.376
1958.31	373.618
1957.44	325.088
1956.56	373.513
1955.68	339.251
1954.81	356.306
1953.93	413.257
1953.05	364.755
1952.17	313.417
1951.3	350.408
1950.42	338.965
1949.54	370.246
1948.66	344.565
1947.78	347.364
1946.91	338.775
1946.03	392.81
1945.15	335.834
1944.27	347.169
1943.39	318.668
1942.51	352.761
1941.64	355.556
1940.76	352.662
1939.88	352.613
1939	369.623
1938.12	386.628
1937.24	363.834
1936.36	323.994
1935.48	323.949
1934.6	369.363
1933.72	383.515
1932.84	332.333
1931.96	340.807
1931.08	357.797
1930.2	388.979
1929.32	323.63
1928.44	363.323
1927.56	351.92
1926.67	360.383
1925.79	383.031
1924.91	385.814
1924.03	329.03
1923.15	303.459
1922.27	371.473
1921.39	317.551
1920.5	337.35
1919.62	328.799
1918.74	325.919
1917.86	351.376
1916.98	371.16
1916.09	362.609
1915.21	325.736
1914.33	334.186
1913.44	345.466
1912.56	362.405
1911.68	322.722
1910.8	350.981
1909.91	342.442
1909.03	359.372
1908.14	356.492
1907.26	311.179
1906.38	387.505
1905.49	361.998
1904.61	344.981
1903.73	367.551
1902.84	336.403
1901.96	364.621
1901.07	350.439
1900.19	375.821
1899.3	378.594
1898.42	367.241
1897.53	372.838
1896.65	288.062
1895.76	372.733
1894.88	350.094
1893.99	335.93
1893.1	381.044
1892.22	344.302
1891.33	352.719
1890.45	344.205
1889.56	332.873
1888.67	392.058
1887.79	377.902
1886.9	327.093
1886.01	363.699
1885.13	341.096
1884.24	338.229
1883.35	343.818
1882.47	400.125
1881.58	380.347
1880.69	374.66
1879.8	354.891
1878.92	394.268
1878.03	349.159
1877.14	357.557
1876.25	351.876
1875.36	346.197
1874.48	382.734
1873.59	354.541
1872.7	365.745
1871.81	351.629
1870.92	360.017
1870.03	393.713
1869.14	357.104
1868.25	376.734
1867.36	348.57
1866.47	393.492
1865.59	401.867
1864.7	339.993
1863.81	376.469
1862.92	325.852
1862.03	342.659
1861.14	370.693
1860.24	342.562
1859.35	359.359
1858.46	356.501
1857.57	348.031
1856.68	373.239
1855.79	381.604
1854.9	378.744
1854.01	347.835
1853.12	333.762
1852.23	339.324
1851.33	381.335
1850.44	328.014
1849.55	355.999
1848.66	361.555
1847.77	375.516
1846.87	339.037
1845.98	361.402
1845.09	358.55
1844.2	324.89
1843.3	361.249
1842.41	394.798
1841.52	383.544
1840.63	349.9
1839.73	335.857
1838.84	366.592
1837.95	363.742
1837.05	372.084
1836.16	346.856
1835.26	332.823
1834.37	357.944
1833.48	360.69
1832.58	383.004
1831.69	357.793
1830.79	338.178
1829.9	332.542
1829	368.818
1828.11	371.56
1827.21	365.921
1826.32	402.177
1825.42	388.158
1824.53	354.598
1823.63	354.548
1822.74	323.793
1821.84	332.12
1820.95	365.56
1820.05	357.138
1819.15	373.826
1818.26	329.144
1817.36	317.941
1816.46	320.685
1815.57	345.734
1814.67	348.473
1813.77	342.849
1812.88	317.717
1811.98	345.539
1811.08	320.414
1810.18	356.584
1809.29	345.392
1808.39	364.839
1807.49	362.003
1806.59	339.678
1805.7	334.062
1804.8	339.582
1803.9	378.497
1803	339.486
1802.1	350.567
1801.2	350.518
1800.3	356.032
1799.41	353.2
1798.51	336.466
1797.61	350.32
1796.71	341.931
1795.81	378.017
1794.91	375.184
1794.01	336.229
1793.11	347.295
1792.21	330.578
1791.31	355.53
1790.41	347.148
1789.51	374.867
1788.61	397.025
1787.71	358.105
1786.81	313.645
1785.91	338.577
1785.01	374.602
1784.1	396.745
1783.2	391.141
1782.3	371.67
1781.4	363.298
1780.5	327.199
1779.6	385.375
1778.7	374.232
1777.79	340.919
1776.89	379.669
1775.99	351.907
1775.09	349.086
1774.18	343.497
1773.28	343.448
1772.38	357.247
1771.48	351.658
1770.57	379.294
1769.67	390.314
1768.77	359.813
1767.86	384.669
1766.96	381.847
1766.06	351.361
1765.15	384.506
1764.25	381.686
1763.34	384.397
1762.44	376.048
1761.54	398.112
1760.63	398.056
1759.73	411.819
1758.82	356.491
1757.92	400.65
1757.01	348.102
1756.11	381.201
1755.2	389.433
1754.3	381.093
1753.39	364.472
1752.49	367.181
1751.58	411.296
1750.68	342.238
1749.77	408.42
1748.86	378.011
1747.96	355.887
1747.05	380.662
1746.14	397.157
1745.24	405.374
1744.33	386.016
1743.42	352.879
1742.52	396.932
1741.61	402.388
1740.7	396.82
1739.8	371.966
1738.89	388.443
1737.98	413.179
1737.07	355.284
1736.16	404.801
1735.26	371.704
1734.35	363.392
1733.44	388.114
1732.53	360.537
1731.62	423.778
1730.72	363.187
1729.81	352.131
1728.9	382.338
1727.99	440.04
1727.08	376.731
1726.17	376.677
1725.26	423.359
1724.35	349.084
1723.44	387.511
1722.53	332.498
1721.62	398.391
1720.71	409.324
1719.8	376.305
1718.89	411.954
1717.98	414.642
1717.07	387.127
1716.16	420.015
1715.25	403.487
1714.34	370.497
1713.43	395.141
1712.52	384.11
1711.6	373.083
1710.69	411.43
1709.78	375.72
1708.87	381.151
1707.96	367.388
1707.05	356.371
1706.13	397.435
1705.22	389.157
1704.31	372.661
1703.4	372.608
1702.48	443.779
1701.57	416.326
1700.66	391.62
1699.75	394.303
1698.83	347.704
1697.92	416.091
1697.01	372.239
1696.09	391.343
1695.18	402.233
1694.26	396.704
1693.35	391.177
1692.44	377.446
1691.52	402.005
1690.61	448.432
1689.69	344.478
1688.78	382.699
1687.86	393.578
1686.95	377.125
1686.03	396.199
1685.12	401.607
1684.2	387.892
1683.29	349.6
1682.37	374.128
1681.46	423.223
1680.54	398.593
1679.63	398.536
1678.71	393.021
1677.79	409.339
1676.88	417.467
1675.96	371.029
1675.05	392.798
1674.13	422.744
1673.21	425.411
1672.3	398.085
1671.38	389.85
1670.46	392.52
1669.54	425.17
1668.63	370.609
1667.71	419.6
1666.79	430.438
1665.87	403.138
1664.96	438.487
1664.04	413.916
1663.12	424.749
1662.2	413.799
1661.28	424.628
1660.36	394.631
1659.44	383.69
1658.53	432.61
1657.61	405.345
1656.69	424.328
1655.77	405.23
1654.85	410.611
1653.93	413.272
1653.01	432.243
1652.09	440.336
1651.17	402.225
1650.25	429.342
1649.33	453.733
1648.41	402.054
1647.49	437.308
1646.57	450.825
1645.65	442.615
1644.73	428.977
1643.81	401.769
1642.89	404.427
1641.96	455.933
1641.04	483.003
1640.12	431.386
1639.2	499.143
1638.28	493.647
1637.36	471.882
1636.43	458.257
1635.51	471.748
1634.59	506.922
1633.67	474.325
1632.75	514.908
1631.82	544.641
1630.9	517.471
1629.98	517.398
1629.05	547.118
1628.13	641.825
1627.21	644.441
1626.28	649.765
1625.36	657.793
1624.44	619.808
1623.51	627.838
1622.59	668.337
1621.67	670.947
1620.74	678.967
1619.82	684.28
1618.89	738.269
1617.97	694.902
1617.04	767.798
1616.12	673.079
1615.19	708.12
1614.27	732.34
1613.34	737.64
1612.42	753.745
1611.49	823.87
1610.57	856.163
1609.64	775.028
1608.71	799.219
1607.79	896.294
1606.86	855.677
1605.94	936.523
1605.01	930.993
1604.08	968.635
1603.16	1033.24
1602.23	1116.72
1601.3	1162.41
1600.38	1321.34
1599.45	1315.76
1598.52	1366.8
1597.59	1555.28
1596.67	1606.27
1595.74	1743.47
1594.81	1937.22
1593.88	2063.56
1592.95	2313.76
1592.03	2609.68
1591.1	2773.57
1590.17	3107.04
1589.24	3553.47
1588.31	3913.65
1587.38	4394.83
1586.45	4951.22
1585.52	5289.51
1584.6	5724.56
1583.67	5936.24
1582.74	6024.14
1581.81	5856.57
1580.88	5672.91
1579.95	5330.71
1579.02	4854.21
1578.09	4418.15
1577.16	3941.91
1576.23	3667.31
1575.29	3212.81
1574.36	2898.1
1573.43	2647.93
1572.5	2357.56
1571.57	2083.38
1570.64	2040.13
1569.71	1771.44
1568.78	1653.11
1567.84	1502.62
1566.91	1440.7
1565.98	1341.24
1565.05	1257.9
1564.12	1220.18
1563.18	1142.25
1562.25	1077.74
1561.32	932.84
1560.39	991.671
1559.45	948.653
1558.52	897.609
1557.59	892.124
1556.65	878.603
1555.72	857.052
1554.79	755.17
1553.85	800.58
1552.92	709.444
1551.99	762.878
1551.05	658.391
1550.12	674.353
1549.18	717.067
1548.25	684.862
1547.31	708.839
1546.38	647.225
1545.44	660.503
1544.51	569.503
1543.57	652.295
1542.64	614.781
1541.7	625.384
1540.77	606.59
1539.83	598.488
1538.9	609.088
1537.96	579.62
1537.02	584.879
1536.09	547.412
1535.15	555.343
1534.21	491.195
1533.28	525.825
1532.34	523.081
1531.4	504.328
1530.47	493.584
1529.53	512.187
1528.59	533.452
1527.66	472.038
1526.72	479.971
1525.78	527.893
1524.84	525.152
1523.9	530.408
1522.97	503.682
1522.03	495.617
1521.09	482.225
1520.15	532.77
1519.21	450.126
1518.27	524.629
1517.33	471.3
1516.4	479.22
1515.46	505.771
1514.52	532.315
1513.58	420.469
1512.64	492.251
1511.7	465.576
1510.76	452.21
1509.82	422.889
1508.88	428.147
1507.94	446.699
1507	473.221
1506.06	419.99
1505.12	454.481
1504.18	443.787
1503.24	451.695
1502.29	499.45
1501.35	454.223
1500.41	472.749
1499.47	512.515
1498.53	427.477
1497.59	488.476
1496.65	467.171
1495.7	445.872
1494.76	485.613
1493.82	466.971
1492.88	416.5
1491.93	480.101
1490.99	466.772
1490.05	458.75
1489.11	477.244
1488.16	429.459
1487.22	493.012
1486.28	429.336
1485.33	500.821
1484.39	442.461
1483.45	455.644
1482.5	474.12
1481.56	476.7
1480.61	463.393
1479.67	428.908
1478.72	465.908
1477.78	431.433
1476.84	489.593
1475.89	449.832
1474.95	462.997
1474	433.832
1473.06	489.314
1472.11	513.045
1471.17	446.867
1470.22	473.242
1469.27	444.097
1468.33	465.178
1467.38	454.541
1466.44	443.907
1465.49	449.127
1464.54	451.705
1463.6	470.129
1462.65	470.061
1461.7	469.994
1460.76	467.287
1459.81	459.302
1458.86	467.154
1457.91	451.254
1456.97	488.129
1456.02	443.211
1455.07	469.525
1454.12	464.184
1453.18	487.851
1452.23	453.505
1451.28	495.62
1450.33	440.196
1449.38	479.666
1448.43	447.975
1447.48	461.085
1446.54	505.804
1445.59	492.562
1444.64	466.155
1443.69	452.922
1442.74	502.883
1441.79	436.998
1440.84	460.625
1439.89	484.245
1438.94	489.439
1437.99	423.594
1437.04	415.641
1436.09	449.775
1435.14	423.412
1434.19	454.906
1433.24	452.212
1432.28	449.519
1431.33	452.083
1430.38	446.762
1429.43	449.326
1428.48	454.516
1427.53	475.467
1426.58	462.266
1425.62	454.322
1424.67	464.76
1423.72	443.69
1422.77	404.252
1421.81	477.684
1420.86	461.87
1419.91	480.171
1418.96	466.985
1418	495.773
1417.05	432.756
1416.1	474.652
1415.14	422.144
1414.19	448.3
1413.24	456.1
1412.28	487.486
1411.33	476.934
1410.37	455.905
1409.42	479.418
1408.46	429.581
1407.51	439.995
1406.56	445.17
1405.6	455.579
1404.65	424.099
1403.69	468.537
1402.74	471.087
1401.78	437.001
1400.82	460.487
1399.87	525.821
1398.91	476.049
1397.96	577.977
1397	426.23
1396.04	501.99
1395.09	528.06
1394.13	480.936
1393.18	444.28
1392.22	496.477
1391.26	491.181
1390.3	496.335
1389.35	480.593
1388.39	551.036
1387.43	511.789
1386.48	501.273
1385.52	550.799
1384.56	511.57
1383.6	506.277
1382.64	605.358
1381.69	542.657
1380.73	576.491
1379.77	581.625
1378.81	623.267
1377.85	594.496
1376.89	620.481
1375.93	643.853
1374.97	638.548
1374.01	643.669
1373.06	726.955
1372.1	692.983
1371.14	698.094
1370.18	697.994
1369.22	716.123
1368.26	752.472
1367.3	736.745
1366.33	773.081
1365.37	739.136
1364.41	759.848
1363.45	764.943
1362.49	816.863
1361.53	829.752
1360.57	814.029
1359.61	850.317
1358.65	870.996
1357.68	818.879
1356.72	805.765
1355.76	808.249
1354.8	836.717
1353.84	813.214
1352.87	815.695
1351.91	849.344
1350.95	841.432
1349.99	797.168
1349.02	820.421
1348.06	825.495
1347.1	770.871
1346.13	822.663
1345.17	812.167
1344.21	796.484
1343.24	762.647
1342.28	832.567
1341.32	752.056
1340.35	720.833
1339.39	728.507
1338.42	668.783
1337.46	679.054
1336.49	603.805
1335.53	634.812
1334.56	673.581
1333.6	686.436
1332.63	629.359
1331.67	652.575
1330.7	647.303
1329.74	582.489
1328.77	600.525
1327.8	621.144
1326.84	571.888
1325.87	618.379
1324.91	589.833
1323.94	581.989
1322.97	522.422
1322.01	540.448
1321.04	576.568
1320.07	478.25
1319.1	519.538
1318.14	540.138
1317.17	527.141
1316.2	534.816
1315.23	537.323
1314.27	511.417
1313.3	550.081
1312.33	503.524
1311.36	511.197
1310.39	511.123
1309.42	472.334
1308.46	505.816
1307.49	510.904
1306.52	505.671
1305.55	487.541
1304.58	430.728
1303.61	459.034
1302.64	502.802
1301.67	482.105
1300.7	500.08
1299.73	456.193
1298.76	497.36
1297.79	551.398
1296.82	497.217
1295.85	510.025
1294.88	468.744
1293.91	507.304
1292.94	453.161
1291.97	491.712
1290.99	453.031
1290.02	494.144
1289.05	452.901
1288.08	514.586
1287.11	445.053
1286.14	499.005
1285.16	491.218
1284.19	473.148
1283.22	473.08
1282.25	475.582
1281.27	462.662
1280.3	496.006
1279.33	436.834
1278.36	477.879
1277.38	477.81
1276.41	452.057
1275.44	431.447
1274.46	454.495
1273.49	474.969
1272.51	459.498
1271.54	436.332
1270.57	449.101
1269.59	474.696
1268.62	484.89
1267.64	446.343
1266.67	461.667
1265.69	428.263
1264.72	417.945
1263.74	456.341
1262.77	517.796
1261.79	428.017
1260.82	458.707
1259.84	427.894
1258.87	440.642
1257.89	443.141
1256.91	414.904
1255.94	507.033
1254.96	483.916
1253.98	437.766
1253.01	430.024
1252.03	427.403
1251.05	435.018
1250.08	434.956
1249.1	427.219
1248.12	457.851
1247.14	442.441
1246.17	442.377
1245.19	439.757
1244.21	457.588
1243.23	475.415
1242.25	424.234
1241.28	444.615
1240.3	449.661
1239.32	452.151
1238.34	406.111
1237.36	462.236
1236.38	413.654
1235.4	485.08
1234.42	426.299
1233.44	464.522
1232.46	408.313
1231.49	410.806
1230.51	456.668
1229.53	466.806
1228.54	420.83
1227.56	464.122
1226.58	448.757
1225.6	428.297
1224.62	435.883
1223.64	428.174
1222.66	430.661
1221.68	392.38
1220.7	435.632
1219.72	410.097
1218.74	453.334
1217.75	460.909
1216.77	412.467
1215.79	437.864
1214.81	412.348
1213.82	437.739
1212.84	445.309
1211.86	440.157
1210.88	440.094
1209.89	386.616
1208.91	427.251
1207.93	404.304
1206.94	442.383
1205.96	427.067
1204.98	414.297
1203.99	429.485
1203.01	401.473
1202.03	426.821
1201.04	408.978
1200.06	472.416
1199.07	426.637
1198.09	413.88
1197.1	469.673
1196.12	461.99
1195.13	380.706
1194.15	451.707
1193.16	456.716
1192.18	403.375
1191.19	479.414
1190.21	428.621
1189.22	420.951
1188.23	451.317
1187.25	425.9
1186.26	451.187
1185.28	420.709
1184.29	435.853
1183.3	420.588
1182.32	417.994
1181.33	407.802
1180.34	407.743
1179.35	420.346
1178.37	407.626
1177.38	475.917
1176.39	435.351
1175.4	427.696
1174.42	394.739
1173.43	445.283
1172.44	397.155
1171.45	394.569
1170.46	437.504
1169.47	460.198
1168.48	434.849
1167.5	444.898
1166.51	452.416
1165.52	452.351
1164.53	409.331
1163.54	424.431
1162.55	437
1161.56	401.578
1160.57	469.702
1159.58	416.611
1158.59	403.928
1157.6	446.781
1156.61	436.622
1155.62	426.465
1154.63	454.158
1153.64	512.115
1152.64	451.504
1151.65	459.005
1150.66	423.636
1149.67	426.096
1148.68	463.849
1147.69	400.768
1146.69	453.634
1145.7	468.688
1144.71	456.023
1143.72	463.514
1142.72	460.929
1141.73	435.679
1140.74	412.954
1139.75	453.176
1138.75	443.042
1137.76	465.63
1136.77	458.014
1135.77	442.85
1134.78	457.881
1133.79	485.486
1132.79	440.144
1131.8	442.595
1130.8	462.646
1129.81	465.093
1128.81	457.485
1127.82	492.605
1126.82	484.996
1125.83	442.212
1124.83	502.441
1123.84	457.155
1122.84	509.83
1121.85	477.112
1120.85	434.361
1119.86	487.016
1118.86	486.946
1117.86	524.521
1116.87	491.824
1115.87	421.503
1114.87	494.191
1113.88	511.677
1112.88	494.048
1111.88	488.962
1110.89	453.791
1109.89	503.861
1108.89	436.115
1107.89	526.27
1106.9	516.171
1105.9	460.98
1104.9	468.428
1103.9	473.37
1102.9	455.772
1101.91	485.752
1100.91	498.2
1099.91	475.599
1098.91	485.542
1097.91	507.994
1096.91	490.406
1095.91	545.373
1094.91	460.248
1093.91	495.195
1092.91	500.125
1091.91	435.046
1090.91	504.98
1089.91	517.405
1088.91	489.839
1087.91	489.769
1086.91	542.165
1085.91	487.129
1084.91	444.597
1083.91	541.931
1082.91	499.403
1081.91	494.337
1080.91	509.244
1079.9	519.154
1078.9	514.088
1077.9	461.614
1076.9	503.96
1075.9	461.481
1074.89	476.379
1073.89	503.741
1072.89	501.175
1071.89	491.13
1070.88	508.508
1069.88	493.481
1068.88	508.361
1067.87	520.746
1066.87	558.039
1065.87	552.977
1064.86	555.387
1063.86	527.915
1062.85	520.369
1061.85	537.72
1060.85	482.883
1059.84	532.587
1058.84	485.231
1057.83	549.849
1056.83	567.183
1055.82	507.406
1054.82	559.558
1053.81	527.152
1052.8	589.231
1051.8	546.886
1050.79	559.235
1049.79	554.184
1048.78	534.225
1047.78	568.93
1046.77	628.465
1045.76	603.537
1044.76	591.033
1043.75	581.015
1042.74	598.31
1041.73	613.117
1040.73	672.593
1039.72	732.053
1038.71	796.457
1037.7	828.593
1036.7	818.551
1035.69	810.992
1034.68	947.26
1033.67	937.206
1032.66	984.172
1031.65	1021.21
1030.65	1087.98
1029.64	1167.11
1028.63	1181.81
1027.62	1218.8
1026.61	1238.43
1025.6	1263.02
1024.59	1391.6
1023.58	1359.21
1022.57	1393.67
1021.56	1395.94
1020.55	1502.15
1019.54	1511.83
1018.53	1622.94
1017.52	1605.39
1016.51	1696.67
1015.5	1684.06
1014.49	1725.85
1013.47	1814.6
1012.46	1797.04
1011.45	1853.62
1010.44	1897.83
1009.43	1959.33
1008.42	2040.57
1007.4	2032.86
1006.39	2106.66
1005.38	2195.25
1004.37	2335.66
1003.35	2392.1
1002.34	2367.07
1001.33	2512.34
1000.32	2610.68
999.302	2760.8
998.289	2785.06
997.275	2974.58
996.261	3210.9
995.247	3346.05
994.233	3528
993.219	3847.95
992.205	4047.03
991.19	4315.06
990.176	4856.51
989.161	5097.24
988.146	5552.21
987.131	5632.68
986.116	6003.71
985.101	6263.83
984.085	6216.15
983.069	6390.01
982.054	6317.71
981.038	6346.32
980.022	6625.89
979.005	6568.35
977.989	6628.89
976.972	6416.42
975.956	6656.47
974.939	6510.45
973.922	6448.05
972.905	6611.79
971.888	6542.02
970.87	6396.1
969.853	6473.79
968.835	6396.7
967.817	6479.28
966.799	6412.03
965.781	6374.27
964.763	6474
963.744	6497.61
962.725	6486.85
961.707	6282.23
960.688	6232.24
959.669	6241.15
958.65	6306.47
957.63	6413.47
956.611	6130.54
955.591	6107.58
954.571	6319.97
953.551	6174.44
952.531	6305.88
951.511	6170.2
950.491	6264.85
949.47	6192.9
948.45	6343.86
947.429	6220.49
946.408	6378.75
945.387	6377.82
944.365	6389.14
943.344	6554.65
942.322	6460.7
941.301	6498.91
940.279	6316.92
939.257	6203.48
938.235	5818.59
937.212	5309.09
936.19	5017.35
935.167	4520.34
934.145	4128.58
933.122	3947.12
932.099	3538.45
931.075	3296.05
930.052	2982.87
929.029	2686.88
928.005	2373.88
926.981	2273.42
925.957	1967.89
924.933	1889.49
923.909	1733
922.885	1625.37
921.86	1573.89
920.835	1539.5
919.81	1488.05
918.785	1473.2
917.76	1446.16
916.735	1360.61
915.71	1372.6
914.684	1433.34
913.658	1340.51
912.632	1354.94
911.606	1327.94
910.58	1327.75
909.554	1320.25
908.527	1283.52
907.501	1314.99
906.474	1251.5
905.447	1307.31
904.42	1311.99
903.393	1277.72
902.366	1258.07
901.338	1311.41
900.31	1269.87
899.283	1250.22
898.255	1254.9
897.226	1283.9
896.198	1252.11
895.17	1346.73
894.141	1259.04
893.112	1229.69
892.084	1319.42
891.055	1212.33
890.025	1243.73
888.996	1241.12
887.967	1255.51
886.937	1291.75
885.907	1320.69
884.877	1250.11
883.847	1264.49
882.817	1213.34
881.787	1222.87
880.756	1212.99
879.726	1258.9
878.695	1244.16
877.664	1239.13
876.633	1156.52
875.601	1255.74
874.57	1199.81
873.538	1170.55
872.507	1192.19
871.475	1242.9
870.443	1247.56
869.411	1201.36
868.378	1215.71
867.346	1184.06
866.313	1220.2
865.281	1135.3
864.248	1169.02
863.215	1200.31
862.181	1156.58
861.148	1139.48
860.114	1226.39
859.081	1139.15
858.047	1182.51
857.013	1199.26
855.979	1160.41
854.945	1198.91
853.91	1179.4
852.876	1213.06
851.841	1162.15
850.806	1174.06
849.771	1193.21
848.736	1123
847.7	1185.62
846.665	1192.69
845.629	1187.68
844.594	1146.48
843.558	1247.67
842.522	1191.99
841.485	1206.29
840.449	1145.81
839.412	1234.88
838.376	1208.18
837.339	1208
836.302	1229.52
835.265	1229.34
834.227	1270.14
833.19	1166.33
832.152	1349.28
831.115	1286.44
830.077	1288.67
829.039	1307.74
828.001	1346.08
826.962	1254.39
825.924	1273.47
824.885	1290.13
823.846	1299.57
822.807	1309.01
821.768	1217.39
820.729	1332.68
819.69	1260.33
818.65	1301.03
817.61	1327.29
816.57	1307.86
815.53	1403.82
814.49	1355.55
813.45	1259.23
812.409	1259.04
811.369	1268.47
810.328	1217.84
809.287	1210.46
808.246	1200.68
807.205	1248.52
806.163	1188.32
805.122	1195.35
804.08	1199.98
803.038	1173.4
801.996	1178.03
800.954	1141.88
799.912	1172.89
798.869	1151.14
797.827	1179.74
796.784	1129.22
795.741	1078.72
794.698	1136.08
793.655	1068.82
792.612	1035.11
791.568	1130.79
790.524	1099.49
789.481	1118.49
788.437	1096.77
787.392	1008.02
786.348	1029.42
785.304	1081.93
784.259	990.827
783.214	1038.54
782.17	1021.64
781.124	1050.2
780.079	1002.21
779.034	994.886
777.988	985.176
776.943	1018.5
775.897	960.983
774.851	951.282
773.805	1006.11
772.759	1015.52
771.712	989.091
770.666	972.225
769.619	988.802
768.572	983.881
767.525	938.371
766.478	880.937
765.431	947.645
764.383	942.733
763.335	944.981
762.288	987.791
761.24	925.62
760.192	925.485
759.143	934.889
758.095	927.599
757.046	932.232
755.998	910.64
754.949	929.575
753.9	886.542
752.851	960.28
751.801	874.371
750.752	850.421
749.702	869.351
748.652	869.224
747.602	857.192
746.552	809.451
745.502	814.094
744.452	840.155
743.401	875.728
742.35	825.633
741.3	842.166
740.249	891.994
739.197	875.215
738.146	844.174
737.095	808.386
736.043	889.095
734.991	898.472
733.939	834.174
732.887	836.428
731.835	831.554
730.782	807.677
729.73	866.938
728.677	895.309
727.624	845.314
726.571	838.068
725.518	840.319
724.465	835.449
723.411	844.819
722.358	813.85
721.304	856.434
720.25	804.123
719.196	863.298
718.142	822.859
717.087	865.416
716.033	881.884
714.978	865.163
713.923	900.586
712.868	864.909
711.813	890.845
710.758	890.714
709.702	911.901
708.646	911.767
707.591	885.587
706.535	899.663
705.479	873.492
704.422	878.097
703.366	934.765
702.309	939.36
701.253	925.028
700.196	920.161
699.139	912.931
698.081	974.281
697.024	964.681
695.967	1014.18
694.909	1011.67
693.851	1018.61
692.793	1110.62
691.735	1101.01
690.677	1051.24
689.618	1081.79
688.56	1112.33
687.501	1164.12
686.442	1163.95
685.383	1182.66
684.324	1217.89
683.265	1229.51
682.205	1191.58
681.145	1236.23
680.086	1205.38
679.026	1261.81
677.965	1282.85
676.905	1280.31
675.845	1334.34
674.784	1348.29
673.723	1338.66
672.662	1366.74
671.601	1392.46
670.54	1354.56
669.479	1333.17
668.417	1344.75
667.355	1391.64
666.294	1370.25
665.232	1374.76
664.169	1301.59
663.107	1313.17
662.045	1348.27
660.982	1322.19
659.919	1317.29
658.856	1265.36
657.793	1286.34
656.73	1290.85
655.667	1267.15
654.603	1208.2
653.539	1271.48
652.475	1203.15
651.411	1212.37
650.347	1252.13
649.283	1223.76
648.218	1228.27
647.154	1209.31
646.089	1213.83
645.024	1171.39
643.959	1253.37
642.893	1210.94
641.828	1210.77
640.762	1262.2
639.697	1224.49
638.631	1245.41
637.565	1210.06
636.498	1266.15
635.432	1256.59
634.366	1298.6
633.299	1218.72
632.232	1209.17
631.165	1260.54
630.098	1274.41
629.03	1229.71
627.963	1302.14
626.895	1362.83
625.828	1449.25
624.76	1465.43
623.692	1521.39
622.623	1507.12
621.555	1574.76
620.486	1541.77
619.418	1536.87
618.349	1606.81
617.28	1571.49
616.21	1524.5
615.141	1575.71
614.072	1514.7
613.002	1521.49
611.932	1388.07
610.862	1348.14
609.792	1448.4
608.722	1345.41
607.651	1312.52
606.58	1288.97
605.51	1235.08
604.439	1234.9
603.368	1267.4
602.296	1155.19
601.225	1150.36
600.153	1255.17
599.082	1157.02
598.01	1168.51
596.938	1154.34
595.866	1109.87
594.793	1067.75
593.721	1074.58
592.648	1123.37
591.575	1076.6
590.502	1076.44
589.429	1094.92
588.356	1064.47
587.282	1094.59
586.209	1103.75
585.135	1073.32
584.061	1047.55
582.987	1063.69
581.913	1075.17
580.838	1114.57
579.764	1123.71
578.689	1135.18
577.614	1062.91
576.539	1139.49
575.464	1164.9
574.389	1255.4
573.313	1222.67
572.237	1273.62
571.162	1268.79
570.086	1263.95
569.009	1300.94
567.933	1368.11
566.857	1419
565.78	1365.38
564.703	1432.51
563.626	1467.12
562.549	1541.18
561.472	1536.31
560.394	1589.45
559.317	1621.7
558.239	1623.78
557.161	1644.41
556.083	1725.34
555.005	1952.31
553.927	1805.97
552.848	1984.19
551.769	2044.15
550.691	2124.96
549.612	2265.98
548.532	2395.37
547.453	2485.36
546.374	2610.05
545.294	2774.07
544.214	2808.39
543.134	3192.25
542.054	3295.94
540.974	3600.93
539.893	3755.43
538.813	4141.23
537.732	4580.13
536.651	4912.51
535.57	5415.91
534.489	6182.75
533.407	6905.45
532.326	7879.88
531.244	9161.41
530.162	10775.3
529.08	13102.7
527.998	16298
526.916	21261.6
525.833	29466.3
524.751	42737
523.668	68150.2
522.585	119339
521.502	146497
520.418	146475
519.335	146453
518.251	146432
517.167	112351
516.083	66087.1
514.999	41903.1
513.915	29372.4
512.831	21458.3
511.746	16819.8
510.661	13339.5
509.576	10924.9
508.491	8983.31
507.406	7873.92
506.321	6728.01
505.235	5808.12
504.149	5378.98
503.064	4735.84
501.978	4366.83
500.891	3984.11
499.805	3705.07
498.719	3564.16
497.632	3310.57
496.545	3218.07
495.458	3045.1
494.371	2961.87
493.284	2844.17
492.196	2715.01
491.108	2556.01
490.021	2461.4
488.933	2380.61
487.845	2444.59
486.756	2301.81
485.668	2278.5
484.579	2135.77
483.491	2146.94
482.402	1917.04
481.313	1958.07
480.223	1895.82
479.134	1794.56
478.044	1847.07
476.955	1748.15
475.865	1743.3
474.775	1649.01
473.684	1696.92
472.594	1579.74
471.504	1618.48
470.413	1579.27
469.322	1599.67
468.231	1539.85
467.14	1434.23
466.048	1452.35
464.957	1479.62
463.865	1396.96
462.774	1316.61
461.682	1252.31
460.589	1252.13
459.497	1267.96
458.405	1258.62
457.312	1212.67
456.219	1297.14
455.126	1258.06
454.033	1447.7
452.94	1388.03
451.846	1481.57
450.753	1536.21
449.659	1629.7
448.565	1634.03
447.471	1572.09
446.377	1617.55
445.282	1674.42
444.188	1747.26
443.093	1762.99
441.998	1835.8
440.903	1833.24
439.808	1794.17
438.713	1844.11
437.617	1903.17
436.521	2016.97
435.425	2078.27
434.329	2141.83
433.233	2116.42
432.137	2104.71
431.04	2093
429.944	2079.01
428.847	2167.59
427.75	2021.42
426.653	2037.07
425.555	2002.6
424.458	2000.02
423.36	2020.23
422.262	1969.83
421.164	1985.47
420.066	1996.56
418.968	1955.29
417.87	1929.97
416.771	2066.22
415.672	1904.37
414.573	1901.81
413.474	1933.38
412.375	1921.72
411.275	1939.62
410.176	1880.23
409.076	1929.96
407.976	2000.13
406.876	1965.75
405.776	1933.64
404.675	1906.1
403.575	1955.79
402.474	1935.06
401.373	1987
400.272	1923.13
399.171	1952.36
398.069	1890.78
396.968	2053.91
395.866	1942.41
394.764	2023.8
393.662	1930.5
392.56	2011.86
391.458	2025.17
390.355	2015.8
389.252	2092.59
388.149	2076.41
387.046	2039.84
385.943	2073.53
384.84	2080.02
383.736	1982.29
382.633	2108.85
381.529	2045.12
380.425	2067.46
379.321	2028.66
378.216	2184.57
377.112	2154.82
376.007	2188.44
374.902	2136.08
373.797	2058.84
372.692	2090.2
371.587	2248.21
370.481	2105.41
369.376	2200.06
368.27	2258.52
367.164	2194.89
366.058	2178.74
364.951	2221.36
363.845	2191.65
362.738	2229.73
361.632	2251.99
360.525	2256.17
359.417	2386.81
358.31	2300.66
357.203	2282.26
356.095	2392.52
354.987	2335.74
353.879	2290.27
352.771	2332.79
351.663	2382.07
350.555	2318.57
349.446	2433.23
348.337	2498.26
347.228	2389.68
346.119	2427.64
345.01	2416.01
343.9	2517.06
342.791	2444.59
341.681	2484.77
340.571	2482.15
339.461	2630.42
338.351	2596.25
337.24	2532.83
336.13	2489.68
335.019	2556.83
333.908	2610.46
332.797	2598.82
331.686	2697.43
330.574	2645.29
329.463	2683.13
328.351	2772.68
327.239	2776.77
326.127	2868.52
325.015	2868.1
323.902	2874.41
322.79	2889.72
321.677	2949.95
320.564	2958.5
319.451	3050.14
318.338	3083.38
317.225	3031.27
316.111	3158.79
314.997	3250.36
313.883	3290.27
312.769	3363.84
311.655	3491.23
310.541	3620.83
309.426	3669.63
308.312	3651.15
307.197	3832.24
306.082	4125.38
304.966	4425.15
303.851	4538.81
302.735	4690.52
301.62	4680.86
300.504	4660
299.388	4484.59
