3199.22	489.229
3198.51	453.777
3197.81	510.43
3197.1	474.918
3196.4	542.184
3195.69	556.282
3194.98	439.297
3194.28	456.948
3193.57	502.928
3192.87	499.318
3192.16	485.087
3191.45	435.457
3190.75	527.432
3190.04	513.203
3189.34	428.201
3188.63	498.909
3187.92	488.228
3187.22	470.474
3186.51	420.893
3185.8	470.346
3185.09	495.033
3184.39	449.004
3183.68	459.548
3182.97	441.813
3182.27	424.082
3181.56	438.158
3180.85	476.962
3180.14	487.495
3179.44	462.704
3178.73	487.362
3178.02	480.233
3177.31	473.106
3176.6	462.451
3175.89	476.506
3175.19	472.912
3174.48	423.446
3173.77	451.614
3173.06	416.274
3172.35	455.018
3171.64	440.848
3170.93	416.104
3170.23	468.934
3169.52	458.294
3168.81	444.132
3168.1	454.645
3167.39	429.915
3166.68	458.044
3165.97	493.211
3165.26	493.144
3164.55	401.505
3163.84	493.009
3163.13	429.563
3162.42	436.546
3161.71	454.086
3161	454.024
3160.29	397.657
3159.58	453.9
3158.87	429.211
3158.16	443.223
3157.45	488.886
3156.73	485.302
3156.02	534.463
3155.31	457.044
3154.6	488.619
3153.89	456.919
3153.18	432.257
3152.47	463.822
3151.76	425.112
3151.04	467.208
3150.33	428.508
3149.62	484.64
3148.91	463.505
3148.2	424.822
3147.48	491.462
3146.77	515.965
3146.06	442.195
3145.35	466.698
3144.63	456.108
3143.92	466.57
3143.21	445.461
3142.5	483.978
3141.78	438.326
3141.07	483.846
3140.36	431.195
3139.64	448.662
3138.93	466.124
3138.22	483.582
3137.5	451.982
3136.79	448.417
3136.08	420.333
3135.36	483.317
3134.65	434.226
3133.93	423.662
3133.22	430.606
3132.51	458.551
3131.79	475.987
3131.08	419.932
3130.36	416.375
3129.65	451.303
3128.93	398.771
3128.22	479.16
3127.5	419.645
3126.79	426.581
3126.07	450.995
3125.36	447.438
3124.64	433.396
3123.93	450.81
3123.21	464.725
3122.5	433.218
3121.78	492.544
3121.07	440.085
3120.35	474.948
3119.63	474.883
3118.92	450.379
3118.2	478.244
3117.49	429.314
3116.77	457.174
3116.05	478.048
3115.34	408.204
3114.62	432.567
3113.9	435.996
3113.19	467.324
3112.47	470.747
3111.75	453.25
3111.03	484.563
3110.32	463.583
3109.6	449.579
3108.88	466.941
3108.17	463.393
3107.45	459.846
3106.73	466.75
3106.01	473.651
3105.29	452.693
3104.58	497.894
3103.86	452.569
3103.14	459.469
3102.42	452.446
3101.7	396.706
3100.98	407.09
3100.27	448.781
3099.55	445.241
3098.83	448.658
3098.11	504.237
3097.39	483.306
3096.67	455.428
3095.95	465.793
3095.23	486.583
3094.51	427.44
3093.79	462.128
3093.07	486.384
3092.35	420.317
3091.63	503.617
3090.91	420.202
3090.19	402.783
3089.47	416.616
3088.75	444.329
3088.03	478.977
3087.31	485.852
3086.59	430.267
3085.87	475.311
3085.15	437.088
3084.43	419.685
3083.71	468.18
3082.99	381.428
3082.27	474.986
3081.55	422.923
3080.83	471.39
3080.1	436.669
3079.38	467.796
3078.66	471.197
3077.94	436.49
3077.22	450.286
3076.5	436.371
3075.77	418.997
3075.05	391.241
3074.33	460.425
3073.61	512.282
3072.89	456.838
3072.16	442.934
3071.44	487.853
3070.72	460.11
3070	529.227
3069.27	421.94
3068.55	484.128
3067.83	487.519
3067.1	522.024
3066.38	428.623
3065.66	459.67
3064.93	435.417
3064.21	480.275
3063.49	438.753
3062.76	462.873
3062.04	493.894
3061.31	490.373
3060.59	445.418
3059.87	476.429
3059.14	428.037
3058.42	414.173
3057.69	445.175
3056.97	469.267
3056.24	458.853
3055.52	479.488
3054.79	472.524
3054.07	500.048
3053.34	406.88
3052.62	448.196
3051.89	451.582
3051.17	503.221
3050.44	485.921
3049.72	444.505
3048.99	437.554
3048.27	468.498
3047.54	454.656
3046.81	451.15
3046.09	440.758
3045.36	513
3044.64	457.85
3043.91	495.649
3043.18	505.906
3042.46	505.837
3041.73	471.362
3041	412.815
3040.28	484.991
3039.55	460.851
3038.82	484.859
3038.1	464.163
3037.37	440.035
3036.64	460.599
3035.91	426.167
3035.19	512.018
3034.46	467.281
3033.73	494.701
3033	456.849
3032.28	463.655
3031.55	449.856
3030.82	453.228
3030.09	460.032
3029.36	483.997
3028.63	480.499
3027.91	408.368
3027.18	490.661
3026.45	548.916
3025.72	476.805
3024.99	507.608
3024.26	497.251
3023.53	459.465
3022.8	455.974
3022.07	493.619
3021.34	469.559
3020.62	493.484
3019.89	479.71
3019.16	455.662
3018.43	407.642
3017.7	472.663
3016.97	441.777
3016.24	465.685
3015.51	469.045
3014.78	468.981
3014.05	465.494
3013.31	482.542
3012.58	492.741
3011.85	455.039
3011.12	502.869
3010.39	513.061
3009.66	454.852
3008.93	533.438
3008.2	492.337
3007.47	499.106
3006.74	485.366
3006	478.464
3005.27	474.981
3004.54	519.333
3003.81	512.43
3003.08	474.786
3002.35	467.891
3001.61	464.412
3000.88	481.42
3000.15	522.321
2999.42	477.875
2998.68	460.745
2997.95	518.694
2997.22	477.679
2996.49	511.729
2995.75	494.603
2995.02	562.747
2994.29	508.108
2993.55	484.171
2992.82	504.56
2992.09	507.9
2991.35	514.647
2990.62	511.168
2989.89	524.728
2989.15	538.283
2988.42	517.771
2987.68	493.859
2986.95	493.791
2986.22	541.393
2985.48	517.488
2984.75	503.8
2984.01	466.292
2983.28	554.709
2982.54	541.023
2981.81	557.96
2981.07	568.088
2980.34	595.221
2979.6	506.719
2978.87	554.254
2978.13	567.777
2977.4	598.294
2976.66	547.228
2975.93	577.739
2975.19	601.446
2974.45	570.786
2973.72	574.105
2972.98	540.06
2972.25	611.305
2971.51	522.934
2970.77	546.629
2970.04	539.765
2969.3	543.085
2968.56	576.949
2967.83	536.149
2967.09	624.291
2966.35	539.395
2965.62	569.849
2964.88	607.077
2964.14	569.693
2963.4	596.739
2962.67	559.366
2961.93	576.238
2961.19	620.218
2960.45	599.801
2959.72	542.119
2958.98	579.31
2958.24	589.392
2957.5	613.02
2956.76	609.549
2956.03	582.378
2955.29	609.382
2954.55	578.834
2953.81	622.753
2953.07	602.364
2952.33	649.652
2951.59	649.563
2950.85	632.56
2950.12	615.562
2949.38	557.988
2948.64	605.25
2947.9	669.403
2947.16	665.931
2946.42	628.66
2945.68	662.369
2944.94	658.899
2944.2	689.215
2943.46	604.67
2942.72	614.72
2941.98	597.75
2941.24	705.721
2940.5	604.338
2939.76	651.516
2939.02	668.303
2938.28	654.712
2937.53	715.36
2936.79	661.28
2936.05	640.949
2935.31	650.98
2934.57	657.636
2933.83	613.709
2933.09	643.969
2932.35	616.912
2931.6	647.164
2930.86	647.075
2930.12	586.331
2929.38	680.59
2928.64	646.809
2927.89	683.772
2927.15	649.999
2926.41	686.952
2925.67	656.555
2924.92	656.465
2924.18	730.428
2923.44	740.424
2922.7	693.211
2921.95	635.917
2921.21	666.108
2920.47	642.47
2919.72	628.929
2918.98	719.639
2918.24	659.018
2917.49	662.29
2916.75	631.946
2916	736.049
2915.26	648.575
2914.52	624.966
2913.77	634.959
2913.03	675.181
2912.28	644.861
2911.54	644.773
2910.79	597.676
2910.05	624.452
2909.31	694.859
2908.56	610.855
2907.82	627.551
2907.07	671.086
2906.33	677.704
2905.58	667.547
2904.83	630.561
2904.09	627.121
2903.34	640.448
2902.6	647.065
2901.85	663.737
2901.11	606.667
2900.36	643.448
2899.61	653.412
2898.87	633.22
2898.12	659.933
2897.38	629.697
2896.63	649.705
2895.88	619.479
2895.14	595.957
2894.39	636.047
2893.64	696.208
2892.89	622.486
2892.15	632.439
2891.4	692.576
2890.65	659.028
2889.91	598.73
2889.16	591.959
2888.41	632.005
2887.66	585.11
2886.92	585.03
2886.17	645.116
2885.42	588.211
2884.67	631.572
2883.92	648.191
2883.17	581.288
2882.43	661.375
2881.68	667.963
2880.93	581.049
2880.18	667.78
2879.43	617.612
2878.68	624.203
2877.93	624.118
2877.18	617.358
2876.43	647.303
2875.69	680.575
2874.94	610.432
2874.19	643.701
2873.44	620.269
2872.69	650.193
2871.94	686.776
2871.19	640.014
2870.44	669.923
2869.69	636.506
2868.94	629.755
2868.19	682.974
2867.44	629.582
2866.68	666.133
2865.93	646.06
2865.18	592.696
2864.43	649.212
2863.68	642.466
2862.93	615.75
2862.18	625.65
2861.43	595.617
2860.68	622.151
2859.92	608.759
2859.17	675.198
2858.42	645.174
2857.67	645.086
2856.92	664.946
2856.17	668.179
2855.41	671.411
2854.66	671.319
2853.91	631.352
2853.16	641.232
2852.4	651.11
2851.65	614.484
2850.9	684.142
2850.15	630.918
2849.39	673.994
2848.64	680.541
2847.89	640.616
2847.13	617.297
2846.38	657.032
2845.63	726.618
2844.87	663.487
2844.12	636.86
2843.37	679.887
2842.61	646.633
2841.86	659.807
2841.1	646.456
2840.35	732.549
2839.59	672.792
2838.84	682.641
2838.09	642.787
2837.33	722.208
2836.58	708.86
2835.82	652.459
2835.07	622.565
2834.31	695.323
2833.56	678.675
2832.8	652.1
2832.05	714.895
2831.29	728.034
2830.53	708.081
2829.78	701.367
2829.02	740.966
2828.27	664.793
2827.51	677.93
2826.76	704.289
2826	704.192
2825.24	717.318
2824.49	730.44
2823.73	736.949
2822.97	756.673
2822.22	703.709
2821.46	759.769
2820.7	680.395
2819.95	752.955
2819.19	703.322
2818.43	680.115
2817.67	749.344
2816.92	706.333
2816.16	768.939
2815.4	749.035
2814.64	752.232
2813.89	801.611
2813.13	709.146
2812.37	791.497
2811.61	784.793
2810.85	778.091
2810.1	781.281
2809.34	774.581
2808.58	764.588
2807.82	761.188
2807.06	777.557
2806.3	777.45
2805.54	780.637
2804.78	806.877
2804.02	763.958
2803.27	763.853
2802.51	753.872
2801.75	763.643
2800.99	773.412
2800.23	799.631
2799.47	868.615
2798.71	845.468
2797.95	815.748
2797.19	809.058
2796.43	802.37
2795.67	769.38
2794.91	821.874
2794.15	844.771
2793.38	913.673
2792.62	867.542
2791.86	834.566
2791.1	873.874
2790.34	857.33
2789.58	876.918
2788.82	791.416
2788.06	843.843
2787.3	925.801
2786.53	853.458
2785.77	840.213
2785.01	922.138
2784.25	879.356
2783.49	875.954
2782.72	849.592
2781.96	947.87
2781.2	928.063
2780.44	996.793
2779.67	993.377
2778.91	970.295
2778.15	888.222
2777.39	953.642
2776.62	927.298
2775.86	920.618
2775.1	1005.66
2774.33	982.596
2773.57	966.087
2772.81	1037.99
2772.04	965.821
2771.28	1031.16
2770.52	1057.2
2769.75	1076.69
2768.99	1102.72
2768.22	1086.21
2767.46	1190.74
2766.7	1099
2765.93	1102.11
2765.17	1186.98
2764.4	1173.74
2763.64	1216.08
2762.87	1196.3
2762.11	1147.11
2761.34	1254.79
2760.58	1267.68
2759.81	1326.31
2759.05	1277.13
2758.28	1348.81
2757.52	1296.37
2756.75	1348.44
2755.98	1358.04
2755.22	1318.69
2754.45	1491.48
2753.69	1419.48
2752.92	1422.55
2752.15	1543.06
2751.39	1614.61
2750.62	1669.83
2749.85	1552.21
2749.09	1672.63
2748.32	1770.2
2747.55	1756.92
2746.79	1805.57
2746.02	1906.34
2745.25	1850.69
2744.48	2029.61
2743.72	1960.93
2742.95	2048.59
2742.18	2149.26
2741.41	2204.32
2740.65	2249.59
2739.88	2219.99
2739.11	2434.49
2738.34	2388.6
2737.57	2554.21
2736.8	2579.89
2736.04	2595.79
2735.27	2738.54
2734.5	2796.7
2733.73	2838.59
2732.96	2851.2
2732.19	2977.59
2731.42	3016.18
2730.65	3129.5
2729.88	3213.56
2729.11	3281.34
2728.34	3339.36
2727.57	3533.78
2726.8	3594.99
2726.03	3539.3
2725.26	3710.88
2724.49	3846.71
2723.72	3885.13
2722.95	4033.88
2722.18	4159.87
2721.41	4023.03
2720.64	4155.48
2719.87	4385.2
2719.1	4271.09
2718.33	4610.97
2717.56	4474.17
2716.79	4593.5
2716.02	4596.1
2715.24	4598.71
2714.47	4721.21
2713.7	4850.16
2712.93	4924
2712.16	4913.61
2711.39	4851.4
2710.61	4863.68
2709.84	5002.23
2709.07	4978.88
2708.3	4997.62
2707.52	4890.13
2706.75	5177.45
2705.98	5095.85
2705.21	5137.21
2704.43	5246.48
2703.66	5080.81
2702.89	5148.02
2702.11	5202.28
2701.34	5250.05
2700.57	5265.49
2699.79	5151.65
2699.02	5283.43
2698.25	5276.24
2697.47	5155.99
2696.7	5071.29
2695.92	5212.7
2695.15	5144.17
2694.38	5130.54
2693.6	5100.78
2692.83	5164.64
2692.05	5118.74
2691.28	5272.93
2690.5	5068.94
2689.73	5087.59
2688.95	5203.02
2688.18	5089.42
2687.4	5037.12
2686.63	5149.28
2685.85	4945.46
2685.08	5102.73
2684.3	5034.35
2683.53	5033.65
2682.75	4775.19
2681.97	4777.75
2681.2	4828.64
2680.42	4966.46
2679.64	4746.8
2678.87	4627.01
2678.09	4874.27
2677.32	4822.09
2676.54	4728.09
2675.76	4592.28
2674.98	4572.34
2674.21	4661.79
2673.43	4622.55
2672.65	4483.61
2671.88	4521.58
2671.1	4405.2
2670.32	4327.43
2669.54	4532.57
2668.77	4316.6
2667.99	4226.02
2667.21	4161.17
2666.43	4154.17
2665.65	4050.8
2664.87	4226.9
2664.1	4149.24
2663.32	4065.19
2662.54	3984.36
2661.76	4028.75
2660.98	3870.92
2660.2	3674.62
2659.42	3728.67
2658.64	3814.78
2657.86	3499.87
2657.09	3425.62
2656.31	3582.29
2655.53	3379.78
2654.75	3289.54
2653.97	3391.67
2653.19	3288.64
2652.41	3214.47
2651.63	3249.28
2650.85	3165.53
2650.07	3024.14
2649.28	2975.67
2648.5	3052.13
2647.72	3077.32
2646.94	2897.6
2646.16	2865.19
2645.38	2752.76
2644.6	2707.58
2643.82	2684.8
2643.04	2610.84
2642.26	2511.31
2641.47	2610.12
2640.69	2580.98
2639.91	2430.33
2639.13	2436.39
2638.35	2503.19
2637.56	2288.68
2636.78	2413.01
2636	2304.02
2635.22	2198.27
2634.44	2229.91
2633.65	2290.29
2632.87	2251.65
2632.09	2190.67
2631.3	2107.35
2630.52	2119.83
2629.74	2081.23
2628.95	2001.15
2628.17	2000.88
2627.39	2006.98
2626.6	2035.42
2625.82	1949.01
2625.04	1935.98
2624.25	1887.88
2623.47	1807.91
2622.68	1807.66
2621.9	1887.1
2621.12	1835.85
2620.33	1739.99
2619.55	1701.51
2618.76	1745.88
2617.98	1656.45
2617.19	1732.66
2616.41	1697.39
2615.62	1697.16
2614.84	1620.51
2614.05	1492.96
2613.27	1495.93
2612.48	1492.55
2611.69	1482.79
2610.91	1504.86
2610.12	1517.38
2609.34	1539.43
2608.55	1507.42
2607.76	1434.07
2606.98	1494.28
2606.19	1405.07
2605.4	1373.09
2604.62	1404.68
2603.83	1321.87
2603.04	1321.69
2602.26	1308.8
2601.47	1251.45
2600.68	1289.38
2599.9	1295.56
2599.11	1231.88
2598.32	1225.36
2597.53	1260.1
2596.75	1218.67
2595.96	1208.99
2595.17	1173.92
2594.38	1195.96
2593.59	1208.49
2592.81	1179.78
2592.02	1182.78
2591.23	1119.21
2590.44	1071.5
2589.65	1150.6
2588.86	1102.9
2588.07	1118.59
2587.28	1077.25
2586.5	1096.11
2585.71	1057.95
2584.92	1041.96
2584.13	1086.15
2583.34	1076.51
2582.55	1076.36
2581.76	1031.89
2580.97	1000.1
2580.18	936.676
2579.39	984.006
2578.6	964.889
2577.81	990.061
2577.02	955.135
2576.23	923.38
2575.44	961.195
2574.64	847.252
2573.85	904.032
2573.06	944.994
2572.27	913.263
2571.48	2657.26
2570.69	5500.18
2569.9	903.408
2569.11	874.858
2568.31	906.317
2567.52	899.877
2566.73	953.422
2565.94	950.133
2565.15	927.909
2564.35	924.625
2563.56	902.411
2562.77	895.976
2561.98	886.389
2561.18	861.035
2560.39	908.219
2559.6	854.491
2558.81	895.358
2558.01	885.777
2557.22	816.316
2556.43	847.716
2555.63	831.845
2554.84	844.332
2554.05	844.215
2553.25	784.256
2552.46	837.684
2551.66	843.865
2550.87	834.304
2550.08	786.97
2549.28	827.779
2548.49	808.782
2547.69	887.335
2546.9	792.828
2546.1	732.95
2545.31	767.447
2544.51	845.962
2543.72	776.668
2542.92	808
2542.13	807.889
2541.33	829.779
2540.54	807.665
2539.74	779.274
2538.95	791.733
2538.15	785.341
2537.35	807.219
2536.56	775.703
2535.76	819.556
2534.97	747.232
2534.17	841.304
2533.37	812.939
2532.58	772.028
2531.78	778.198
2530.98	793.777
2530.19	759.16
2529.39	737.099
2528.59	802.857
2527.79	840.374
2527	765.011
2526.2	736.692
2525.4	764.8
2524.6	792.9
2523.81	777.123
2523.01	679.888
2522.21	764.377
2521.41	773.668
2520.61	726.584
2519.82	770.323
2519.02	742.038
2518.22	823.329
2517.42	738.702
2516.62	726.082
2515.82	772.92
2515.02	754.04
2514.22	744.551
2513.42	763.215
2512.63	747.472
2511.83	781.767
2511.03	784.785
2510.23	812.813
2509.43	712.676
2508.63	728.204
2507.83	743.728
2507.03	759.247
2506.23	746.646
2505.43	734.048
2504.63	758.932
2503.83	796.3
2503.02	830.536
2502.22	705.545
2501.42	736.662
2500.62	752.166
2499.82	739.579
2499.02	833.082
2498.22	820.487
2497.42	789.181
2496.61	754.764
2495.81	770.252
2495.01	735.848
2494.21	773.157
2493.41	660.833
2492.61	760.476
2491.8	732.324
2491	744.686
2490.2	797.545
2489.4	797.435
2488.59	772.408
2487.79	878.181
2486.99	793.99
2486.18	740.955
2485.38	700.386
2484.58	784.324
2483.77	812.223
2482.97	743.657
2482.17	827.554
2481.36	802.554
2480.56	805.553
2479.76	768.124
2478.95	789.783
2478.15	792.783
2477.34	808.216
2476.54	860.941
2475.73	807.992
2474.93	876.239
2474.13	782.914
2473.32	835.614
2472.52	903.829
2471.71	832.277
2470.91	875.633
2470.1	922.082
2469.3	894.016
2468.49	844.232
2467.68	887.562
2466.88	871.924
2466.07	905.931
2465.27	887.193
2464.46	930.494
2463.65	948.972
2462.85	942.639
2462.04	970.412
2461.24	923.779
2460.43	954.646
2459.62	908.027
2458.82	880.014
2458.01	926.365
2457.2	864.281
2456.39	981.861
2455.59	938.368
2454.78	963.01
2453.97	990.742
2453.16	941.074
2452.36	947.134
2451.55	903.676
2450.74	968.533
2449.93	946.741
2449.13	958.984
2448.32	1017.62
2447.51	998.923
2446.7	915.295
2445.89	1004.83
2445.08	961.411
2444.27	945.824
2443.46	924.059
2442.66	1022.81
2441.85	1028.85
2441.04	960.746
2440.23	954.435
2439.42	932.684
2438.61	978.874
2437.8	975.651
2436.99	941.558
2436.18	944.514
2435.37	1018.45
2434.56	953.51
2433.75	1021.26
2432.94	879.207
2432.13	971.621
2431.32	888.216
2430.51	980.603
2429.7	894.136
2428.88	894.013
2428.07	909.301
2427.26	822.88
2426.45	909.049
2425.64	834.976
2424.83	902.635
2424.02	936.393
2423.21	859.268
2422.39	812.958
2421.58	806.687
2420.77	815.811
2419.96	818.776
2419.14	790.964
2418.33	837.013
2417.52	809.205
2416.71	812.17
2415.89	778.221
2415.08	762.736
2414.27	784.156
2413.46	765.599
2412.64	753.196
2411.83	740.796
2411.02	691.519
2410.2	719.08
2409.39	722.053
2408.57	697.376
2407.76	731.068
2406.95	730.966
2406.13	712.44
2405.32	681.637
2404.5	666.192
2403.69	644.613
2402.88	690.561
2402.06	675.121
2401.25	690.369
2400.43	671.866
2399.62	726.987
2398.8	644.077
2397.99	561.189
2397.17	613.236
2396.35	567.165
2395.54	591.609
2394.72	649.76
2393.91	597.574
2393.09	664.9
2392.28	612.726
2391.46	637.147
2390.64	655.435
2389.83	609.409
2389.01	597.077
2388.19	587.809
2387.38	547.934
2386.56	630.496
2385.74	590.625
2384.93	596.663
2384.11	614.936
2383.29	617.91
2382.47	578.063
2381.66	593.274
2380.84	663.518
2380.02	565.594
2379.2	593.027
2378.39	568.493
2377.57	574.526
2376.75	562.224
2375.93	614.084
2375.11	574.287
2374.29	586.425
2373.48	540.535
2372.66	546.567
2371.84	583.128
2371.02	647.151
2370.2	604.331
2369.38	595.092
2368.56	567.548
2367.74	579.672
2366.92	555.188
2366.1	622.212
2365.28	533.687
2364.46	594.597
2363.64	588.417
2362.82	539.561
2362	597.397
2361.18	597.314
2360.36	624.655
2359.54	569.728
2358.72	594.019
2357.9	520.837
2357.08	578.627
2356.26	554.187
2355.44	611.957
2354.62	563.166
2353.79	566.131
2352.97	581.269
2352.15	562.931
2351.33	578.065
2350.51	574.943
2349.69	608.321
2348.86	599.113
2348.04	553.418
2347.22	553.342
2346.4	559.345
2345.57	577.504
2344.75	534.877
2343.93	546.957
2343.11	549.919
2342.28	565.032
2341.46	580.14
2340.64	540.579
2339.81	522.285
2338.99	558.646
2338.17	594.997
2337.34	519.032
2336.52	558.413
2335.7	582.611
2334.87	582.53
2334.05	482.341
2333.22	536.871
2332.4	621.713
2331.57	697.435
2330.75	660.955
2329.93	630.549
2329.1	581.964
2328.28	603.098
2327.45	584.833
2326.63	581.722
2325.8	572.553
2324.97	554.299
2324.15	551.194
2323.32	502.667
2322.5	566.179
2321.67	547.937
2320.85	520.619
2320.02	547.785
2319.19	590.073
2318.37	526.453
2317.54	484.028
2316.71	559.579
2315.89	589.745
2315.06	544.304
2314.23	495.853
2313.41	547.176
2312.58	565.236
2311.75	544.002
2310.93	528.817
2310.1	522.701
2309.27	498.46
2308.44	552.761
2307.62	579.865
2306.79	522.41
2305.96	552.531
2305.13	543.397
2304.3	537.285
2303.47	510.048
2302.65	558.259
2301.82	564.215
2300.99	549.053
2300.16	555.009
2299.33	542.869
2298.5	536.762
2297.67	566.838
2296.84	587.862
2296.01	530.51
2295.19	560.574
2294.36	518.309
2293.53	557.406
2292.7	524.19
2291.87	536.165
2291.04	496.938
2290.21	529.994
2289.38	563.04
2288.54	547.909
2287.71	523.752
2286.88	529.699
2286.05	553.699
2285.22	532.56
2284.39	571.595
2283.56	514.364
2282.73	541.361
2281.9	517.228
2281.07	565.264
2280.23	517.085
2279.4	562.101
2278.57	550.001
2277.74	531.894
2276.91	582.899
2276.07	558.784
2275.24	534.676
2274.41	507.571
2273.58	522.515
2272.74	495.42
2271.91	495.351
2271.08	543.309
2270.25	549.236
2269.41	534.156
2268.58	579.088
2267.75	579.008
2266.91	539.932
2266.08	566.85
2265.25	530.785
2264.41	530.711
2263.58	518.646
2262.74	518.574
2261.91	557.464
2261.08	515.433
2260.24	500.379
2259.41	521.281
2258.57	563.145
2257.74	506.161
2256.9	577.961
2256.07	526.979
2255.23	517.924
2254.4	562.753
2253.56	520.773
2252.73	550.626
2251.89	586.455
2251.06	505.597
2250.22	526.466
2249.38	517.42
2248.55	523.329
2247.71	517.276
2246.88	585.965
2246.04	541.046
2245.2	496.138
2244.37	514
2243.53	570.699
2242.69	507.881
2241.86	564.566
2241.02	540.594
2240.18	564.409
2239.34	519.542
2238.51	498.572
2237.67	510.442
2236.83	492.463
2235.99	510.3
2235.16	519.18
2234.32	486.291
2233.48	551.849
2232.64	510.016
2231.8	560.641
2230.97	545.655
2230.13	497.878
2229.29	530.598
2228.45	530.524
2227.61	521.51
2226.77	566.132
2225.93	482.635
2225.09	500.441
2224.25	577.809
2223.41	491.367
2222.57	544.895
2221.73	583.522
2220.89	514.976
2220.05	488.117
2219.21	532.688
2218.37	523.687
2217.53	541.465
2216.69	514.617
2215.85	571.056
2215.01	535.291
2214.17	499.535
2213.33	570.818
2212.49	549.93
2211.65	499.326
2210.81	576.523
2209.97	517.015
2209.12	511.001
2208.28	490.136
2207.44	558.381
2206.6	519.697
2205.76	531.501
2204.92	525.49
2204.07	516.511
2203.23	501.599
2202.39	525.27
2201.55	474.754
2200.7	539.957
2199.86	605.143
2199.02	480.487
2198.17	510.076
2197.33	533.726
2196.49	554.405
2195.64	539.506
2194.8	536.467
2193.96	509.721
2193.11	518.539
2192.27	533.28
2191.43	524.319
2190.58	562.75
2189.74	562.671
2188.89	553.71
2188.05	547.711
2187.2	482.511
2186.36	485.403
2185.52	523.807
2184.67	538.529
2183.83	520.703
2182.98	547.253
2182.14	458.445
2181.29	535.271
2180.44	555.895
2179.6	526.253
2178.75	555.74
2177.91	484.727
2177.06	543.764
2176.22	555.507
2175.37	570.202
2174.52	496.272
2173.68	561.182
2172.83	555.197
2171.98	549.214
2171.14	549.138
2170.29	501.83
2169.44	489.954
2168.6	534.152
2167.75	463.261
2166.9	528.103
2166.05	560.478
2165.21	522.056
2164.36	575.067
2163.51	507.168
2162.66	486.459
2161.81	521.765
2160.97	539.377
2160.12	568.772
2159.27	515.654
2158.42	530.312
2157.57	506.672
2156.72	506.602
2155.87	550.705
2155.02	532.961
2154.18	547.607
2153.33	473.938
2152.48	500.362
2151.63	517.949
2150.78	485.509
2149.93	561.936
2149.08	570.682
2148.23	541.19
2147.38	511.706
2146.53	529.277
2145.68	517.443
2144.83	535.009
2143.98	546.691
2143.13	523.104
2142.28	467.202
2141.42	555.276
2140.57	522.885
2139.72	534.561
2138.87	540.359
2138.02	499.175
2137.17	504.978
2136.32	546.004
2135.46	537.123
2134.61	525.309
2133.76	539.907
2132.91	513.427
2132.06	557.357
2131.2	472.221
2130.35	560.134
2129.5	519.004
2128.65	589.295
2127.79	562.83
2126.94	521.718
2126.09	498.2
2125.23	506.921
2124.38	477.553
2123.53	568.296
2122.67	559.43
2121.82	497.852
2120.97	532.92
2120.11	515.28
2119.26	483.007
2118.4	500.501
2117.55	556.035
2116.7	555.957
2115.84	561.731
2114.99	547.026
2114.13	579.123
2113.28	549.797
2112.42	514.632
2111.57	499.942
2110.71	543.721
2109.86	520.262
2109	490.965
2108.15	531.805
2107.29	528.809
2106.43	549.183
2105.58	557.869
2104.72	516.905
2103.87	484.714
2103.01	554.715
2102.15	513.77
2101.3	542.885
2100.44	569.074
2099.58	545.651
2098.73	495.977
2097.87	539.665
2097.01	548.339
2096.15	536.597
2095.3	551.102
2094.44	501.462
2093.58	553.863
2092.72	524.639
2091.87	556.622
2091.01	568.2
2090.15	527.332
2089.29	527.258
2088.43	533.01
2087.58	573.706
2086.72	515.39
2085.86	524.052
2085	558.911
2084.14	547.19
2083.28	465.629
2082.42	561.586
2081.56	599.329
2080.7	532.339
2079.84	564.259
2078.98	555.456
2078.12	578.64
2077.26	502.968
2076.4	537.781
2075.54	572.584
2074.68	595.753
2073.82	514.31
2072.96	549.101
2072.1	543.215
2071.24	569.279
2070.38	577.912
2069.52	537.18
2068.66	484.846
2067.8	505.098
2066.94	505.027
2066.07	560.095
2065.21	560.017
2064.35	525.124
2063.49	574.364
2062.63	542.379
2061.77	533.603
2060.9	533.529
2060.04	550.849
2059.18	530.481
2058.32	533.305
2057.45	521.638
2056.59	573.722
2055.73	515.698
2054.86	521.419
2054	544.517
2053.14	567.609
2052.28	570.425
2051.41	544.288
2050.55	596.318
2049.68	555.713
2048.82	564.317
2047.96	581.6
2047.09	541.014
2046.23	558.295
2045.36	592.925
2044.5	569.706
2043.63	621.674
2042.77	534.854
2041.91	595.483
2041.04	554.936
2040.17	603.986
2039.31	618.349
2038.44	592.261
2037.58	597.955
2036.71	580.542
2035.85	583.348
2034.98	516.855
2034.12	545.653
2033.25	545.577
2032.38	594.567
2031.52	525.223
2030.65	513.608
2029.78	623.167
2028.92	568.272
2028.05	579.729
2027.18	608.486
2026.32	542.082
2025.45	585.252
2024.58	599.583
2023.72	579.323
2022.85	602.297
2021.98	573.398
2021.11	564.675
2020.24	530.029
2019.38	561.636
2018.51	636.432
2017.64	572.997
2016.77	570.037
2015.9	592.986
2015.03	615.928
2014.17	549.653
2013.3	558.208
2012.43	627.177
2011.56	589.694
2010.69	629.878
2009.82	563.647
2008.95	592.321
2008.08	595.113
2007.21	603.654
2006.34	592.072
2005.47	620.727
2004.6	554.553
2003.73	591.824
2002.86	614.721
2001.99	623.251
2001.12	603.062
2000.25	597.234
1999.38	591.409
1998.51	565.491
1997.64	582.633
1996.77	614.118
1995.89	591.077
1995.02	588.125
1994.15	633.939
1993.28	550.675
1992.41	556.333
1991.54	599.265
1990.66	650.785
1989.79	570.432
1988.92	590.414
1988.05	601.794
1987.17	567.327
1986.3	578.706
1985.43	607.27
1984.56	595.729
1983.68	641.464
1982.81	546.886
1981.94	606.929
1981.06	615.432
1980.19	566.69
1979.32	575.196
1978.44	626.618
1977.57	595.06
1976.7	560.651
1975.82	600.614
1974.95	574.792
1974.07	606.164
1973.2	503.16
1972.32	577.409
1971.45	625.915
1970.57	571.532
1969.7	582.88
1968.82	617.081
1967.95	551.296
1967.07	585.491
1966.2	588.265
1965.32	576.761
1964.45	565.261
1963.57	582.308
1962.69	590.788
1961.82	593.559
1960.94	576.356
1960.07	601.951
1959.19	570.49
1958.31	627.451
1957.44	593.143
1956.56	553.142
1955.68	584.424
1954.81	615.697
1953.93	561.459
1953.05	598.426
1952.17	581.246
1951.3	615.351
1950.42	680.779
1949.54	609.482
1948.66	523.967
1947.78	572.297
1946.91	529.514
1946.03	569.289
1945.15	614.746
1944.27	608.969
1943.39	634.49
1942.51	597.418
1941.64	523.379
1940.76	500.553
1939.88	617.072
1939	611.299
1938.12	574.256
1937.24	591.23
1936.36	602.515
1935.48	591.064
1934.6	576.775
1933.72	579.535
1932.84	607.858
1931.96	619.132
1931.08	570.771
1930.2	579.209
1929.32	576.289
1928.44	542.146
1927.56	559.098
1926.67	607.26
1925.79	524.894
1924.91	595.742
1924.03	629.696
1923.15	578.558
1922.27	504.749
1921.39	572.725
1920.5	572.645
1919.62	552.723
1918.74	575.318
1917.86	529.898
1916.98	521.324
1916.09	597.738
1915.21	583.492
1914.33	580.578
1913.44	637.13
1912.56	552.102
1911.68	594.487
1910.8	614.217
1909.91	554.699
1909.03	548.961
1908.14	650.739
1907.26	577.096
1906.38	565.701
1905.49	551.481
1904.61	613.613
1903.73	627.663
1902.84	613.44
1901.96	576.609
1901.07	562.398
1900.19	610.356
1899.3	598.969
1898.42	590.41
1897.53	624.221
1896.65	528.113
1895.76	561.923
1894.88	575.961
1893.99	612.578
1893.1	587.089
1892.22	524.919
1891.33	612.32
1890.45	600.948
1889.56	564.191
1888.67	533.086
1887.79	606.335
1886.9	597.791
1886.01	527.222
1885.13	583.527
1884.24	634.18
1883.35	605.909
1882.47	577.646
1881.58	555.025
1880.69	546.496
1879.8	591.485
1878.92	580.137
1878.03	608.213
1877.14	546.189
1876.25	627.747
1875.36	576.996
1874.48	554.401
1873.59	565.578
1872.7	520.484
1871.81	610.427
1870.92	576.59
1870.03	556.823
1869.14	573.616
1868.25	587.592
1867.36	615.62
1866.47	587.427
1865.59	601.395
1864.7	578.832
1863.81	589.988
1862.92	547.769
1862.03	544.883
1861.14	592.547
1860.24	617.735
1859.35	547.461
1858.46	623.175
1857.57	597.827
1856.68	617.387
1855.79	611.688
1854.9	617.213
1854.01	591.88
1853.12	569.359
1852.23	605.735
1851.33	619.669
1850.44	591.547
1849.55	594.267
1848.66	588.577
1847.77	563.273
1846.87	585.61
1845.98	607.94
1845.09	568.638
1844.2	604.968
1843.3	582.479
1842.41	582.397
1841.52	568.317
1840.63	610.225
1839.73	626.932
1838.84	593.263
1837.95	598.775
1837.05	559.524
1836.16	579.026
1835.26	576.148
1834.37	553.695
1833.48	570.393
1832.58	629.021
1831.69	547.87
1830.79	578.537
1829.9	584.044
1829	597.932
1828.11	592.261
1827.21	611.73
1826.32	564.165
1825.42	566.878
1824.53	608.679
1823.63	561.134
1822.74	594.551
1821.84	572.14
1820.95	641.823
1820.05	602.67
1819.15	588.636
1818.26	582.975
1817.36	607.993
1816.46	563.29
1815.57	565.999
1814.67	582.646
1813.77	588.139
1812.88	574.121
1811.98	568.467
1811.08	640.828
1810.18	596.165
1809.29	610.008
1808.39	607.137
1807.49	573.635
1806.59	579.123
1805.7	604.096
1804.8	578.959
1803.9	601.142
1803	603.84
1802.1	614.884
1801.2	559.16
1800.3	567.425
1799.41	564.564
1798.51	659.029
1797.61	633.913
1796.71	530.966
1795.81	536.45
1794.91	608.632
1794.01	577.98
1793.11	572.342
1792.21	586.151
1791.31	633.287
1790.41	610.98
1789.51	608.117
1788.61	624.69
1787.71	582.962
1786.81	655.045
1785.91	607.774
1785.01	604.914
1784.1	621.475
1783.2	579.776
1782.3	615.752
1781.4	582.386
1780.5	643.307
1779.6	623.809
1778.7	698.567
1777.79	582.057
1776.89	626.316
1775.99	606.831
1775.09	626.139
1774.18	631.591
1773.28	603.804
1772.38	617.566
1771.48	589.789
1770.57	634.003
1769.67	642.218
1768.77	589.539
1767.86	711.222
1766.96	677.917
1766.06	650.155
1765.15	655.596
1764.25	661.035
1763.34	655.411
1762.44	641.493
1761.54	680.108
1760.63	638.548
1759.73	649.513
1758.82	646.658
1757.92	621.698
1757.01	690.678
1756.11	712.679
1755.2	679.436
1754.3	607.539
1753.39	731.706
1752.49	665.344
1751.58	681.812
1750.68	670.676
1749.77	711.975
1748.86	700.838
1747.96	736.603
1747.05	728.224
1746.14	695.024
1745.24	656.319
1744.33	689.314
1743.42	678.189
1742.52	678.093
1741.61	711.07
1740.7	733.015
1739.8	749.443
1738.89	732.808
1737.98	754.741
1737.07	663.747
1736.16	713.221
1735.26	737.9
1734.35	757.067
1733.44	718.424
1732.53	743.092
1731.62	676.944
1730.72	715.368
1729.81	817.055
1728.9	687.659
1727.99	693.062
1727.08	725.963
1726.17	701.115
1725.26	668.027
1724.35	764.137
1723.44	728.301
1722.53	739.189
1721.62	706.114
1720.71	749.969
1719.8	694.928
1718.89	703.069
1717.98	785.348
1717.07	724.834
1716.16	721.987
1715.25	721.885
1714.34	708.06
1713.43	724.424
1712.52	691.398
1711.6	751.652
1710.69	768.003
1709.78	696.59
1708.87	745.849
1707.96	712.843
1707.05	745.638
1706.13	660.564
1705.22	701.578
1704.31	737.101
1703.4	720.558
1702.48	665.669
1701.57	728.571
1700.66	709.298
1699.75	714.674
1698.83	722.786
1697.92	695.31
1697.01	703.422
1696.09	747.109
1695.18	716.905
1694.26	738.69
1693.35	752.263
1692.44	790.448
1691.52	787.602
1690.61	727.335
1689.69	751.837
1688.78	781.8
1687.86	718.826
1686.95	770.648
1686.03	745.947
1685.12	721.253
1684.2	677.445
1683.29	781.136
1682.37	791.949
1681.46	729.036
1680.54	737.123
1679.63	769.775
1678.71	761.478
1677.79	731.352
1676.88	780.362
1675.96	758.427
1675.05	793.78
1674.13	780.031
1673.21	766.286
1672.3	787.99
1671.38	826.045
1670.46	804.122
1669.54	801.282
1668.63	812.069
1667.71	822.853
1666.79	825.461
1665.87	817.172
1664.96	847.015
1664.04	748.862
1663.12	854.943
1662.2	792.208
1661.28	819.315
1660.36	832.807
1659.44	816.362
1658.53	862.5
1657.61	859.657
1656.69	821.455
1655.77	859.414
1654.85	829.38
1653.93	840.138
1653.01	859.048
1652.09	853.49
1651.17	943.055
1650.25	834.227
1649.33	869.429
1648.41	931.788
1647.49	937.088
1646.57	1010.28
1645.65	920.53
1644.73	1034.43
1643.81	947.415
1642.89	979.852
1641.96	995.997
1641.04	914.45
1640.12	995.714
1639.2	976.584
1638.28	1014.42
1637.36	1027.83
1636.43	1084.63
1635.51	1122.43
1634.59	1106.01
1633.67	1154.64
1632.75	1154.48
1631.82	1192.25
1630.9	1202.92
1629.98	1338.19
1629.05	1381.34
1628.13	1432.6
1627.21	1497.38
1626.28	1559.43
1625.36	1651.25
1624.44	1751.16
1623.51	1761.74
1622.59	1877.84
1621.67	1858.63
1620.74	2088.3
1619.82	2117.75
1618.89	2163.43
1617.97	2246.94
1617.04	2168.22
1616.12	2230.08
1615.19	2183.82
1614.27	2291.6
1613.34	2323.7
1612.42	2336.88
1611.49	2441.9
1610.57	2487.46
1609.64	2543.82
1608.71	2619.06
1607.79	2543.1
1606.86	2685.8
1605.94	2596.35
1605.01	2876.63
1604.08	2835.75
1603.16	2813.77
1602.23	2975.21
1601.3	3082.67
1600.38	3163.13
1599.45	3216.61
1598.52	3526.17
1597.59	3606.54
1596.67	3827.02
1595.74	3934.26
1594.81	4195.06
1593.88	4356.1
1592.95	4783.75
1592.03	4971.6
1591.1	5396.35
1590.17	5750.98
1589.24	6258.96
1588.31	6645.66
1587.38	7409.04
1586.45	7997.29
1585.52	8695.68
1584.6	9439.61
1583.67	10229
1582.74	10897.2
1581.81	11398.5
1580.88	12273.4
1579.95	13182.9
1579.02	13702.5
1578.09	14307.9
1577.16	14743.9
1576.23	15488.7
1575.29	15784.7
1574.36	16147.7
1573.43	16435.4
1572.5	16414.3
1571.57	16489.8
1570.64	16275.4
1569.71	16152.3
1568.78	15323.5
1567.84	14422.4
1566.91	14034
1565.98	12728.4
1565.05	11747.6
1564.12	10818
1563.18	10156.9
1562.25	9335.08
1561.32	8253.49
1560.39	7718.95
1559.45	6777.24
1558.52	6377.04
1557.59	5816.22
1556.65	5424.3
1555.72	5016.43
1554.79	4662.24
1553.85	4359.01
1552.92	3991.62
1551.99	3889.34
1551.05	3621.15
1550.12	3304.86
1549.18	3138.51
1548.25	2886.59
1547.31	2910.25
1546.38	2703.9
1545.44	2604.58
1544.51	2561.43
1543.57	2328.48
1542.64	2202.52
1541.7	2199.53
1540.77	2290.08
1539.83	2089.36
1538.9	2000.91
1537.96	1981.93
1537.02	1925.56
1536.09	1861.2
1535.15	1871.61
1534.21	1775.24
1533.28	1710.93
1532.34	1702.68
1531.4	1678.42
1530.47	1600.81
1529.53	1571.24
1528.59	1539.01
1527.66	1544.13
1526.72	1538.57
1525.78	1479.7
1524.84	1452.83
1523.9	1460.62
1522.97	1385.79
1522.03	1425.56
1521.09	1401.38
1520.15	1345.24
1519.21	1339.72
1518.27	1350.19
1517.33	1240.82
1516.4	1328.5
1515.46	1269.75
1514.52	1256.26
1513.58	1218.83
1512.64	1221.31
1511.7	1202.52
1510.76	1157.13
1509.82	1167.6
1508.88	1236.57
1507.94	1151.31
1507	1191.03
1506.06	1143.01
1505.12	1150.82
1504.18	1150.66
1503.24	1086.72
1502.29	1147.67
1501.35	1107.67
1500.41	1057.05
1499.47	1094.07
1498.53	1051.43
1497.59	1117.65
1496.65	1144.04
1495.7	1066.91
1494.76	1085.33
1493.82	1111.71
1492.88	1111.55
1491.93	1103.44
1490.99	1044.93
1490.05	1052.74
1489.11	1079.1
1488.16	1039.18
1487.22	1084.1
1486.28	1033.59
1485.33	1044.04
1484.39	993.551
1483.45	1025.2
1482.5	980.024
1481.56	1009.02
1480.61	1024.76
1479.67	950.482
1478.72	966.229
1477.78	1021.67
1476.84	963.307
1475.89	963.17
1474.95	978.907
1474	920.57
1473.06	968.048
1472.11	941.465
1471.17	862.005
1470.22	978.209
1469.27	930.488
1468.33	909.211
1467.38	869.441
1466.44	901.025
1465.49	903.538
1464.54	900.768
1463.6	958.745
1462.65	937.482
1461.7	924.146
1460.76	863.294
1459.81	926.522
1458.86	926.39
1457.91	934.175
1456.97	886.548
1456.02	952.375
1455.07	925.862
1454.12	901.993
1453.18	938.783
1452.23	928.102
1451.28	962.241
1450.33	951.561
1449.38	859.181
1448.43	840.613
1447.48	874.745
1446.54	811.395
1445.59	869.227
1444.64	895.44
1443.69	868.979
1442.74	897.817
1441.79	863.466
1440.84	908.089
1439.89	921.119
1438.94	834.151
1437.99	852.449
1437.04	957.553
1436.09	917.962
1435.14	902.052
1434.19	859.851
1433.24	880.761
1432.28	946.355
1431.33	901.537
1430.38	906.664
1429.43	875.003
1428.48	864.369
1427.53	911.53
1426.58	940.291
1425.62	916.522
1424.67	882.256
1423.72	871.629
1422.77	913.504
1421.81	900.251
1420.86	881.752
1419.91	902.617
1418.96	978.57
1418	902.36
1417.05	957.309
1416.1	888.99
1415.14	985.877
1414.19	975.25
1413.24	917.443
1412.28	961.867
1411.33	1016.76
1410.37	885.608
1409.42	922.158
1408.46	1045.14
1407.51	937.609
1406.56	953.187
1405.6	1005.42
1404.65	1007.89
1403.69	1012.98
1402.74	1020.69
1401.78	1004.84
1400.82	939.288
1399.87	996.706
1398.91	1056.72
1397.96	1025.19
1397	1004.12
1396.04	1045.81
1395.09	1079.65
1394.13	1089.95
1393.18	1178.65
1392.22	1110.54
1391.26	1186.15
1390.3	1185.98
1389.35	1217.15
1388.39	1177.81
1387.43	1227.25
1386.48	1250.57
1385.52	1263.44
1384.56	1263.26
1383.6	1325.72
1382.64	1338.57
1381.69	1340.99
1380.73	1392.97
1379.77	1408.42
1378.81	1502.1
1377.85	1533.17
1376.89	1574.67
1375.93	1553.59
1374.97	1699.32
1374.01	1659.99
1373.06	1766.58
1372.1	1873.14
1371.14	1979.67
1370.18	1961.16
1369.22	2036.39
1368.26	2098.59
1367.3	2202.42
1366.33	2222.93
1365.37	2399.59
1364.41	2500.73
1363.45	2479.56
1362.49	2695.13
1361.53	2736.36
1360.57	2821.79
1359.61	2808.39
1358.65	2971.79
1357.68	3062.35
1356.72	2963.14
1355.76	3118.65
1354.8	3170.17
1353.84	3294.42
1352.87	3257.58
1351.91	3309.07
1350.95	3487.79
1349.99	3362.65
1349.02	3484.19
1348.06	3374.66
1347.1	3480.6
1346.13	3381.48
1345.17	3526.31
1344.21	3463.54
1343.24	3507.14
1342.28	3312.11
1341.32	3322.01
1340.35	3204.85
1339.39	3214.77
1338.42	3229.86
1337.46	3107.58
1336.49	3037.17
1335.53	2946.04
1334.56	2870.49
1333.6	2952.97
1332.63	2781.61
1331.67	2703.53
1330.7	2656.53
1329.74	2542.24
1328.77	2487.52
1327.8	2443.17
1326.84	2310.84
1325.87	2276.88
1324.91	2186
1323.94	2082.23
1322.97	2156.93
1322.01	2048.01
1321.04	2032.21
1320.07	1876.81
1319.1	1830.01
1318.14	1863.35
1317.17	1728.71
1316.2	1756.88
1315.23	1717.88
1314.27	1686.64
1313.3	1593.43
1312.33	1624.19
1311.36	1458.72
1310.39	1479.16
1309.42	1460.88
1308.46	1372.93
1307.49	1385.63
1306.52	1424.13
1305.55	1343.96
1304.58	1346.35
1303.61	1289.42
1302.64	1227.35
1301.67	1252.96
1300.7	1162.56
1299.73	1159.81
1298.76	1180.26
1297.79	1144.02
1296.82	1130.98
1295.85	1169.45
1294.88	1094.59
1293.91	1019.76
1292.94	1076.26
1291.97	1022.04
1290.99	1060.5
1290.02	1073.22
1289.05	1006.16
1288.08	1042.04
1287.11	956.993
1286.14	982.577
1285.16	951.575
1284.19	979.724
1283.22	1013.01
1282.25	969.16
1281.27	930.466
1280.3	925.192
1279.33	922.49
1278.36	932.634
1277.38	906.812
1276.41	919.524
1275.44	865.461
1274.46	903.854
1273.49	875.483
1272.51	798.346
1271.54	898.331
1270.57	885.371
1269.59	828.793
1268.62	836.371
1267.64	859.338
1266.67	841.261
1265.69	818.06
1264.72	858.968
1263.74	858.844
1262.77	781.821
1261.79	832.968
1260.82	781.596
1259.84	848.102
1258.87	791.619
1257.89	788.944
1256.91	786.269
1255.94	768.231
1254.96	742.517
1253.98	773.13
1253.01	775.579
1252.03	785.705
1251.05	739.531
1250.08	782.921
1249.1	770.017
1248.12	767.349
1247.14	744.221
1246.17	751.786
1245.19	774.688
1244.21	679.992
1243.23	743.794
1242.25	766.687
1241.28	761.467
1240.3	781.796
1239.32	740.812
1238.34	781.572
1237.36	725.276
1236.38	737.939
1235.4	694.431
1234.42	732.621
1233.44	681.47
1232.46	783.45
1231.49	683.825
1230.51	734.752
1229.53	716.79
1228.54	739.641
1227.56	749.735
1226.58	731.779
1225.6	736.773
1224.62	731.569
1223.64	698.331
1222.66	667.651
1221.68	741.445
1220.7	705.673
1219.72	725.949
1218.74	746.219
1217.75	797.041
1216.77	692.536
1215.79	646.614
1214.81	682.156
1213.82	638.793
1212.84	646.335
1211.86	684.406
1210.88	691.939
1209.89	640.969
1208.91	671.395
1207.93	717.068
1206.94	709.338
1205.96	663.479
1204.98	704.05
1203.99	675.994
1203.01	655.569
1202.03	660.556
1201.04	647.76
1200.06	701.004
1199.07	662.811
1198.09	657.637
1197.1	682.93
1196.12	632.064
1195.13	680.195
1194.15	631.882
1193.16	690.149
1192.18	674.828
1191.19	656.975
1190.21	623.909
1189.22	697.359
1188.23	684.581
1187.25	692.088
1186.26	603.272
1185.28	702.026
1184.29	658.847
1183.3	648.617
1182.32	628.258
1181.33	691.49
1180.34	698.989
1179.35	648.244
1178.37	650.682
1177.38	663.246
1176.39	728.959
1175.4	632.686
1174.42	647.777
1173.43	667.924
1172.44	629.883
1171.45	657.614
1170.46	606.941
1169.47	652.368
1168.48	659.859
1167.5	616.79
1166.51	596.482
1165.52	667.155
1164.53	684.746
1163.54	621.488
1162.55	631.502
1161.56	636.462
1160.57	691.927
1159.58	651.429
1158.59	661.433
1157.6	623.475
1156.61	724.338
1155.62	600.584
1154.63	683.76
1153.64	698.797
1152.64	638.16
1151.65	703.64
1150.66	658.149
1149.67	647.969
1148.68	637.792
1147.69	620.056
1146.69	756.057
1145.7	667.754
1144.71	644.983
1143.72	680.157
1142.72	690.134
1141.73	652.259
1140.74	629.503
1139.75	629.412
1138.75	707.357
1137.76	707.255
1136.77	661.855
1135.77	666.792
1134.78	664.18
1133.79	711.878
1132.79	656.443
1131.8	673.951
1130.8	636.138
1129.81	706.439
1128.81	698.796
1127.82	686.129
1126.82	665.926
1125.83	610.554
1124.83	618.002
1123.84	708.34
1122.84	668.054
1121.85	675.491
1120.85	657.818
1119.86	630.109
1118.86	672.688
1117.86	677.61
1116.87	672.494
1115.87	614.691
1114.87	684.843
1113.88	694.777
1112.88	636.996
1111.88	702.099
1110.89	626.783
1109.89	666.801
1108.89	669.211
1107.89	656.585
1106.9	706.604
1105.9	648.879
1104.9	658.805
1103.9	641.178
1102.9	686.162
1101.91	623.466
1100.91	710.999
1099.91	693.374
1098.91	628.201
1097.91	700.681
1096.91	698.078
1095.91	690.472
1094.91	657.854
1093.91	675.266
1092.91	692.673
1091.91	667.57
1090.91	674.974
1089.91	647.381
1088.91	667.281
1087.91	699.669
1086.91	637.107
1085.91	671.988
1084.91	664.398
1083.91	661.805
1082.91	644.23
1081.91	636.647
1080.91	673.999
1079.9	648.942
1078.9	611.415
1077.9	656.241
1076.9	678.599
1075.9	680.996
1074.89	640.991
1073.89	660.849
1072.89	638.313
1071.89	698.053
1070.88	638.128
1069.88	662.959
1068.88	622.992
1067.87	607.952
1066.87	667.654
1065.87	625.212
1064.86	677.423
1063.86	702.227
1062.85	664.778
1061.85	614.893
1060.85	587.424
1059.84	617.204
1058.84	612.138
1057.83	649.37
1056.83	574.646
1055.82	621.822
1054.82	601.836
1053.81	604.236
1052.8	676.248
1051.8	656.264
1050.79	586.575
1049.79	646.133
1048.78	646.04
1047.78	618.618
1046.77	658.273
1045.76	648.243
1044.76	665.533
1043.75	667.919
1042.74	682.718
1041.73	635.457
1040.73	590.691
1039.72	679.941
1038.71	694.729
1037.7	736.802
1036.7	716.852
1035.69	731.629
1034.68	771.199
1033.67	753.732
1032.66	805.682
1031.65	842.745
1030.65	850.058
1029.64	844.979
1028.63	852.29
1027.62	906.665
1026.61	936.256
1025.6	958.409
1024.59	955.795
1023.58	977.938
1022.57	933.239
1021.56	1064.28
1020.55	955.241
1019.54	1034.28
1018.53	1048.98
1017.52	1051.3
1016.51	1110.5
1015.5	1095.51
1014.49	1169.52
1013.47	1174.3
1012.46	1085.14
1011.45	1188.79
1010.44	1220.74
1009.43	1230.45
1008.42	1279.68
1007.4	1225.15
1006.39	1370.69
1005.38	1348.26
1004.37	1432.01
1003.35	1350.34
1002.34	1382.23
1001.33	1389.44
1000.32	1566.9
999.302	1566.67
998.289	1630.58
997.275	1677.21
996.261	1753.42
995.247	1819.74
994.233	1960
993.219	1994.23
992.205	2171.4
991.19	2301.69
990.176	2552.69
989.161	2700.13
988.146	2766.25
987.131	3002.29
986.116	3073.27
985.101	3171.31
984.085	3136.38
983.069	3295.93
982.054	3305.29
981.038	3282.67
980.022	3328.94
979.005	3375.2
977.989	3256.64
976.972	3342.25
975.956	3314.71
974.939	3378.16
973.922	3372.75
972.905	3269.03
971.888	3325.08
970.87	3327.05
969.853	3375.71
968.835	3303.98
967.817	3367.36
966.799	3364.41
965.781	3332
964.763	3221.04
963.744	3176.39
962.725	3256.92
961.707	3271.18
960.688	3273.15
959.669	3260.41
958.65	3284.47
957.63	3279.09
956.611	3251.64
955.591	3175.16
954.571	3238.43
953.551	3242.87
952.531	3186.03
951.511	3241.93
950.491	3256.16
949.47	3209.14
948.45	3265.01
947.429	3183.72
946.408	3136.73
945.387	3334.59
944.365	3334.1
943.344	3340.96
942.322	3296.42
941.301	3467.23
940.279	3385.99
939.257	3236.28
938.235	2934.98
937.212	2880.75
936.19	2662.72
935.167	2364.07
934.145	2336.84
933.122	2138.53
932.099	1967.16
931.075	1844.71
930.052	1668.55
929.029	1492.44
928.005	1418.95
926.981	1289.33
925.957	1203.69
924.933	1132.72
923.909	1122.79
922.885	1134.83
921.86	1041.94
920.835	1012.51
919.81	936.739
918.785	975.628
917.76	992.557
916.735	890.002
915.71	980.079
914.684	918.995
913.658	926.173
912.632	891.921
911.606	901.538
910.58	969.621
909.554	920.763
908.527	881.66
907.501	886.403
906.474	891.143
905.447	942.138
904.42	856.807
903.393	861.55
902.366	949.027
901.338	917.259
900.31	890.366
899.283	863.481
898.255	904.699
897.226	848.64
896.198	855.81
895.17	879.995
894.141	853.131
893.112	855.437
892.084	857.742
891.055	862.476
890.025	789.476
888.996	854.939
887.967	811.102
886.937	927.533
885.907	849.71
884.877	866.578
883.847	813.057
882.817	897.873
881.787	824.952
880.756	846.666
879.726	822.287
878.695	824.592
877.664	843.872
876.633	870.419
875.601	838.778
874.57	855.622
873.538	821.569
872.507	867.489
871.475	784.988
870.443	845.434
869.411	823.512
868.378	845.188
867.346	859.594
866.313	842.521
865.281	852.081
864.248	895.523
863.215	798.593
862.181	817.834
861.148	810.457
860.114	820.015
859.081	831.988
858.047	802.848
857.013	892.192
855.979	863.052
854.945	831.503
853.91	843.466
852.876	828.845
851.841	889.127
850.806	811.693
849.771	891.283
848.736	867.003
847.7	845.144
846.665	832.949
845.629	815.93
844.594	825.465
843.558	834.998
842.522	801.095
841.485	817.867
840.449	839.458
839.412	885.161
838.376	831.978
837.339	889.725
836.302	889.596
835.265	855.719
834.227	884.516
833.19	857.88
832.152	891.486
831.115	900.993
830.077	912.905
829.039	900.73
828.001	895.783
826.962	859.537
825.924	902.743
824.885	905.018
823.846	924.139
822.807	916.786
821.768	897.405
820.729	935.763
819.69	918.79
818.65	909.036
817.61	908.904
816.57	903.963
815.53	850.947
814.49	910.91
813.45	845.893
812.409	833.756
811.369	910.511
810.328	898.368
809.287	886.228
808.246	862.085
807.205	869.162
806.163	806.619
805.122	784.898
804.08	873.582
803.038	820.663
801.996	873.327
800.954	858.806
799.912	789.123
798.869	822.582
797.827	836.849
796.784	803.162
795.741	771.882
794.698	802.928
793.655	817.189
792.612	761.959
791.568	812.159
790.524	800.063
789.481	802.342
788.437	783.067
787.392	826.051
786.348	732.564
785.304	749.213
784.259	741.923
783.214	758.566
782.17	806.307
781.124	734.421
780.079	779.76
779.034	841.827
777.988	743.664
776.943	772.246
775.897	688.466
774.851	678.804
773.805	776.687
772.759	769.405
771.712	697.62
770.666	695.129
769.619	680.697
768.572	728.359
767.525	699.6
766.478	718.596
765.431	737.587
764.383	770.893
763.335	749.303
762.288	715.79
761.24	763.398
760.192	694.114
759.143	667.778
758.095	739.217
757.046	734.341
755.998	724.698
754.949	729.359
753.9	738.785
752.851	693.403
751.801	709.979
750.752	676.526
749.702	705.008
748.652	612.029
747.602	647.656
746.552	680.892
745.502	640.325
744.452	666.412
743.401	659.176
742.35	675.735
741.3	635.193
740.249	644.614
739.197	673.06
738.146	611.134
737.095	670.485
736.043	677.519
734.991	677.42
733.939	625.036
732.887	658.212
731.835	655.74
730.782	684.15
729.73	700.676
728.677	664.951
727.624	660.105
726.571	636.267
725.518	633.8
724.465	674.055
723.411	581.406
722.358	669.113
721.304	657.153
720.25	695.009
719.196	683.049
718.142	694.806
717.087	706.559
716.033	694.602
714.978	677.908
713.923	720.468
712.868	689.558
711.813	689.457
710.758	653.822
709.702	684.518
708.646	682.049
707.591	686.685
706.535	670.012
705.479	669.914
704.422	634.313
703.366	719.414
702.309	669.619
701.253	662.424
700.196	688.347
699.139	721.357
698.081	697.604
697.024	728.239
695.967	721.04
694.909	768.209
693.851	735.009
692.793	699.456
691.735	772.597
690.677	737.049
689.618	762.922
688.56	774.619
687.501	781.589
686.442	852.303
685.383	826.211
684.324	793.047
683.265	797.65
682.205	776.297
681.145	821.009
680.086	813.812
679.026	865.58
677.965	903.184
676.905	846.463
675.845	858.127
674.784	938.144
673.723	893.227
672.662	871.888
671.601	876.472
670.54	897.546
669.479	925.679
668.417	923.188
667.355	887.732
666.294	892.31
665.232	852.161
664.169	863.804
663.107	908.391
662.045	901.199
660.982	896.361
659.919	825.66
658.856	844.355
657.793	841.879
656.73	822.946
655.667	874.545
654.603	846.21
653.539	834.335
652.475	836.562
651.411	841.138
650.347	789.332
649.283	829.147
648.218	829.025
647.154	868.823
646.089	812.347
645.024	840.398
643.959	774.555
642.893	797.909
641.828	872.878
640.762	804.713
639.697	776.446
638.631	799.786
637.565	858.295
636.498	867.548
635.432	825.222
634.366	780.564
633.299	864.822
632.232	848.291
631.165	834.109
630.098	787.133
629.03	861.972
627.963	857.161
626.895	864.06
625.828	896.711
624.76	943.398
623.692	929.216
622.623	980.565
621.555	924.263
620.486	933.485
619.418	1008.2
618.349	979.988
617.28	970.49
616.21	1017.11
615.141	942.151
614.072	939.675
613.002	899.805
611.932	913.694
610.862	836.456
609.792	845.678
608.722	852.561
607.651	798.72
606.58	854.645
605.51	803.155
604.439	868.4
603.368	793.582
602.296	774.796
601.225	760.682
600.153	818.896
599.082	720.802
598.01	744.02
596.938	746.242
595.866	774.112
594.793	732.035
593.721	762.23
592.648	745.803
591.575	778.318
590.502	736.264
589.429	719.849
588.356	745.365
587.282	742.926
586.209	777.745
585.135	682.173
584.061	644.827
582.987	728.523
581.913	742.38
580.838	749.251
579.764	721.222
578.689	753.683
577.614	714.033
576.539	783.692
575.464	739.399
574.389	764.863
573.313	736.857
572.237	732.1
571.162	776.144
570.086	834.116
569.009	875.809
567.933	799.029
566.857	891.808
565.78	863.812
564.703	824.215
563.626	863.558
562.549	833.257
561.472	914.359
560.394	897.982
559.317	930.33
558.239	1004.42
557.161	1004.27
556.083	1006.45
555.005	1027.17
553.927	1112.79
552.848	1152.03
551.769	1156.5
550.691	1225.85
549.612	1241.89
548.532	1311.2
547.453	1355.02
546.374	1426.61
545.294	1407.88
544.214	1518.8
543.134	1689.88
542.054	1745.18
540.974	1775.01
539.893	1934.4
538.813	2047.48
537.732	2204.48
536.651	2451.63
535.57	2721.83
534.489	2929.52
533.407	3178.77
532.326	3582.81
531.244	4178.56
530.162	4850.39
529.08	5743.83
527.998	7142.92
526.916	9229.92
525.833	12614.2
524.751	18302
523.668	29088.2
522.585	50293.7
521.502	90156.2
520.418	130953
519.335	132122
518.251	95173.4
517.167	56094.9
516.083	32467
514.999	20503
513.915	14168.6
512.831	10334.9
511.746	8115.99
510.661	6423.15
509.576	5378.34
508.491	4373
507.406	3757.28
506.321	3220.05
505.235	2864.91
504.149	2707.91
503.064	2394.4
501.978	2230.6
500.891	2165.83
499.805	1926.18
498.719	1870.67
497.632	1739.26
496.545	1706.8
495.458	1658.25
494.371	1584.42
493.284	1551.99
492.196	1432.22
491.108	1392.93
490.021	1328.38
488.933	1353.46
487.845	1268.25
486.756	1309.41
485.668	1251.79
484.579	1249.31
483.491	1191.72
482.402	1161.7
481.313	1186.78
480.223	1117.75
479.134	1067.1
478.044	1126.6
476.955	1112.67
475.865	1089.56
474.775	1043.53
473.684	1043.38
472.594	1015.71
471.504	1017.85
470.413	1038.33
469.322	937.341
468.231	980.74
467.14	976.013
466.048	952.961
464.957	904.721
463.865	952.679
462.774	895.294
461.682	842.505
460.589	860.693
459.497	899.475
458.405	821.536
457.312	848.871
456.219	841.883
455.126	878.356
454.033	937.69
452.94	955.845
451.846	1056.3
450.753	998.997
449.659	998.849
448.565	996.416
447.471	980.274
446.377	1082.94
445.282	1007.4
444.188	1096.32
443.093	1105.3
441.998	1111.98
440.903	1152.91
439.808	1072.85
438.713	1168.55
437.617	1193.48
436.521	1172.76
435.425	1241.03
434.329	1224.88
433.233	1286.27
432.137	1222.24
431.04	1267.65
429.944	1246.95
428.847	1212.58
427.75	1207.84
426.653	1200.82
425.555	1216.59
424.458	1193.64
423.36	1216.23
422.262	1186.45
421.164	1186.27
420.066	1174.72
418.968	1204.13
417.87	1210.78
416.771	1160.54
415.672	1199.05
414.573	1214.79
413.474	1160.03
412.375	1137.11
411.275	1096.01
410.176	1179.97
409.076	1157.07
407.976	1147.8
406.876	1172.63
405.776	1192.91
404.675	1174.55
403.575	1163.02
402.474	1076.55
401.373	1167.22
400.272	1148.88
399.171	1207.74
398.069	1184.86
396.968	1182.42
395.866	1173.16
394.764	1089.04
393.662	1252.21
392.56	1138.62
391.458	1220.09
390.355	1158.69
389.252	1169.85
388.149	1253.55
387.046	1217.1
385.943	1198.79
384.84	1248.46
383.736	1230.15
382.633	1193.73
381.529	1247.91
380.425	1274.9
379.321	1218.1
378.216	1269.99
377.112	1260.75
376.007	1262.83
374.902	1303.37
373.797	1271.5
372.692	1330.13
371.587	1282.43
370.481	1273.2
369.376	1282.05
368.27	1342.9
367.164	1333.66
366.058	1367.37
364.951	1297.11
363.845	1310.47
362.738	1283.17
361.632	1337.19
360.525	1355.06
359.417	1332.28
358.31	1397.55
357.203	1307.05
356.095	1349.74
354.987	1288.61
353.879	1338.06
352.771	1331.09
351.663	1344.43
350.555	1366.78
349.446	1335.01
348.337	1427.26
347.228	1363.92
346.119	1386.26
345.01	1379.29
343.9	1374.58
342.791	1392.4
341.681	1351.64
340.571	1421.27
339.461	1450.33
338.351	1436.61
337.24	1445.4
336.13	1481.2
335.019	1483.23
333.908	1507.77
332.797	1530.04
331.686	1511.82
330.574	1563.33
329.463	1565.35
328.351	1524.64
327.239	1591.86
326.127	1582.63
325.015	1589.14
323.902	1624.86
322.79	1707.76
321.677	1700.77
320.564	1675.81
319.451	1596.95
318.338	1733.7
317.225	1731.19
316.111	1811.76
314.997	1800.27
313.883	1833.66
312.769	1914.18
311.655	1907.16
310.541	1960.72
309.426	1969.4
308.312	1960.14
307.197	2069.72
306.082	2103.05
304.966	2208.09
303.851	2328.8
302.735	2449.47
301.62	2440.14
300.504	2390.49
299.388	2410.3
