3199.09	216.248
3198.38	198.523
3197.67	230.397
3196.97	219.733
3196.26	219.703
3195.56	237.389
3194.85	191.302
3194.15	191.276
3193.44	219.583
3192.73	205.388
3192.03	187.657
3191.32	173.47
3190.62	215.923
3189.91	180.501
3189.2	205.248
3188.5	219.373
3187.79	169.814
3187.08	205.164
3186.38	226.357
3185.67	215.717
3184.96	229.831
3184.26	197.981
3183.55	215.629
3182.84	197.927
3182.13	222.638
3181.43	233.208
3180.72	194.313
3180.01	187.222
3179.3	229.58
3178.59	180.107
3177.89	201.269
3177.18	236.547
3176.47	215.334
3175.76	197.657
3175.05	190.572
3174.35	243.475
3173.64	218.745
3172.93	208.132
3172.22	186.941
3171.51	204.549
3170.8	246.835
3170.09	232.699
3169.38	215.041
3168.67	193.863
3167.96	211.458
3167.26	183.238
3166.55	197.306
3165.84	186.711
3165.13	200.775
3164.42	176.094
3163.71	228.891
3163	154.921
3162.29	197.145
3161.58	197.118
3160.87	158.377
3160.16	193.545
3159.44	211.111
3158.73	204.046
3158.02	239.194
3157.31	203.991
3156.6	207.479
3155.89	193.386
3155.18	175.782
3154.47	242.546
3153.76	210.881
3153.05	207.338
3152.33	200.282
3151.62	224.847
3150.91	207.253
3150.2	210.737
3149.49	214.22
3148.78	200.145
3148.06	179.053
3147.35	217.642
3146.64	221.122
3145.93	189.508
3145.21	157.901
3144.5	214.015
3143.79	224.509
3143.08	210.449
3142.36	234.969
3141.65	210.391
3140.94	196.338
3140.22	210.334
3139.51	210.305
3138.8	192.753
3138.08	220.76
3137.37	231.241
3136.66	178.662
3135.94	217.167
3135.23	185.617
3134.52	168.083
3133.8	192.569
3133.09	178.54
3132.37	238.02
3131.66	206.489
3130.94	171.468
3130.23	192.438
3129.51	181.916
3128.8	199.381
3128.09	174.872
3127.37	188.835
3126.66	164.334
3125.94	202.768
3125.23	157.298
3124.51	202.712
3123.79	213.168
3123.08	227.116
3122.36	174.68
3121.65	223.56
3120.93	213.052
3120.22	167.625
3119.5	212.994
3118.78	188.526
3118.07	164.065
3117.35	216.397
3116.63	195.428
3115.92	181.444
3115.2	212.819
3114.49	205.813
3113.77	191.834
3113.05	205.757
3112.33	174.347
3111.62	174.323
3110.9	219.617
3110.18	205.645
3109.47	184.706
3108.75	233.465
3108.03	195.108
3107.31	219.467
3106.6	195.055
3105.88	208.959
3105.16	201.966
3104.44	229.792
3103.72	219.317
3103.01	167.076
3102.29	229.697
3101.57	191.388
3100.85	201.8
3100.13	187.857
3099.41	222.615
3098.69	194.762
3097.97	222.554
3097.26	184.278
3096.54	205.111
3095.82	184.227
3095.1	194.629
3094.38	194.602
3093.66	222.372
3092.94	149.386
3092.22	222.311
3091.5	211.861
3090.78	163.215
3090.06	187.498
3089.34	201.359
3088.62	190.918
3087.9	232.541
3087.18	208.217
3086.46	208.189
3085.74	246.323
3085.02	225.476
3084.3	221.977
3083.58	197.671
3082.85	218.449
3082.13	211.485
3081.41	197.59
3080.69	214.893
3079.97	204.467
3079.25	197.509
3078.53	197.482
3077.8	214.776
3077.08	207.819
3076.36	173.159
3075.64	238.926
3074.92	204.271
3074.2	218.091
3073.47	252.674
3072.75	169.58
3072.03	173.017
3071.31	197.212
3070.58	197.185
3069.86	214.453
3069.14	179.839
3068.41	200.562
3067.69	248.94
3066.97	228.164
3066.24	193.567
3065.52	224.645
3064.8	196.97
3064.07	221.129
3063.35	179.642
3062.63	200.343
3061.9	214.13
3061.18	207.195
3060.45	196.808
3059.73	176.067
3059.01	193.302
3058.28	217.435
3057.56	179.446
3056.83	203.574
3056.11	179.397
3055.38	196.62
3054.66	200.042
3053.93	231.051
3053.21	196.539
3052.48	220.645
3051.76	172.355
3051.03	251.604
3050.31	241.232
3049.58	237.753
3048.86	234.275
3048.13	223.909
3047.4	241.1
3046.68	227.291
3045.95	216.93
3045.23	223.786
3044.5	244.41
3043.77	220.283
3043.05	209.929
3042.32	264.956
3041.59	206.431
3040.87	216.723
3040.14	220.132
3039.41	233.859
3038.69	220.072
3037.96	206.29
3037.23	240.638
3036.51	216.545
3035.78	168.401
3035.05	202.74
3034.32	171.79
3033.6	175.202
3032.87	209.527
3032.14	226.67
3031.41	202.602
3030.68	223.175
3029.95	195.68
3029.23	250.574
3028.5	192.195
3027.77	209.326
3027.04	216.16
3026.31	212.7
3025.58	246.972
3024.85	233.22
3024.13	202.325
3023.4	209.154
3022.67	215.982
3021.94	229.664
3021.21	274.188
3020.48	229.601
3019.75	239.849
3019.02	246.668
3018.29	232.933
3017.56	229.476
3016.83	205.472
3016.1	195.172
3015.37	222.534
3014.64	225.927
3013.91	256.7
3013.18	256.665
3012.45	229.256
3011.72	246.331
3010.99	246.297
3010.26	236.002
3009.52	263.329
3008.79	212.002
3008.06	225.649
3007.33	225.618
3006.6	266.603
3005.87	225.556
3005.14	246.027
3004.4	239.161
3003.67	256.208
3002.94	283.499
3002.21	256.138
3001.48	252.689
3000.74	266.311
3000.01	273.102
2999.28	232.105
2998.55	269.614
2997.81	317.351
2997.08	300.248
2996.35	272.915
2995.62	266.056
2994.88	255.788
2994.15	255.753
2993.42	265.947
2992.68	269.319
2991.95	293.143
2991.22	255.613
2990.48	248.762
2989.75	303.244
2989.01	282.762
2988.28	282.723
2987.55	269.061
2986.81	299.673
2986.08	296.227
2985.34	302.995
2984.61	309.762
2983.87	336.947
2983.14	316.483
2982.41	282.414
2981.67	316.396
2980.94	278.935
2980.2	312.908
2979.47	309.465
2978.73	302.622
2978	350.177
2977.26	353.529
2976.52	373.873
2975.79	278.667
2975.05	363.577
2974.32	329.553
2973.58	339.699
2972.84	393.997
2972.11	383.754
2971.37	380.306
2970.64	404.02
2969.9	359.834
2969.16	444.64
2968.43	339.373
2967.69	363.08
2966.95	376.601
2966.22	359.588
2965.48	390.065
2964.74	390.012
2964	389.958
2963.27	410.248
2962.53	423.752
2961.79	399.967
2961.05	423.636
2960.32	399.857
2959.58	379.474
2958.84	460.726
2958.1	433.565
2957.36	413.185
2956.63	436.833
2955.89	443.545
2955.15	457.025
2954.41	456.963
2953.67	473.822
2952.93	463.606
2952.19	422.94
2951.46	456.712
2950.72	443.119
2949.98	426.148
2949.24	446.38
2948.5	409.125
2947.76	459.78
2947.02	466.478
2946.28	506.972
2945.54	442.695
2944.8	466.286
2944.06	432.438
2943.32	483.048
2942.58	462.717
2941.84	489.67
2941.1	482.85
2940.36	499.664
2939.62	475.966
2938.88	459.025
2938.14	418.465
2937.4	452.151
2936.65	482.453
2935.91	452.027
2935.17	468.829
2934.43	448.53
2933.69	475.444
2932.95	458.522
2932.21	448.346
2931.46	481.99
2930.72	488.664
2929.98	451.531
2929.24	434.623
2928.5	451.407
2927.75	424.4
2927.01	407.502
2926.27	451.222
2925.53	461.261
2924.78	471.297
2924.04	420.743
2923.3	403.858
2922.56	430.723
2921.81	380.195
2921.07	410.42
2920.33	433.909
2919.58	376.676
2918.84	406.888
2918.1	437.093
2917.35	413.5
2916.61	349.578
2915.87	396.583
2915.12	413.33
2914.38	399.834
2913.63	372.903
2912.89	309.031
2912.14	426.538
2911.4	389.54
2910.66	416.348
2909.91	362.576
2909.17	402.807
2908.42	362.477
2907.68	392.629
2906.93	359.022
2906.19	342.198
2905.44	311.962
2904.7	392.414
2903.95	378.946
2903.2	378.894
2902.46	365.432
2901.71	365.382
2900.97	382.09
2900.22	338.472
2899.47	388.687
2898.73	355.131
2897.98	321.584
2897.24	324.889
2896.49	354.984
2895.74	338.193
2895	361.583
2894.25	344.796
2893.5	324.666
2892.76	351.394
2892.01	354.692
2891.26	327.878
2890.51	371.321
2889.77	364.581
2889.02	324.399
2888.27	324.354
2887.52	324.31
2886.78	320.923
2886.03	274.084
2885.28	320.835
2884.53	324.132
2883.78	307.382
2883.03	370.812
2882.29	337.359
2881.54	313.935
2880.79	327.249
2880.04	357.254
2879.29	310.468
2878.54	307.087
2877.79	323.732
2877.04	280.307
2876.29	333.653
2875.55	306.919
2874.8	340.233
2874.05	306.834
2873.3	306.792
2872.55	303.416
2871.8	346.713
2871.05	313.333
2870.3	279.961
2869.55	303.249
2868.8	366.515
2868.05	279.846
2867.3	329.773
2866.54	306.414
2865.79	283.061
2865.04	289.681
2864.29	302.958
2863.54	322.889
2862.79	282.905
2862.04	276.211
2861.29	292.81
2860.54	302.75
2859.78	316.015
2859.03	335.928
2858.28	352.509
2857.53	315.885
2856.78	259.322
2856.03	295.853
2855.27	309.107
2854.52	269.185
2853.77	259.18
2853.02	285.723
2852.26	318.903
2851.51	318.859
2850.76	302.211
2850	335.375
2849.25	325.368
2848.5	288.808
2847.75	288.768
2846.99	295.366
2846.24	278.734
2845.49	311.874
2844.73	318.466
2843.98	298.521
2843.22	278.581
2842.47	288.491
2841.72	295.082
2840.96	281.781
2840.21	285.057
2839.45	294.961
2838.7	215.391
2837.94	268.374
2837.19	278.275
2836.44	314.673
2835.68	264.951
2834.93	235.112
2834.17	288.055
2833.42	301.258
2832.66	281.356
2831.9	314.414
2831.15	320.989
2830.39	264.697
2829.64	301.051
2828.88	340.703
2828.13	261.28
2827.37	281.086
2826.61	300.886
2825.86	251.255
2825.1	310.72
2824.35	287.542
2823.59	294.111
2822.83	261.029
2822.08	310.549
2821.32	310.507
2820.56	313.767
2819.8	290.607
2819.05	307.077
2818.29	310.336
2817.53	336.701
2816.78	290.448
2816.02	330.009
2815.26	310.166
2814.5	287.029
2813.74	319.977
2812.99	319.933
2812.23	323.186
2811.47	306.655
2810.71	303.316
2809.95	286.792
2809.19	283.457
2808.44	332.851
2807.68	283.379
2806.92	303.108
2806.16	312.949
2805.4	289.85
2804.64	306.276
2803.88	289.77
2803.12	319.362
2802.36	342.361
2801.6	312.691
2800.84	289.611
2800.08	319.186
2799.33	319.142
2798.57	338.837
2797.81	358.525
2797.04	348.61
2796.28	328.832
2795.52	318.923
2794.76	322.167
2794	348.418
2793.24	325.365
2792.48	328.606
2791.72	321.99
2790.96	335.086
2790.2	331.755
2789.44	357.984
2788.68	311.961
2787.91	364.452
2787.15	308.593
2786.39	370.917
2785.63	364.302
2784.87	328.155
2784.11	328.11
2783.34	390.397
2782.58	350.981
2781.82	347.653
2781.06	341.047
2780.29	367.23
2779.53	360.623
2778.77	383.519
2778.01	412.964
2777.24	406.353
2776.48	340.765
2775.72	373.48
2774.95	363.602
2774.19	389.753
2773.43	406.074
2772.66	392.921
2771.9	376.497
2771.14	382.992
2770.37	418.943
2769.61	392.705
2768.85	405.739
2768.08	336.979
2767.32	408.899
2766.55	385.947
2765.79	434.949
2765.02	418.54
2764.26	431.56
2763.49	470.728
2762.73	490.274
2761.96	421.577
2761.2	473.801
2760.43	499.873
2759.67	476.937
2758.9	499.736
2758.14	509.464
2757.37	548.578
2756.61	476.675
2755.84	528.841
2755.07	590.784
2754.31	545.013
2753.54	548.201
2752.78	619.904
2752.01	574.148
2751.24	629.519
2750.48	645.739
2749.71	642.389
2748.94	700.988
2748.18	687.852
2747.41	726.872
2746.64	726.772
2745.88	752.741
2745.11	765.67
2744.34	817.688
2743.57	762.202
2742.81	807.693
2742.04	823.863
2741.27	787.935
2740.5	839.914
2739.73	869.094
2738.97	934.066
2738.2	976.241
2737.43	940.316
2736.66	1011.76
2735.89	1018.12
2735.12	1063.52
2734.35	1102.39
2733.59	1098.99
2732.82	1141.1
2732.05	1147.45
2731.28	1186.29
2730.51	1189.38
2729.74	1172.97
2728.97	1189.05
2728.2	1263.6
2727.43	1305.65
2726.66	1425.62
2725.89	1318.27
2725.12	1256.41
2724.35	1428.28
2723.58	1457.29
2722.81	1401.92
2722.04	1382.26
2721.27	1450.2
2720.5	1524.61
2719.73	1404.4
2718.96	1559.87
2718.19	1630.99
2717.41	1465.42
2716.64	1559.22
2715.87	1494.18
2715.1	1555.55
2714.33	1697.91
2713.56	1558.36
2712.79	1661.81
2712.01	1700.45
2711.24	1583.63
2710.47	1576.93
2709.7	1680.32
2708.93	1621.82
2708.15	1679.86
2707.38	1715.23
2706.61	1727.93
2705.84	1740.64
2705.06	1717.75
2704.29	1759.56
2703.52	1720.51
2702.74	1791.42
2701.97	1823.5
2701.2	1758.6
2700.42	1823
2699.65	1813.05
2698.88	1796.65
2698.1	1802.86
2697.33	1838.15
2696.55	1908.95
2695.78	1795.66
2695.01	1814.78
2694.23	1804.85
2693.46	1778.77
2692.68	1894.73
2691.91	1820.24
2691.13	1916.8
2690.36	1842.32
2689.58	1784
2688.81	1848.27
2688.03	1854.46
2687.26	1931.6
2686.48	1795.92
2685.71	1763.43
2684.93	1805.09
2684.16	1688.82
2683.38	1678.92
2682.6	1710.91
2681.83	1717.11
2681.05	1652.45
2680.28	1652.23
2679.5	1745.39
2678.72	1635.67
2677.95	1693.4
2677.17	1593.38
2676.39	1586.72
2675.62	1554.32
2674.84	1657.07
2674.06	1460.59
2673.29	1463.61
2672.51	1543.81
2671.73	1424.62
2670.95	1350.47
2670.18	1311.7
2669.4	1282.59
2668.62	1272.77
2667.84	1246.89
2667.06	1259.57
2666.29	1307.58
2665.51	1317.04
2664.73	1233.35
2663.95	1172.16
2663.17	1213.75
2662.39	1098
2661.61	1133.16
2660.84	1129.79
2660.06	1030.15
2659.28	1071.72
2658.5	1026.66
2657.72	1048.97
2656.94	971.851
2656.16	1026.24
2655.38	942.724
2654.6	945.801
2653.82	964.904
2653.04	919.898
2652.26	839.652
2651.48	903.623
2650.7	900.295
2649.92	864.932
2649.14	912.858
2648.36	807.048
2647.58	746.096
2646.8	790.817
2646.02	755.494
2645.24	752.189
2644.45	752.086
2643.67	751.982
2642.89	716.684
2642.11	729.381
2641.33	694.096
2640.55	709.991
2639.76	665.125
2638.98	725.782
2638.2	677.729
2637.42	645.672
2636.64	616.819
2635.85	725.382
2635.07	626.234
2634.29	603.786
2633.51	626.062
2632.72	629.169
2631.94	562.023
2631.16	504.474
2630.37	555.483
2629.59	564.982
2628.81	587.245
2628.02	583.973
2627.24	516.889
2626.46	583.812
2625.67	551.834
2624.89	545.379
2624.11	475.148
2623.32	468.705
2622.54	516.461
2621.75	487.702
2620.97	481.26
2620.18	487.567
2619.4	484.314
2618.62	446.017
2617.83	512.849
2617.05	468.188
2616.26	461.755
2615.48	442.587
2614.69	436.158
2613.9	442.465
2613.12	471.048
2612.33	420.066
2611.55	448.645
2610.76	461.309
2609.98	448.522
2609.19	413.473
2608.4	422.957
2607.62	448.336
2606.83	406.944
2606.04	403.709
2605.26	368.691
2604.47	381.352
2603.68	454.382
2602.9	390.778
2602.11	441.55
2601.32	358.908
2600.54	349.332
2599.75	358.809
2598.96	409.558
2598.17	352.361
2597.39	368.183
2596.6	390.347
2595.81	345.869
2595.02	380.721
2594.23	415.563
2593.45	399.647
2592.66	352.021
2591.87	402.707
2591.08	389.97
2590.29	370.896
2589.5	348.657
2588.72	370.793
2587.93	358.067
2587.14	377.028
2586.35	386.479
2585.56	323.077
2584.77	304.031
2583.98	357.82
2583.19	338.774
2582.4	329.23
2581.61	332.35
2580.82	354.458
2580.03	360.738
2579.24	338.54
2578.45	322.676
2577.66	373.241
2576.87	351.051
2576.08	369.975
2575.29	344.63
2574.5	331.937
2573.71	297.122
2572.92	319.204
2572.12	331.8
2571.33	363.35
2570.54	325.39
2569.75	341.139
2568.96	322.142
2568.17	312.624
2567.38	350.47
2566.58	344.107
2565.79	306.182
2565	299.827
2564.21	340.809
2563.41	321.831
2562.62	280.774
2561.83	305.97
2561.04	321.697
2560.24	315.346
2559.45	290.078
2558.66	312.106
2557.87	293.15
2557.07	330.931
2556.28	340.339
2555.49	280.426
2554.69	330.793
2553.9	355.948
2553.1	349.599
2552.31	324.358
2551.52	289.678
2550.72	317.972
2549.93	305.337
2549.13	324.179
2548.34	311.546
2547.54	339.822
2546.75	327.191
2545.96	374.33
2545.16	305.084
2544.37	295.607
2543.57	305
2542.78	336.396
2541.98	317.489
2541.18	326.874
2540.39	298.546
2539.59	323.642
2538.8	295.322
2538	314.129
2537.21	329.789
2536.41	317.182
2535.61	357.958
2534.82	323.374
2534.02	273.103
2533.22	285.62
2532.43	304.41
2531.63	291.817
2530.83	304.326
2530.04	304.284
2529.24	335.607
2528.44	307.336
2527.65	304.158
2526.85	329.197
2526.05	304.074
2525.25	338.51
2524.46	329.061
2523.66	316.482
2522.86	335.236
2522.06	313.261
2521.26	303.822
2520.47	303.78
2519.67	335.051
2518.87	300.565
2518.07	341.219
2517.27	297.352
2516.47	297.311
2515.67	278.495
2514.87	309.743
2514.07	319.085
2513.28	309.658
2512.48	312.742
2511.68	328.334
2510.88	334.542
2510.08	378.261
2509.28	325.072
2508.48	346.904
2507.68	349.981
2506.88	328.062
2506.08	309.272
2505.28	374.824
2504.48	296.695
2503.68	287.285
2502.88	352.813
2502.07	318.424
2501.27	324.623
2500.47	355.787
2499.67	343.256
2498.87	293.287
2498.07	336.922
2497.27	290.087
2496.47	321.235
2495.66	305.598
2494.86	352.325
2494.06	333.571
2493.26	305.472
2492.46	349.062
2491.65	327.201
2490.85	377.008
2490.05	339.571
2489.25	314.605
2488.44	323.905
2487.64	326.974
2486.84	364.292
2486.03	311.318
2485.23	333.064
2484.43	339.243
2483.62	314.301
2482.82	401.378
2482.02	314.214
2481.21	314.17
2480.41	388.771
2479.61	351.4
2478.8	360.679
2478	373.065
2477.19	351.254
2476.39	369.854
2475.58	376.018
2474.78	354.216
2473.98	347.953
2473.17	344.799
2472.37	394.445
2471.56	329.176
2470.76	357.076
2469.95	400.49
2469.15	341.456
2468.34	360.031
2467.53	422.047
2466.73	344.417
2465.92	387.803
2465.12	387.75
2464.31	387.696
2463.5	387.642
2462.7	375.186
2461.89	396.836
2461.09	381.282
2460.28	371.931
2459.47	362.582
2458.67	387.32
2457.86	365.58
2457.05	362.432
2456.24	393.354
2455.44	334.46
2454.63	387.052
2453.82	349.847
2453.01	433.379
2452.21	377.606
2451.4	383.743
2450.59	405.35
2449.78	361.98
2448.97	386.677
2448.17	380.438
2447.36	380.385
2446.55	367.964
2445.74	364.821
2444.93	386.41
2444.12	346.175
2443.31	299.771
2442.51	386.249
2441.7	401.644
2440.89	324.359
2440.08	339.758
2439.27	358.241
2438.46	358.191
2437.65	327.267
2436.84	333.396
2436.03	345.696
2435.22	361.079
2434.41	314.743
2433.6	327.041
2432.79	314.656
2431.98	354.71
2431.17	302.233
2430.36	302.191
2429.54	323.731
2428.73	314.438
2427.92	311.312
2427.11	308.187
2426.3	323.552
2425.49	311.183
2424.68	283.414
2423.87	292.615
2423.05	249.459
2422.24	277.138
2421.43	280.178
2420.62	273.983
2419.81	267.789
2418.99	221.587
2418.18	273.869
2417.37	276.908
2416.56	304.556
2415.74	298.362
2414.93	307.547
2414.12	292.129
2413.3	267.492
2412.49	285.9
2411.68	288.934
2410.86	301.187
2410.05	285.781
2409.24	239.654
2408.42	297.99
2407.61	245.731
2406.8	257.982
2405.98	310.149
2405.17	291.684
2404.35	251.735
2403.54	270.117
2402.72	233.25
2401.91	273.11
2401.09	230.117
2400.28	269.967
2399.46	260.727
2398.65	242.289
2397.83	266.788
2397.02	266.751
2396.2	263.648
2395.39	266.677
2394.57	278.9
2393.76	272.732
2392.94	297.206
2392.12	232.83
2391.31	278.745
2390.49	248.079
2389.67	275.605
2388.86	217.392
2388.04	296.959
2387.22	244.881
2386.41	290.755
2385.59	235.632
2384.77	278.436
2383.96	247.804
2383.14	260.005
2382.32	290.554
2381.5	262.991
2380.69	266.012
2379.87	244.575
2379.05	244.541
2378.23	226.169
2377.42	259.753
2376.6	274.994
2375.78	290.231
2374.96	262.699
2374.14	296.259
2373.32	284.003
2372.5	247.323
2371.69	262.554
2370.87	277.78
2370.05	253.324
2369.23	265.496
2368.41	265.459
2367.59	253.219
2366.77	317.242
2365.95	262.299
2365.13	259.213
2364.31	253.078
2363.49	259.141
2362.67	237.767
2361.85	222.494
2361.03	262.08
2360.21	265.091
2359.39	277.241
2358.57	222.371
2357.75	261.935
2356.93	261.898
2356.11	267.952
2355.28	234.425
2354.46	264.834
2353.64	246.535
2352.82	234.328
2352	228.21
2351.18	249.475
2350.35	285.943
2349.53	301.111
2348.71	267.617
2347.89	264.54
2347.07	270.583
2346.24	255.347
2345.42	234.035
2344.6	200.574
2343.78	294.742
2342.95	230.9
2342.13	239.981
2341.31	273.358
2340.48	270.283
2339.66	267.209
2338.84	255.028
2338.01	261.063
2337.19	257.992
2336.37	248.852
2335.54	270.058
2334.72	260.918
2333.89	236.614
2333.07	218.383
2332.25	285.071
2331.42	318.386
2330.6	318.342
2329.77	312.235
2328.95	257.634
2328.12	254.568
2327.3	281.803
2326.47	251.467
2325.65	290.813
2324.82	260.484
2324	242.277
2323.17	263.44
2322.34	275.513
2321.52	224.013
2320.69	278.464
2319.87	260.267
2319.04	281.412
2318.21	254.143
2317.39	266.209
2316.56	238.949
2315.73	299.401
2314.91	247.955
2314.08	253.967
2313.25	296.254
2312.43	250.874
2311.6	284.083
2310.77	214.543
2309.94	271.918
2309.12	229.588
2308.29	232.577
2307.46	196.304
2306.63	235.532
2305.81	271.73
2304.98	259.617
2304.15	247.507
2303.32	238.419
2302.49	274.596
2301.66	280.592
2300.83	238.319
2300.01	247.335
2299.18	259.364
2298.35	208.065
2297.52	256.277
2296.69	274.329
2295.86	256.206
2295.03	253.156
2294.2	256.134
2293.37	256.099
2292.54	250.038
2291.71	274.1
2290.88	262.015
2290.05	274.024
2289.22	283.018
2288.39	237.823
2287.56	237.79
2286.73	246.785
2285.9	255.779
2285.07	267.778
2284.24	240.666
2283.41	261.688
2282.57	231.576
2281.74	270.636
2280.91	246.545
2280.08	255.53
2279.25	252.488
2278.42	240.432
2277.58	264.438
2276.75	264.401
2275.92	234.323
2275.09	219.272
2274.25	291.321
2273.42	243.234
2272.59	267.22
2271.76	255.174
2270.92	267.145
2270.09	267.108
2269.26	273.073
2268.42	246.031
2267.59	251.997
2266.76	230.965
2265.92	251.927
2265.09	254.891
2264.26	242.862
2263.42	236.832
2262.59	251.787
2261.75	251.752
2260.92	218.754
2260.09	251.682
2259.25	272.617
2258.42	242.625
2257.58	239.597
2256.75	242.558
2255.91	221.565
2255.08	212.553
2254.24	227.49
2253.41	242.423
2252.57	260.344
2251.74	233.379
2250.9	281.213
2250.06	287.156
2249.23	257.208
2248.39	221.288
2247.56	236.207
2246.72	263.08
2245.88	242.119
2245.05	268.984
2244.21	265.958
2243.37	256.958
2242.54	283.809
2241.7	227.016
2240.86	265.81
2240.03	241.883
2239.19	265.736
2238.35	271.67
2237.51	280.587
2236.68	247.718
2235.84	229.779
2235	229.747
2234.16	229.715
2233.32	268.46
2232.49	241.58
2231.65	259.439
2230.81	250.458
2229.97	256.386
2229.13	232.503
2228.29	259.295
2227.45	235.419
2226.62	253.263
2225.78	217.478
2224.94	309.789
2224.1	226.353
2223.26	244.188
2222.42	267.974
2221.58	226.258
2220.74	244.086
2219.9	309.53
2219.06	229.139
2218.22	264.812
2217.38	282.626
2216.54	223.094
2215.7	231.986
2214.86	258.717
2214.02	285.441
2213.17	252.699
2212.33	273.472
2211.49	285.322
2210.65	231.792
2209.81	255.53
2208.97	311.941
2208.13	210.902
2207.28	258.393
2206.44	276.175
2205.6	264.259
2204.76	267.191
2203.92	240.439
2203.07	237.437
2202.23	240.372
2201.39	264.075
2200.55	284.806
2199.7	296.631
2198.86	258.033
2198.02	249.101
2197.17	260.926
2196.33	263.855
2195.49	251.961
2194.64	263.781
2193.8	299.305
2192.96	248.892
2192.11	242.933
2191.27	257.71
2190.43	239.903
2189.58	260.599
2188.74	260.563
2187.89	251.645
2187.05	236.809
2186.2	272.293
2185.36	245.621
2184.51	242.628
2183.67	272.179
2182.82	286.931
2181.98	186.331
2181.13	242.493
2180.29	209.934
2179.44	248.338
2178.6	286.731
2177.75	218.713
2176.9	248.234
2176.06	254.109
2175.21	262.936
2174.37	245.176
2173.52	242.188
2172.67	265.779
2171.83	239.168
2170.98	262.753
2170.13	280.427
2169.28	239.068
2168.44	233.132
2167.59	221.297
2166.74	212.416
2165.9	256.633
2165.05	259.547
2164.2	250.664
2163.35	241.783
2162.5	215.216
2161.66	247.611
2160.81	274.103
2159.96	312.374
2159.11	244.561
2158.26	285.772
2157.41	244.493
2156.56	247.404
2155.72	262.094
2154.87	256.168
2154.02	270.853
2153.17	267.871
2152.32	264.891
2151.47	232.483
2150.62	253.047
2149.77	270.664
2148.92	250.035
2148.07	308.823
2147.22	258.787
2146.37	220.527
2145.52	291.054
2144.67	232.223
2143.82	235.13
2142.97	287.994
2142.12	255.632
2141.27	299.665
2140.41	273.186
2139.56	261.399
2138.71	187.946
2137.86	252.518
2137.01	273.033
2136.16	196.674
2135.31	202.517
2134.45	243.573
2133.6	252.341
2132.75	255.24
2131.9	225.87
2131.05	266.901
2130.19	296.189
2129.34	281.487
2128.49	260.925
2127.63	278.477
2126.78	243.267
2125.93	269.607
2125.08	231.478
2124.22	234.376
2123.37	228.484
2122.51	254.812
2121.66	254.777
2120.81	240.101
2119.95	275.199
2119.1	269.306
2118.25	251.708
2117.39	231.188
2116.54	222.377
2115.68	272.081
2114.83	231.091
2113.97	257.381
2113.12	219.329
2112.26	233.918
2111.41	242.656
2110.55	242.622
2109.7	242.588
2108.84	242.554
2107.99	277.583
2107.13	222.036
2106.27	248.295
2105.42	297.912
2104.56	224.863
2103.71	280.309
2102.85	268.592
2101.99	274.393
2101.14	291.866
2100.28	271.398
2099.42	242.181
2098.57	253.817
2097.71	218.777
2096.85	285.829
2096	268.292
2095.14	253.675
2094.28	227.401
2093.42	268.179
2092.56	238.996
2091.71	256.448
2090.85	291.377
2089.99	265.116
2089.13	259.253
2088.27	209.704
2087.42	253.356
2086.56	250.409
2085.7	273.665
2084.84	296.914
2083.98	276.499
2083.12	308.471
2082.26	273.512
2081.4	256.018
2080.54	247.255
2079.68	264.672
2078.82	241.37
2077.96	229.706
2077.1	267.468
2076.24	247.082
2075.38	267.393
2074.52	276.074
2073.66	255.696
2072.8	296.333
2071.94	281.767
2071.08	296.25
2070.22	241.033
2069.36	281.649
2068.5	278.707
2067.64	275.765
2066.78	275.726
2065.91	249.57
2065.05	301.763
2064.19	217.587
2063.33	298.778
2062.47	278.434
2061.61	252.295
2060.74	278.356
2059.88	249.326
2059.02	252.189
2058.16	255.052
2057.29	252.119
2056.43	298.444
2055.57	254.945
2054.7	304.154
2053.84	278.044
2052.98	272.214
2052.11	260.594
2051.25	263.452
2050.39	254.731
2049.52	257.59
2048.66	280.705
2047.8	286.452
2046.93	257.482
2046.07	295.05
2045.2	263.194
2044.34	251.59
2043.47	254.446
2042.61	312.231
2041.74	274.609
2040.88	254.339
2040.01	257.193
2039.15	251.379
2038.28	265.788
2037.42	265.751
2036.55	268.602
2035.69	262.789
2034.82	239.653
2033.95	285.811
2033.09	274.225
2032.22	277.073
2031.36	265.491
2030.49	253.912
2029.62	300.036
2028.76	259.61
2027.89	282.647
2027.02	259.537
2026.16	245.084
2025.29	233.518
2024.42	305.549
2023.55	253.628
2022.69	253.592
2021.82	337.115
2020.95	250.64
2020.08	276.53
2019.22	270.731
2018.35	259.174
2017.48	302.327
2016.61	285.011
2015.74	276.336
2014.87	313.713
2014	261.87
2013.14	258.956
2012.27	287.689
2011.4	250.254
2010.53	267.476
2009.66	267.438
2008.79	261.65
2007.92	281.737
2007.05	275.949
2006.18	267.288
2005.31	281.619
2004.44	281.579
2003.57	255.684
2002.7	267.138
2001.83	264.229
2000.96	310.138
2000.09	281.382
1999.22	292.826
1998.35	289.915
1997.48	318.574
1996.6	252.528
1995.73	315.616
1994.86	281.146
1993.99	258.159
1993.12	289.671
1992.25	278.16
1991.37	258.05
1990.5	240.813
1989.63	306.707
1988.76	329.592
1987.89	263.637
1987.01	260.734
1986.14	306.535
1985.27	300.763
1984.39	257.761
1983.52	280.633
1982.65	277.731
1981.77	297.731
1980.9	266.203
1980.03	277.614
1979.15	263.267
1978.28	288.981
1977.41	271.776
1976.53	297.481
1975.66	294.579
1974.78	263.082
1973.91	300.215
1973.04	285.879
1972.16	280.122
1971.29	297.231
1970.41	262.898
1969.54	271.433
1968.66	277.108
1967.79	262.787
1966.91	274.174
1966.04	302.692
1965.16	274.097
1964.28	256.93
1963.41	276.875
1962.53	285.398
1961.66	279.651
1960.78	299.584
1959.9	245.339
1959.03	276.681
1958.15	273.79
1957.27	230.978
1956.4	253.755
1955.52	262.271
1954.64	273.636
1953.77	250.798
1952.89	270.71
1952.01	293.465
1951.13	267.785
1950.26	236.415
1949.38	276.254
1948.5	259.129
1947.62	279.023
1946.74	284.678
1945.87	284.638
1944.99	270.368
1944.11	227.646
1943.23	250.376
1942.35	290.167
1941.47	273.06
1940.59	258.802
1939.71	281.514
1938.83	261.572
1937.95	244.479
1937.08	275.711
1936.2	250.094
1935.32	295.525
1934.44	250.024
1933.56	247.148
1932.68	266.996
1931.8	258.439
1930.91	241.365
1930.03	261.205
1929.15	258.33
1928.27	312.223
1927.39	272.447
1926.51	306.46
1925.63	280.882
1924.75	275.169
1923.87	277.967
1922.99	263.748
1922.1	283.56
1921.22	249.498
1920.34	277.811
1919.46	289.109
1918.58	266.397
1917.69	297.529
1916.81	269.155
1915.93	257.786
1915.05	303.068
1914.16	271.873
1913.28	288.825
1912.4	280.291
1911.51	283.082
1910.63	254.738
1909.75	305.643
1908.86	282.963
1907.98	274.435
1907.1	299.856
1906.21	268.701
1905.33	288.46
1904.45	257.315
1903.56	277.07
1902.68	279.857
1901.79	274.165
1900.91	268.475
1900.02	291.042
1899.14	271.224
1898.25	276.836
1897.37	290.919
1896.48	273.934
1895.6	248.482
1894.71	290.797
1893.83	282.287
1892.94	262.49
1892.05	276.563
1891.17	287.811
1890.28	293.413
1889.4	282.089
1888.51	265.126
1887.62	290.469
1886.74	270.691
1885.85	276.291
1884.96	298.804
1884.08	242.391
1883.19	278.993
1882.3	273.318
1881.41	298.635
1880.53	256.34
1879.64	301.368
1878.75	312.59
1877.86	315.362
1876.98	287.164
1876.09	284.309
1875.2	256.123
1874.31	272.972
1873.42	275.747
1872.53	272.895
1871.64	289.735
1870.76	300.944
1869.87	233.41
1868.98	289.612
1868.09	303.628
1867.2	272.665
1866.31	278.248
1865.42	281.019
1864.53	266.93
1863.64	278.13
1862.75	339.889
1861.86	249.966
1860.97	272.396
1860.08	308.86
1859.19	255.475
1858.3	280.702
1857.41	311.536
1856.52	325.523
1855.63	300.225
1854.73	269.323
1853.84	302.945
1852.95	283.27
1852.06	277.622
1851.17	277.582
1850.28	291.561
1849.39	302.732
1848.49	271.86
1847.6	302.647
1846.71	274.585
1845.82	277.348
1844.92	294.116
1844.03	282.871
1843.14	313.635
1842.25	254.792
1841.35	277.153
1840.46	229.528
1839.57	293.867
1838.67	249.052
1837.78	251.815
1836.89	290.945
1835.99	271.324
1835.1	302.05
1834.2	299.211
1833.31	279.597
1832.42	321.492
1831.52	271.133
1830.63	279.479
1829.73	318.561
1828.84	271.018
1827.94	298.916
1827.05	279.322
1826.15	256.94
1825.26	276.451
1824.36	276.412
1823.47	323.831
1822.57	273.542
1821.67	265.131
1820.78	281.837
1819.88	262.266
1818.99	276.178
1818.09	301.243
1817.19	292.833
1816.3	287.215
1815.4	303.903
1814.5	284.346
1813.61	273.157
1812.71	278.692
1811.81	298.159
1810.92	273.042
1810.02	281.36
1809.12	275.75
1808.22	284.066
1807.32	292.379
1806.43	267.281
1805.53	256.108
1804.63	306.173
1803.73	256.036
1802.83	297.739
1801.94	286.568
1801.04	311.564
1800.14	297.613
1799.24	297.571
1798.34	283.625
1797.44	275.245
1796.54	333.583
1795.64	266.829
1794.74	280.686
1793.84	269.532
1792.94	266.716
1792.04	291.679
1791.14	280.528
1790.24	277.711
1789.34	291.556
1788.44	280.409
1787.54	305.353
1786.64	299.759
1785.74	330.243
1784.84	291.35
1783.94	310.73
1783.04	235.788
1782.13	324.51
1781.23	269
1780.33	235.688
1779.43	365.959
1778.53	293.834
1777.63	263.305
1776.72	285.438
1775.82	288.168
1774.92	288.128
1774.02	268.696
1773.11	260.349
1772.21	293.544
1771.31	318.423
1770.41	287.924
1769.5	301.724
1768.6	301.682
1767.7	290.57
1766.79	287.762
1765.89	279.421
1764.98	295.979
1764.08	312.532
1763.18	298.661
1762.27	290.324
1761.37	315.164
1760.46	287.477
1759.56	315.075
1758.65	270.816
1757.75	292.882
1756.85	265.214
1755.94	284.512
1755.03	334.185
1754.13	295.478
1753.22	323.047
1752.32	350.608
1751.41	311.914
1750.51	298.071
1749.6	322.864
1748.69	350.41
1747.79	270.357
1746.88	322.727
1745.98	306.134
1745.07	341.939
1744.16	295.019
1743.26	281.193
1742.35	325.256
1741.44	363.794
1740.53	292.096
1739.63	305.831
1738.72	305.788
1737.81	330.535
1736.9	291.931
1736	338.703
1735.09	341.408
1734.18	313.831
1733.27	333.054
1732.36	313.742
1731.46	324.705
1730.55	321.907
1729.64	277.847
1728.73	324.567
1727.82	349.273
1726.91	343.724
1726	302.434
1725.09	321.634
1724.18	285.857
1723.27	338.033
1722.36	313.254
1721.45	337.937
1720.54	332.395
1719.63	332.348
1718.72	324.062
1717.81	359.713
1716.9	291.025
1715.99	340.396
1715.08	332.113
1714.17	323.833
1713.26	299.092
1712.35	331.972
1711.44	331.925
1710.52	315.422
1709.61	326.347
1708.7	315.333
1707.79	298.838
1706.88	337.173
1705.96	326.162
1705.05	323.376
1704.14	369.911
1703.23	326.024
1702.31	345.153
1701.4	347.843
1700.49	350.532
1699.58	353.221
1698.66	336.744
1697.75	339.434
1696.84	339.386
1695.92	314.708
1695.01	350.235
1694.09	325.563
1693.18	358.342
1692.27	336.411
1691.35	374.648
1690.44	349.987
1689.52	287.058
1688.61	300.685
1687.69	358.038
1686.78	308.798
1685.86	374.33
1684.95	412.524
1684.03	308.667
1683.12	338.666
1682.2	335.887
1681.29	338.57
1680.37	343.982
1679.46	352.122
1678.54	365.719
1677.62	349.294
1676.71	376.529
1675.79	330.098
1674.88	346.418
1673.96	381.824
1673.04	332.685
1672.12	354.45
1671.21	370.757
1670.29	359.801
1669.37	373.377
1668.46	386.949
1667.54	365.098
1666.62	414.082
1665.7	375.89
1664.78	411.241
1663.87	373.06
1662.95	378.452
1662.03	370.232
1661.11	411.008
1660.19	359.241
1659.27	410.892
1658.36	413.554
1657.44	397.173
1656.52	402.557
1655.6	388.902
1654.68	372.532
1653.76	454.044
1652.84	448.542
1651.92	467.505
1651	445.698
1650.08	404.875
1649.16	369.498
1648.24	456.374
1647.32	410.135
1646.4	480.686
1645.48	494.195
1644.56	458.83
1643.64	461.48
1642.71	461.415
1641.79	542.764
1640.87	469.424
1639.95	542.61
1639.03	564.234
1638.11	604.838
1637.19	572.21
1636.26	661.609
1635.34	702.182
1634.42	745.454
1633.5	791.424
1632.57	834.672
1631.65	875.197
1630.73	961.767
1629.81	1121.45
1628.88	1194.42
1627.96	1359.44
1627.04	1500.05
1626.11	1648.74
1625.19	1778.43
1624.27	1837.72
1623.34	1864.52
1622.42	1791.2
1621.49	1920.81
1620.57	1750.12
1619.65	1717.42
1618.72	1606.3
1617.8	1643.93
1616.87	1581.52
1615.95	1543.45
1615.02	1524.31
1614.1	1515.99
1613.17	1510.37
1612.25	1496.65
1611.32	1415.4
1610.39	1523.23
1609.47	1463.6
1608.54	1522.8
1607.62	1554.98
1606.69	1600.64
1605.76	1595.02
1604.84	1586.7
1603.91	1643.13
1602.98	1729.22
1602.06	1834.17
1601.13	1871.67
1600.2	1833.65
1599.28	1976.29
1598.35	2081.14
1597.42	2334.22
1596.49	2395.87
1595.57	2578.76
1594.64	2678.09
1593.71	2809.7
1592.78	3057.11
1591.85	3183.25
1590.93	3470.92
1590	3736.97
1589.07	4067.55
1588.14	4206.93
1587.21	4440.47
1586.28	4708.92
1585.35	4990.74
1584.42	5194.48
1583.49	5473.46
1582.56	5432.35
1581.63	5445.02
1580.7	5468.44
1579.77	5344.01
1578.84	5136.3
1577.91	4732.46
1576.98	4557.13
1576.05	4140.06
1575.12	3884.28
1574.19	3596.35
1573.26	3356.83
1572.33	3095.9
1571.4	2851.15
1570.47	2590.37
1569.54	2418.23
1568.6	2272.97
1567.67	2103.61
1566.74	1942.34
1565.81	1826.72
1564.88	1770.14
1563.94	1627.76
1563.01	1522.96
1562.08	1455.72
1561.15	1447.47
1560.21	1251.62
1559.28	1160.33
1558.35	1213.75
1557.41	1194.83
1556.48	1130.37
1555.55	1020.4
1554.61	1060.42
1553.68	945.143
1552.75	955.717
1551.81	918.107
1550.88	816.276
1549.94	808.133
1549.01	898.987
1548.07	791.852
1547.14	764.991
1546.21	802.324
1545.27	791.514
1544.34	721.886
1543.4	708.417
1542.46	692.279
1541.53	750.976
1540.59	689.41
1539.66	724.045
1538.72	678.529
1537.79	681.103
1536.85	638.276
1535.91	648.866
1534.98	624.745
1534.04	584.614
1533.1	645.92
1532.17	579.111
1531.23	528.33
1530.29	552.266
1529.36	562.858
1528.42	613.455
1527.48	573.365
1526.54	573.284
1525.61	578.534
1524.67	570.455
1523.73	541.055
1522.79	506.334
1521.85	554.224
1520.92	548.817
1519.98	538.084
1519.04	508.71
1518.1	556.572
1517.16	537.854
1516.22	511.155
1515.28	457.844
1514.34	489.717
1513.4	508.275
1512.46	478.935
1511.52	532.074
1510.58	513.378
1509.64	502.667
1508.7	518.55
1507.76	494.547
1506.82	497.135
1505.88	486.432
1504.94	473.074
1504	510.209
1503.06	430.428
1502.12	488.811
1501.18	467.492
1500.24	486.016
1499.3	488.602
1498.35	515.083
1497.41	445.988
1496.47	488.394
1495.53	461.785
1494.59	482.947
1493.64	419.202
1492.7	469.546
1491.76	464.174
1490.82	466.76
1489.87	466.693
1488.93	474.581
1487.99	511.626
1487.04	479.747
1486.1	474.378
1485.16	474.31
1484.21	455.697
1483.27	463.579
1482.33	497.945
1481.38	447.557
1480.44	513.691
1479.49	465.962
1478.55	457.955
1477.61	442.009
1476.66	415.482
1475.72	500.095
1474.77	468.276
1473.83	518.469
1472.88	494.591
1471.94	499.81
1470.99	499.738
1470.04	481.161
1469.1	512.813
1468.15	507.454
1467.21	512.667
1466.26	491.456
1465.31	499.311
1464.37	517.73
1463.42	517.656
1462.47	477.972
1461.53	514.868
1460.58	477.835
1459.63	535.838
1458.69	504.091
1457.74	469.714
1456.79	527.694
1455.84	480.133
1454.9	506.441
1453.95	466.809
1453	506.297
1452.05	490.405
1451.1	500.88
1450.15	490.265
1449.21	498.102
1448.26	482.22
1447.31	437.361
1446.36	532.135
1445.41	524.157
1444.46	455.609
1443.51	524.007
1442.56	473.909
1441.61	565.977
1440.66	536.943
1439.71	507.918
1438.76	523.634
1437.81	513.035
1436.86	476.134
1435.91	426.092
1434.96	531.224
1434.01	512.742
1433.06	549.476
1432.11	502.081
1431.16	528.293
1430.21	525.589
1429.25	546.535
1428.3	543.829
1427.35	533.245
1426.4	517.41
1425.45	519.962
1424.49	617.038
1423.54	543.441
1422.59	532.864
1421.64	496.044
1420.68	619.31
1419.73	545.755
1418.78	561.417
1417.83	582.322
1416.87	569.125
1415.92	582.155
1414.97	613.536
1414.01	605.583
1413.06	581.906
1412.1	613.273
1411.15	610.565
1410.2	649.779
1409.24	652.306
1408.29	612.922
1407.33	615.454
1406.38	670.356
1405.42	683.351
1404.47	704.196
1403.51	672.686
1402.56	693.527
1401.6	701.278
1400.65	709.026
1399.69	680.15
1398.74	797.754
1397.78	758.412
1396.82	792.296
1395.87	773.882
1394.91	773.771
1393.95	867.754
1393	867.63
1392.04	911.927
1391.08	869.995
1390.13	935.176
1389.17	992.503
1388.21	992.361
1387.26	1020.94
1386.3	1046.9
1385.34	1145.95
1384.38	1127.51
1383.42	1174.32
1382.47	1260.26
1381.51	1296.61
1380.55	1372.07
1379.59	1491.84
1378.63	1569.86
1377.67	1600.93
1376.71	1736.26
1375.76	1835.06
1374.8	1920.81
1373.84	2084.7
1372.88	2214.68
1371.92	2355.04
1370.96	2479.73
1370	2622.62
1369.04	2835.77
1368.08	2936.91
1367.12	3212.44
1366.16	3375.96
1365.2	3427.53
1364.24	3687.25
1363.27	3871.45
1362.31	4094.62
1361.35	4221.48
1360.39	4353.51
1359.43	4688.33
1358.47	4747.45
1357.51	5063.92
1356.54	5047.6
1355.58	5426.3
1354.62	5428.12
1353.66	5596.22
1352.7	5959.1
1351.73	5838.77
1350.77	5988.55
1349.81	6151.28
1348.85	6178.96
1347.88	6139.14
1346.92	6205.74
1345.96	6129.59
1344.99	6102.77
1344.03	5855.43
1343.06	5909.07
1342.1	5550.3
1341.14	5492.46
1340.17	5468.34
1339.21	5254.97
1338.24	5031.29
1337.28	4895.8
1336.31	4602.28
1335.35	4412.48
1334.38	4259
1333.42	4022.67
1332.45	3739.8
1331.49	3648.63
1330.52	3391.78
1329.56	3259.27
1328.59	3147.5
1327.63	2971.06
1326.66	2905.95
1325.69	2789.1
1324.73	2605.03
1323.76	2555.51
1322.79	2337.91
1321.83	2285.86
1320.86	2169.18
1319.89	2065.47
1318.93	1987.63
1317.96	1837.46
1316.99	1852.7
1316.02	1777.51
1315.05	1694.59
1314.09	1627.19
1313.12	1515.91
1312.15	1458.89
1311.18	1396.72
1310.21	1370.7
1309.25	1295.66
1308.28	1323.86
1307.31	1215.3
1306.34	1186.75
1305.37	1220.11
1304.4	1090.98
1303.43	1088.24
1302.46	1015.89
1301.49	1085.35
1300.52	979.513
1299.55	948.445
1298.58	1030.77
1297.61	943.02
1296.64	927.428
1295.67	873.203
1294.7	857.625
1293.73	811.15
1292.76	803.31
1291.79	818.64
1290.82	803.079
1289.84	792.67
1288.87	771.97
1287.9	748.703
1286.93	764.031
1285.96	763.921
1284.98	668.657
1284.01	712.274
1283.04	696.746
1282.07	688.934
1281.09	683.695
1280.12	699.016
1279.15	650.095
1278.18	619.171
1277.2	678.165
1276.23	665.225
1275.26	618.905
1274.28	608.545
1273.31	605.89
1272.33	533.928
1271.36	592.883
1270.39	644.123
1269.41	572.186
1268.44	574.67
1267.46	574.587
1266.49	584.764
1265.51	576.987
1264.54	556.392
1263.56	571.694
1262.59	535.726
1261.61	512.582
1260.64	520.196
1259.66	525.246
1258.69	509.8
1257.71	537.902
1256.73	545.508
1255.76	532.627
1254.78	542.791
1253.8	501.754
1252.83	465.847
1251.85	524.643
1250.87	498.979
1249.9	509.141
1248.92	460.464
1247.94	519.226
1246.96	508.922
1245.99	480.721
1245.01	480.652
1244.03	462.689
1243.05	485.626
1242.07	447.223
1241.1	419.051
1240.12	485.417
1239.14	436.812
1238.16	480.169
1237.18	497.976
1236.2	451.944
1235.22	449.326
1234.24	487.551
1233.26	479.824
1232.28	438.925
1231.3	451.619
1230.32	456.657
1229.34	466.794
1228.36	484.58
1227.38	430.959
1226.4	448.745
1225.42	423.187
1224.44	407.833
1223.46	430.711
1222.48	445.939
1221.5	435.683
1220.52	433.073
1219.53	404.993
1218.55	466.056
1217.57	384.505
1216.59	435.37
1215.61	437.853
1214.63	419.973
1213.64	465.721
1212.66	399.496
1211.68	409.615
1210.7	437.538
1209.71	414.584
1208.73	424.697
1207.75	396.666
1206.76	429.66
1205.78	429.598
1204.8	462.577
1203.81	429.474
1202.83	437.035
1201.84	401.405
1200.86	421.668
1199.88	378.431
1198.89	431.705
1197.91	385.939
1196.92	396.038
1195.94	393.443
1194.95	411.152
1193.97	436.469
1192.98	428.795
1192	403.364
1191.01	421.062
1190.02	357.597
1189.04	375.296
1188.05	398.061
1187.07	398.004
1186.08	390.342
1185.09	402.958
1184.11	410.502
1183.12	385.107
1182.13	382.518
1181.15	407.792
1180.16	405.2
1179.17	364.628
1178.18	435.465
1177.2	372.117
1176.21	367.001
1175.22	402.378
1174.23	402.32
1173.24	419.972
1172.26	402.204
1171.27	394.559
1170.28	374.271
1169.29	404.559
1168.3	391.86
1167.31	404.442
1166.32	399.329
1165.33	361.366
1164.34	381.527
1163.36	406.736
1162.37	394.047
1161.38	363.683
1160.39	383.833
1159.4	401.451
1158.41	376.149
1157.41	338.233
1156.42	373.517
1155.43	325.518
1154.44	358.271
1153.45	373.355
1152.46	360.69
1151.47	358.116
1150.48	337.892
1149.49	347.928
1148.49	375.607
1147.5	345.307
1146.51	395.66
1145.52	367.885
1144.53	327.522
1143.53	370.298
1142.54	377.801
1141.55	387.819
1140.56	400.353
1139.56	427.989
1138.57	390.169
1137.58	347.326
1136.58	377.474
1135.59	405.097
1134.6	384.912
1133.6	402.465
1132.61	369.711
1131.61	392.29
1130.62	417.376
1129.62	382.121
1128.63	359.443
1127.64	427.249
1126.64	397.033
1125.65	364.313
1124.65	344.163
1123.65	356.672
1122.66	384.247
1121.66	416.835
1120.67	369.072
1119.67	363.998
1118.68	426.694
1117.68	429.142
1116.68	419.043
1115.69	381.35
1114.69	351.192
1113.69	346.125
1112.7	368.646
1111.7	381.13
1110.7	383.582
1109.71	383.526
1108.71	401.015
1107.71	370.886
1106.71	378.349
1105.71	423.389
1104.72	353.191
1103.72	393.212
1102.72	375.626
1101.72	370.564
1100.72	378.021
1099.72	357.942
1098.73	357.89
1097.73	377.857
1096.73	385.309
1095.73	342.725
1094.73	367.689
1093.73	407.65
1092.73	372.584
1091.73	380.03
1090.73	377.476
1089.73	359.925
1088.73	367.37
1087.73	377.312
1086.73	324.791
1085.73	402.183
1084.73	402.125
1083.72	379.591
1082.72	352.07
1081.72	357.012
1080.72	396.9
1079.72	344.43
1078.72	371.831
1077.71	384.253
1076.71	379.207
1075.71	326.77
1074.71	336.699
1073.71	389.018
1072.7	351.561
1071.7	329.074
1070.7	304.1
1069.69	363.87
1068.69	326.439
1067.69	321.409
1066.68	323.854
1065.68	353.697
1064.68	346.174
1063.67	316.243
1062.67	338.605
1061.66	316.151
1060.66	358.419
1059.65	355.879
1058.65	316.014
1057.65	320.944
1056.64	315.923
1055.64	350.698
1054.63	333.24
1053.62	370.489
1052.62	330.657
1051.61	340.552
1050.61	345.474
1049.6	350.394
1048.6	347.859
1047.59	362.714
1046.58	332.854
1045.58	352.675
1044.57	377.457
1043.56	340.158
1042.56	342.592
1041.55	357.435
1040.54	342.492
1039.53	369.739
1038.53	416.827
1037.52	382.036
1036.51	391.902
1035.5	429.046
1034.49	421.545
1033.49	426.442
1032.48	456.128
1031.47	453.584
1030.46	505.561
1029.45	550.09
1028.44	497.982
1027.43	572.225
1026.42	507.745
1025.41	581.965
1024.4	609.118
1023.39	534.757
1022.38	601.515
1021.37	576.678
1020.36	603.815
1019.35	618.574
1018.34	606.115
1017.33	613.447
1016.32	618.305
1015.31	642.944
1014.3	635.433
1013.29	632.869
1012.28	771.198
1011.26	761.2
1010.25	669.66
1009.24	696.741
1008.23	780.632
1007.22	810.159
1006.2	698.908
1005.19	782.762
1004.18	780.18
1003.17	812.158
1002.15	856.468
1001.14	846.473
1000.13	878.428
999.115	964.65
998.101	947.243
997.088	971.77
996.074	1077.67
995.06	1092.31
994.046	1242.54
993.032	1230.03
992.017	1392.52
991.003	1402.17
989.988	1591.69
988.973	1625.95
987.958	1746.41
986.943	1805.27
985.928	1873.95
984.913	1972.17
983.897	1986.65
982.882	1907.6
981.866	1991
980.85	1948.88
979.834	2000.26
978.817	2046.71
977.801	2002.14
976.784	2058.42
975.768	2053.2
974.751	2013.56
973.734	1986.23
972.717	2020.35
971.699	2074.13
970.682	1968.17
969.664	2080.89
968.647	1952.86
967.629	2016.43
966.611	2028.42
965.593	2040.4
964.574	2000.82
963.556	1926.9
962.537	2014.97
961.518	1995.05
960.499	1950.59
959.48	1996.92
958.461	1913.23
957.442	1890.88
956.422	1947.01
955.403	1981.05
954.383	2017.53
953.363	1875.08
952.343	1945.88
951.322	1903.94
950.302	2031.06
949.282	1971.98
948.261	1993.73
947.24	1988.55
946.219	1956.43
945.198	1965.93
944.177	1985.23
943.155	2043.68
942.134	1987.1
941.112	1972.13
940.09	1971.85
939.068	1937.32
938.046	1812.3
937.023	1677.54
936.001	1520.81
934.978	1449.7
933.955	1388.38
932.933	1234.21
931.909	1160.72
930.886	1087.25
929.863	957.62
928.839	886.647
927.816	862.096
926.792	837.552
925.768	690.941
924.744	659.106
923.72	602.873
922.695	568.619
921.671	575.857
920.646	558.695
919.621	561.053
918.596	556.093
917.571	548.697
916.546	529.111
915.52	575.355
914.494	567.958
913.469	565.438
912.443	472.755
911.417	518.98
910.391	514.032
909.364	489.599
908.338	538.237
907.311	489.457
906.284	472.342
905.257	545.306
904.23	484.375
903.203	542.713
902.176	515.868
901.148	486.597
900.12	479.228
899.092	471.862
898.064	437.746
897.036	469.293
896.008	478.949
894.98	437.555
893.951	486.102
892.922	500.612
891.893	485.96
890.864	502.896
889.835	522.255
888.806	505.178
887.776	456.537
886.747	497.747
885.717	415.133
884.687	483.038
883.657	487.822
882.627	499.884
881.596	448.86
880.566	502.164
879.535	511.793
878.504	477.766
877.473	455.873
876.442	484.9
875.411	465.437
874.379	438.707
873.348	487.112
872.316	472.503
871.284	474.857
870.252	433.607
869.22	501.361
868.188	496.444
867.155	452.788
866.122	464.827
865.09	455.077
864.057	498.575
863.024	479.144
861.99	459.717
860.957	510.454
859.923	483.772
858.89	512.724
857.856	500.558
856.822	495.65
855.788	524.587
854.753	502.756
853.719	502.683
852.684	480.862
851.65	483.208
850.615	456.565
849.58	473.406
848.544	478.167
847.509	487.756
846.474	465.956
845.438	502.098
844.402	482.716
843.366	429.554
842.33	436.73
841.294	455.967
840.257	463.137
839.221	506.482
838.184	443.71
837.147	470.168
836.11	506.261
835.073	479.672
834.036	496.473
832.998	508.449
831.961	469.825
830.923	491.438
829.885	472.097
828.847	498.519
827.809	474.367
826.77	486.336
825.732	534.41
824.693	505.449
823.654	507.782
822.615	490.865
821.576	493.199
820.537	473.883
819.497	500.27
818.458	488.174
817.418	492.911
816.378	502.456
815.338	521.612
814.298	490.292
813.258	475.802
812.217	497.357
811.176	478.066
810.136	485.202
809.095	482.73
808.054	444.238
807.012	496.994
805.971	482.518
804.929	511.251
803.888	501.576
802.846	455.912
801.804	501.43
800.762	467.773
799.719	450.915
798.677	506.007
797.634	486.751
796.591	493.872
795.548	417.093
794.505	484.141
793.462	445.728
792.419	433.683
791.375	462.367
790.331	414.393
789.288	457.442
788.244	428.64
787.199	454.915
786.155	409.363
785.111	418.878
784.066	425.996
783.021	411.577
781.976	473.723
780.931	404.28
779.886	416.18
778.841	389.813
777.795	432.797
776.75	435.124
775.704	413.547
774.658	427.827
773.612	389.528
772.565	420.534
771.519	398.971
770.472	384.58
769.426	384.524
768.379	417.9
767.332	384.412
766.284	372.419
765.237	393.847
764.189	381.856
763.142	429.526
762.094	391.288
761.046	350.677
759.998	448.419
758.95	364.883
757.901	400.598
756.853	383.85
755.804	388.562
754.755	386.121
753.706	390.831
752.657	369.329
751.607	352.598
750.558	357.311
749.508	383.457
748.458	354.825
747.408	369.059
746.358	385.67
745.308	378.472
744.258	330.817
743.207	371.223
742.156	368.789
741.105	323.535
740.054	328.245
739.003	387.653
737.952	366.195
736.9	339.989
735.849	373.22
734.797	368.412
733.745	346.969
732.693	377.808
731.64	356.371
730.588	327.813
729.535	361.017
728.483	396.585
727.43	351.413
726.377	382.225
725.324	344.189
724.27	346.512
723.217	353.581
722.163	336.92
721.109	343.988
720.055	381.889
719.001	324.914
717.947	396.005
716.892	362.754
715.838	355.589
714.783	357.907
713.728	381.554
712.673	372.02
711.618	388.55
710.563	383.755
709.507	352.908
708.451	357.593
707.396	364.644
706.34	414.307
705.283	428.45
704.227	402.352
703.171	395.194
702.114	395.136
701.057	357.226
700	392.655
698.943	373.677
697.886	375.987
696.829	371.203
695.771	432.613
694.714	418.368
693.656	439.576
692.598	411.156
691.54	399.283
690.481	420.485
689.423	394.442
688.364	441.616
687.305	417.939
686.247	460.373
685.187	443.782
684.128	483.84
683.069	474.33
682.009	443.587
680.95	431.726
679.89	474.121
678.83	455.184
677.77	478.698
676.709	504.564
675.649	471.486
674.588	454.917
673.527	504.342
672.466	475.991
671.405	511.262
670.344	471.14
669.283	478.137
668.221	527.522
667.159	499.189
666.097	536.785
665.035	529.644
663.973	437.775
662.911	545.962
661.848	534.117
660.786	489.339
659.723	465.745
658.66	468.029
657.597	477.366
656.534	479.647
655.47	498.384
654.407	491.259
653.343	484.136
652.279	479.366
651.215	451.101
650.151	486.272
649.086	476.806
648.022	493.175
646.957	448.489
645.892	490.682
644.827	448.357
643.762	445.944
642.697	457.612
641.631	443.467
640.566	466.862
639.5	448.028
638.434	476.106
637.368	440.861
636.302	473.622
635.235	431.354
634.169	410.195
633.102	452.32
632.035	461.627
630.968	447.502
629.901	456.806
628.833	496.558
627.766	475.407
626.698	512.803
625.63	547.846
624.562	486.902
623.494	505.555
622.426	526.542
621.358	573.262
620.289	505.332
619.22	533.328
618.151	526.233
617.082	481.725
616.013	526.078
614.944	540.028
613.874	551.636
612.804	497.801
611.734	497.728
610.664	462.609
609.594	464.877
608.524	478.823
607.453	469.411
606.383	436.651
605.312	417.91
604.241	459.867
603.17	452.797
602.099	406.057
601.027	443.33
599.956	431.6
598.884	375.554
597.812	447.799
596.74	424.414
595.668	394.041
594.595	393.983
593.523	386.932
592.45	403.189
591.377	368.177
590.304	375.112
589.231	384.375
588.158	384.318
587.084	402.893
586.011	386.534
584.937	430.712
583.863	384.092
582.789	360.761
581.714	388.634
580.64	381.596
579.565	397.825
578.491	411.723
577.416	395.382
576.341	379.046
575.265	381.315
574.19	406.831
573.114	413.745
572.039	413.684
570.963	427.565
569.887	418.209
568.811	399.563
567.734	425.054
566.658	420.346
565.581	450.471
564.504	450.404
563.427	466.587
562.35	438.667
561.273	464.129
560.196	457.1
559.118	475.592
558.04	477.842
556.962	468.495
555.884	498.572
554.806	479.95
553.728	505.38
552.649	533.12
551.57	544.629
550.491	537.598
549.412	535.201
548.333	609.252
547.254	611.479
546.174	664.653
545.095	643.716
544.015	680.664
542.935	706.027
541.855	752.213
540.774	823.841
539.694	837.602
538.613	867.554
537.533	999.275
536.452	1026.88
535.371	1089.17
534.289	1169.93
533.208	1357.01
532.126	1513.99
531.045	1798.03
529.963	1994.18
528.881	2335.82
527.798	3044.67
526.716	3674.78
525.633	4960.56
524.551	7234.24
523.468	11264.2
522.385	19355.6
521.302	35192.8
520.218	53713.7
519.135	52679
518.051	33419.3
516.967	18564
515.883	10731.3
514.799	6885.67
513.715	4959.44
512.631	3796.83
511.546	2998.76
510.461	2459.03
509.376	2055.42
508.291	1723.35
507.206	1490.43
506.12	1292.13
505.035	1271.21
503.949	1125.96
502.863	1001.48
501.777	1005.93
500.691	934.435
499.605	872.164
498.518	839.823
497.431	789.087
496.344	765.968
495.257	722.158
494.17	689.858
493.083	687.457
491.995	675.861
490.908	671.164
489.82	636.593
488.732	682.455
487.644	624.917
486.555	622.528
485.467	576.5
484.378	599.379
483.29	567.145
482.201	590.019
481.112	580.75
480.022	571.484
478.933	548.451
477.843	548.37
476.753	568.936
475.664	518.39
474.574	552.714
473.483	499.892
472.393	467.719
471.302	481.405
470.212	515.715
469.121	499.596
468.03	506.397
466.938	469.665
465.847	442.107
464.756	464.945
463.664	512.967
462.572	446.49
461.48	425.82
460.388	428.046
459.296	414.251
458.203	430.208
457.11	439.297
456.018	446.095
454.925	430.017
453.831	491.702
452.738	477.91
451.645	509.848
450.551	521.202
449.457	564.552
448.363	578.18
447.269	530.111
446.175	546.025
445.08	555.081
443.986	550.431
442.891	552.633
441.796	627.899
440.701	579.865
439.606	616.301
438.51	616.209
437.415	620.682
436.319	679.911
435.223	702.623
434.127	723.047
433.031	720.66
431.935	684.069
430.838	722.726
429.741	724.899
428.645	672.37
427.547	667.712
426.45	672.171
425.353	692.575
424.255	676.527
423.158	612.656
422.06	649.001
420.962	676.227
419.864	739.87
418.765	582.703
417.667	609.927
416.568	671.276
415.469	639.324
414.37	639.229
413.271	702.82
412.172	623.121
411.073	638.945
409.973	704.782
408.873	675.126
407.773	613.66
406.673	618.114
405.573	593.029
404.472	645.193
403.372	626.926
402.271	626.833
401.17	699.405
400.069	656.163
398.968	658.336
397.866	692.285
396.765	664.949
395.663	662.581
394.561	671.558
393.459	626.09
392.357	666.823
391.254	703.009
390.152	664.358
389.049	695.999
387.946	655.094
386.843	686.727
385.74	682.093
384.636	686.523
383.533	681.891
382.429	706.706
381.325	677.159
380.221	692.91
379.117	729.032
378.013	737.979
376.908	685.811
375.803	728.708
374.699	615.463
373.594	680.981
372.488	721.597
371.383	701.135
370.277	687.462
369.172	771.02
368.066	741.516
366.96	727.843
365.854	714.175
364.747	693.732
363.641	729.779
362.534	675.454
361.427	779.254
360.32	740.746
359.213	729.346
358.106	781.165
356.998	715.585
355.891	717.736
354.783	726.656
353.675	767.163
352.567	749.001
351.459	769.191
350.35	789.375
349.241	805.043
348.133	782.377
347.024	795.787
345.915	748.334
344.805	750.477
343.696	835.992
342.586	788.555
341.476	808.712
340.366	864.901
339.256	806.22
338.146	783.583
337.036	860.013
335.925	819.367
334.814	814.744
333.703	837.126
332.592	850.502
331.481	899.868
330.369	881.74
329.258	888.356
328.146	901.716
327.034	872.354
325.922	946.408
324.81	914.8
323.697	903.427
322.585	925.763
321.472	999.766
320.359	938.966
319.246	1001.71
318.133	972.372
317.019	1017.13
315.906	1005.76
314.792	1030.3
313.678	1032.39
312.564	1070.39
311.45	1067.98
310.335	1123.91
309.221	1112.52
308.106	1152.73
306.991	1244.49
305.876	1253.27
304.761	1320.34
303.645	1324.62
302.53	1490.26
301.414	1407.13
300.298	1445.01
299.182	1359.68
298.066	1283.33
296.949	1267.46
295.833	1215.77
294.716	1157.39
293.599	1152.74
292.482	1143.62
291.365	1145.68
290.247	1058.26
289.13	1105.08
288.012	1073.6
286.894	1068.97
285.776	1048.68
284.658	1028.41
283.54	1010.37
282.421	983.4
281.302	1083.81
280.183	1018.86
279.064	951.685
277.945	973.88
276.826	1020.64
275.706	1016.02
274.586	933.257
273.466	928.653
272.346	944.139
271.226	946.23
270.106	901.463
268.985	921.407
267.864	936.885
266.743	956.819
265.622	934.376
264.501	932.007
263.38	947.474
262.258	913.897
261.136	889.246
260.015	942.594
258.893	937.997
257.77	839.839
256.648	888.716
255.525	899.719
254.403	861.731
253.28	874.961
252.157	870.378
251.033	814.606
249.91	858.992
248.786	823.263
247.663	847.613
246.539	871.954
245.415	834.016
244.29	847.234
243.166	849.331
242.041	860.319
240.917	849.078
239.792	808.948
238.667	819.938
237.541	844.255
236.416	877.45
235.29	799.582
234.165	846.098
233.039	870.396
231.913	832.525
230.786	907.872
229.66	889.981
228.533	805.524
227.407	820.935
226.28	829.686
225.152	814.036
224.025	754.035
222.898	760.575
221.77	724.988
220.642	747.047
219.514	680.443
218.386	655.965
217.258	640.356
216.13	655.769
215.001	657.886
213.872	664.432
212.743	617.83
211.614	631.022
210.485	641.997
209.355	624.194
208.226	619.674
207.096	628.433
205.966	604.002
204.836	608.336
203.706	601.61
202.575	608.155
201.444	577.108
200.314	634.503
199.183	576.935
