3199.22	840.197
3198.51	872.103
3197.81	825.904
3197.1	847.056
3196.4	729.999
3195.69	839.738
3194.98	875.051
3194.28	867.847
3193.57	892.521
3192.87	871.151
3192.16	832.084
3191.45	874.454
3190.75	803.538
3190.04	874.215
3189.34	870.557
3188.63	898.745
3187.92	842.016
3187.22	848.976
3186.51	877.155
3185.8	908.863
3185.09	891.059
3184.39	827.299
3183.68	784.766
3182.97	812.935
3182.27	869.369
3181.56	823.314
3180.85	865.598
3180.14	879.61
3179.44	819.445
3178.73	822.864
3178.02	833.345
3177.31	854.415
3176.6	879.01
3175.89	847.123
3175.19	871.711
3174.48	938.638
3173.77	917.34
3173.06	751.411
3172.35	867.708
3171.64	818.214
3170.93	803.997
3170.23	828.568
3169.52	814.354
3168.81	884.74
3168.1	870.522
3167.39	715.351
3166.68	873.807
3165.97	951.192
3165.26	873.569
3164.55	852.317
3163.84	915.588
3163.13	799.269
3162.42	834.366
3161.71	869.452
3161	816.54
3160.29	798.833
3159.58	809.28
3158.87	861.941
3158.16	802.023
3157.45	882.808
3156.73	847.521
3156.02	875.535
3155.31	840.258
3154.6	868.265
3153.89	910.324
3153.18	906.685
3152.47	825.744
3151.76	843.198
3151.04	906.314
3150.33	934.289
3149.62	804.221
3148.91	860.294
3148.2	849.644
3147.48	810.913
3146.77	856.431
3146.06	887.9
3145.35	880.76
3144.63	859.589
3143.92	873.504
3143.21	894.43
3142.5	894.308
3141.78	781.974
3141.07	869.52
3140.36	862.39
3139.64	876.293
3138.93	862.155
3138.22	886.566
3137.5	893.453
3136.79	882.821
3136.08	844.17
3135.36	889.584
3134.65	878.957
3133.93	889.341
3133.22	840.207
3132.51	871.596
3131.79	934.475
3131.08	860.86
3130.36	815.256
3129.65	850.129
3128.93	822.029
3128.22	884.872
3127.5	867.266
3126.79	951.065
3126.07	821.58
3125.36	908.858
3124.64	831.841
3123.93	877.157
3123.21	898.002
3122.5	859.449
3121.78	873.305
3121.07	845.243
3120.35	866.081
3119.63	869.455
3118.92	813.475
3118.2	879.69
3117.49	851.647
3116.77	868.98
3116.05	882.818
3115.34	858.275
3114.62	816.297
3113.9	861.529
3113.19	830.023
3112.47	819.449
3111.75	903.014
3111.03	888.946
3110.32	874.882
3109.6	961.891
3108.88	926.913
3108.17	867.555
3107.45	839.567
3106.73	835.969
3106.01	853.269
3105.29	901.904
3104.58	898.299
3103.86	845.956
3103.14	870.206
3102.42	971.018
3101.7	852.569
3100.98	866.37
3100.27	894.083
3099.55	900.918
3098.83	866.015
3098.11	897.194
3097.39	917.934
3096.67	865.66
3095.95	865.542
3095.23	844.57
3094.51	875.73
3093.79	899.933
3093.07	878.965
3092.35	861.476
3091.63	857.885
3090.91	836.932
3090.19	836.817
3089.47	899.195
3088.75	840.06
3088.03	909.362
3087.31	864.123
3086.59	884.824
3085.87	915.928
3085.15	881.113
3084.43	901.803
3083.71	846.192
3082.99	849.544
3082.27	873.697
3081.55	877.044
3080.83	928.916
3080.1	897.598
3079.38	887.08
3078.66	817.665
3077.94	911.087
3077.22	820.905
3076.5	910.838
3075.77	973.043
3075.05	941.749
3074.33	879.308
3073.61	879.187
3072.89	879.067
3072.16	920.472
3071.44	892.666
3070.72	847.571
3070	968.52
3069.27	951.095
3068.55	933.675
3067.83	881.683
3067.1	905.763
3066.38	916.009
3065.66	867.497
3064.93	998.695
3064.21	929.454
3063.49	929.327
3062.76	846.297
3062.04	908.35
3061.31	908.225
3060.59	963.347
3059.87	842.382
3059.14	887.141
3058.42	907.729
3057.69	924.859
3056.97	886.777
3056.24	934.956
3055.52	924.48
3054.79	976.09
3054.07	917.33
3053.34	889.619
3052.62	889.497
3051.89	913.506
3051.17	927.168
3050.44	861.562
3049.72	895.902
3048.99	961.241
3048.27	895.657
3047.54	940.312
3046.81	922.963
3046.09	922.837
3045.36	1008.78
3044.64	898.487
3043.91	922.458
3043.18	867.268
3042.46	911.883
3041.73	970.248
3041	918.514
3040.28	904.629
3039.55	1004.24
3038.82	887.188
3038.1	852.684
3037.37	952.263
3036.64	897.136
3035.91	890.14
3035.19	917.509
3034.46	941.434
3033.73	944.741
3033	910.262
3032.28	934.179
3031.55	934.051
3030.82	995.727
3030.09	916.63
3029.36	1036.65
3028.63	991.886
3027.91	929.981
3027.18	977.89
3026.45	953.741
3025.72	987.913
3024.99	956.91
3024.26	953.35
3023.53	1011.51
3022.8	949.66
3022.07	983.81
3021.34	966.538
3020.62	966.405
3019.89	1027.95
3019.16	1014.11
3018.43	900.923
3017.7	979.577
3016.97	986.292
3016.24	1013.55
3015.51	986.022
3014.78	965.348
3014.05	961.793
3013.31	975.35
3012.58	968.373
3011.85	1050.35
3011.12	961.266
3010.39	1009.02
3009.66	998.623
3008.93	947.194
3008.2	970.997
3007.47	1008.47
3006.74	1004.91
3006	984.269
3005.27	926.043
3004.54	1011.33
3003.81	1038.52
3003.08	1024.72
3002.35	1004.09
3001.61	1014.19
3000.88	1007.23
3000.15	1000.26
2999.42	1030.84
2998.68	1037.53
2997.95	1027.15
2997.22	1023.6
2996.49	1067.81
2995.75	1088.13
2995.02	1016.36
2994.29	1070.78
2993.55	1063.81
2992.82	1039.8
2992.09	995.347
2991.35	1080.42
2990.62	1073.45
2989.89	1059.68
2989.15	1001.62
2988.42	1117.3
2987.68	1069.46
2986.95	1059.1
2986.22	1096.41
2985.48	1103.07
2984.75	1147.17
2984.01	1140.2
2983.28	1078.79
2982.54	1122.88
2981.81	1132.93
2981.07	1146.38
2980.34	1129.22
2979.6	1152.87
2978.87	1118.71
2978.13	1125.36
2977.4	1128.6
2976.66	1186.23
2975.93	1107.9
2975.19	1172.31
2974.45	1114.39
2973.72	1073.47
2972.98	1182.02
2972.25	1175.06
2971.51	1161.32
2970.77	1215.49
2970.04	1161
2969.3	1215.15
2968.56	1245.53
2967.83	1157.13
2967.09	1211.26
2966.35	1224.66
2965.62	1221.1
2964.88	1200.59
2964.14	1291.98
2963.4	1268.07
2962.67	1179.75
2961.93	1308.4
2961.19	1267.55
2960.45	1263.99
2959.72	1280.76
2958.98	1290.74
2958.24	1273.63
2957.5	1229.43
2956.76	1307.14
2956.03	1323.9
2955.29	1330.48
2954.55	1208.44
2953.81	1299.66
2953.07	1275.79
2952.33	1275.62
2951.59	1363.4
2950.85	1359.84
2950.12	1430.68
2949.38	1413.57
2948.64	1328.84
2947.9	1281.33
2947.16	1369.05
2946.42	1318.16
2945.68	1341.63
2944.94	1341.45
2944.2	1317.62
2943.46	1263.39
2942.72	1354.41
2941.98	1354.22
2941.24	1333.78
2940.5	1343.72
2939.76	1346.92
2939.02	1329.85
2938.28	1322.92
2937.53	1322.74
2936.79	1319.19
2936.05	1406.71
2935.31	1349.18
2934.57	1284.92
2933.83	1358.93
2933.09	1314.91
2932.35	1314.73
2931.6	1247.14
2930.86	1290.78
2930.12	1273.75
2929.38	1327.49
2928.64	1357.62
2927.89	1300.18
2927.15	1279.79
2926.41	1306.56
2925.67	1262.61
2924.92	1228.77
2924.18	1262.26
2923.44	1272.18
2922.7	1332.58
2921.95	1241.55
2921.21	1308.67
2920.47	1308.49
2919.72	1281.4
2918.98	1240.87
2918.24	1301.22
2917.49	1220.36
2916.75	1290.78
2916	1324.22
2915.26	1297.15
2914.52	1286.89
2913.77	1232.96
2913.03	1222.72
2912.28	1276.29
2911.54	1323.13
2910.79	1218.86
2910.05	1198.55
2909.31	1191.67
2908.56	1218.35
2907.82	1231.61
2907.07	1164.33
2906.33	1251.4
2905.58	1187.5
2904.83	1204.1
2904.09	1234.12
2903.34	1197.07
2902.6	1193.55
2901.85	1243.67
2901.11	1166.41
2900.36	1099.22
2899.61	1145.98
2898.87	1135.78
2898.12	1138.97
2897.38	1242.65
2896.63	1198.94
2895.88	1208.82
2895.14	1181.87
2894.39	1188.4
2893.64	1295.35
2892.89	1157.96
2892.15	1211.34
2891.4	1234.59
2890.65	1100.61
2889.91	1180.74
2889.16	1163.85
2888.41	1173.72
2887.66	1223.72
2886.92	1136.63
2886.17	1163.21
2885.42	1186.45
2884.67	1179.6
2883.92	1146.03
2883.17	1222.71
2882.43	1179.12
2881.68	1152.24
2880.93	1232.22
2880.18	1215.36
2879.43	1218.53
2878.68	1215.03
2877.93	1134.76
2877.18	1204.68
2876.43	1167.81
2875.69	1154.31
2874.94	1180.84
2874.19	1174
2873.44	1217.19
2872.69	1107
2871.94	1110.18
2871.19	1163.36
2870.44	1149.87
2869.69	1183.04
2868.94	1196.2
2868.19	1186.04
2867.44	1165.89
2866.68	1209.03
2865.93	1162.24
2865.18	1158.75
2864.43	1141.95
2863.68	1168.42
2862.93	1134.98
2862.18	1144.81
2861.43	1227.84
2860.68	1247.63
2859.92	1230.82
2859.17	1200.72
2858.42	1110.76
2857.67	1233.64
2856.92	1203.55
2856.17	1243.28
2855.41	1176.63
2854.66	1223
2853.91	1189.6
2853.16	1259.21
2852.4	1182.63
2851.65	1219
2850.9	1228.8
2850.15	1172.18
2849.39	1195.26
2848.64	1241.57
2847.89	1234.76
2847.13	1178.17
2846.38	1211.2
2845.63	1267.43
2844.87	1151.15
2844.12	1177.53
2843.37	1220.48
2842.61	1236.89
2841.86	1196.94
2841.1	1236.55
2840.35	1279.48
2839.59	1262.73
2838.84	1245.99
2838.09	1295.51
2837.33	1268.83
2836.58	1209.04
2835.82	1238.68
2835.07	1221.95
2834.31	1142.32
2833.56	1228.24
2832.8	1185.04
2832.05	1208.04
2831.29	1307.15
2830.53	1191.16
2829.78	1234.01
2829.02	1184.22
2828.27	1210.52
2827.51	1233.5
2826.76	1210.19
2826	1276.14
2825.24	1193.33
2824.49	1265.88
2823.73	1285.53
2822.97	1245.7
2822.22	1225.71
2821.46	1294.91
2820.7	1198.95
2819.95	1278.04
2819.19	1215.13
2818.43	1254.58
2817.67	1204.89
2816.92	1260.84
2816.16	1283.77
2815.4	1234.09
2814.64	1290.01
2813.89	1336.02
2813.13	1279.76
2812.37	1240.01
2811.61	1318.98
2810.85	1213.29
2810.1	1328.51
2809.34	1285.48
2808.58	1258.93
2807.82	1360.91
2807.06	1294.83
2806.3	1324.3
2805.54	1264.83
2804.78	1261.36
2804.02	1277.65
2803.27	1372.96
2802.51	1385.94
2801.75	1244.21
2800.99	1365.81
2800.23	1411.69
2799.47	1391.76
2798.71	1355.38
2797.95	1295.99
2797.19	1378.03
2796.43	1325.23
2795.67	1364.5
2794.91	1397.19
2794.15	1281.95
2793.38	1314.64
2792.62	1291.45
2791.86	1320.85
2791.1	1383.09
2790.34	1428.88
2789.58	1349.86
2788.82	1372.66
2788.06	1464.41
2787.3	1454.36
2786.53	1391.79
2785.77	1437.55
2785.01	1414.38
2784.25	1519.19
2783.49	1430.4
2782.72	1446.6
2781.96	1459.52
2781.2	1475.72
2780.44	1475.52
2779.67	1527.77
2778.91	1524.28
2778.15	1527.35
2777.39	1579.57
2776.62	1454.84
2775.86	1510.34
2775.1	1497.03
2774.33	1542.68
2773.57	1588.31
2772.81	1509.51
2772.04	1594.42
2771.28	1584.38
2770.52	1698.72
2769.75	1682.13
2768.99	1668.81
2768.22	1671.85
2767.46	1727.23
2766.7	1651.76
2765.93	1707.13
2765.17	1772.3
2764.4	1840.71
2763.64	1765.27
2762.87	1791.18
2762.11	1941.27
2761.34	1826.63
2760.58	1839.45
2759.81	1979.67
2759.05	1904.27
2758.28	2028.11
2757.52	2073.55
2756.75	2017.76
2755.98	2115.42
2755.22	2235.9
2754.45	2078.93
2753.69	2294.02
2752.92	2251.29
2752.15	2241.19
2751.39	2342
2750.62	2387.34
2749.85	2432.66
2749.09	2455.15
2748.32	2552.61
2747.55	2545.74
2746.79	2630.13
2746.02	2776.41
2745.25	2753.22
2744.48	2723.52
2743.72	2837.16
2742.95	3051.72
2742.18	3002.45
2741.41	2910.87
2740.65	3092.78
2739.88	3170.48
2739.11	3147.26
2738.34	3254.22
2737.57	3270.04
2736.8	3419.24
2736.04	3451.3
2735.27	3593.93
2734.5	3619.45
2733.73	3641.72
2732.96	3810.27
2732.19	3926.77
2731.42	3867.73
2730.65	4049.18
2729.88	3954.39
2729.11	4015.58
2728.34	3976.05
2727.57	4254.82
2726.8	4205.52
2726.03	4208.19
2725.26	4230.34
2724.49	4392.07
2723.72	4320.06
2722.95	4468.74
2722.18	4305.89
2721.41	4477.25
2720.64	4453.92
2719.87	4534.4
2719.1	4524.05
2718.33	4549.36
2717.56	4535.77
2716.79	4710.2
2716.02	4631.76
2715.24	4608.44
2714.47	4617.52
2713.7	4620.13
2712.93	4729.63
2712.16	4605.9
2711.39	4453.05
2710.61	4640.25
2709.84	4875.96
2709.07	4690.77
2708.3	4677.18
2707.52	4488.82
2706.75	4727.66
2705.98	4633.18
2705.21	4745.77
2704.43	4735.41
2703.66	4657.14
2702.89	4562.73
2702.11	4730.23
2701.34	4519.44
2700.57	4728.92
2699.79	4809.07
2699.02	4595.13
2698.25	4516.95
2697.47	4681.09
2696.7	4635.23
2695.92	4657.2
2695.15	4685.62
2694.38	4810.89
2693.6	4587.48
2692.83	4512.6
2692.05	4486.16
2691.28	4440.37
2690.5	4436.53
2689.73	4568.19
2688.95	4315.96
2688.18	4434.7
2687.4	4314.77
2686.63	4472.17
2685.85	4349.04
2685.08	4148.59
2684.3	4373.63
2683.53	4141
2682.75	4301.54
2681.97	4101.2
2681.2	4039.43
2680.42	4042.1
2679.64	4035.1
2678.87	4108.6
2678.09	4088.72
2677.32	4017.34
2676.54	3788.26
2675.76	3919.69
2674.98	3774.35
2674.21	3703.05
2673.43	3734.71
2672.65	3753.49
2671.88	3582.53
2671.1	3501.65
2670.32	3642.63
2669.54	3516.76
2668.77	3580.56
2667.99	3284.4
2667.21	3389.99
2666.43	3312.41
2665.65	3260.56
2664.87	3289.02
2664.1	3118.36
2663.32	3162.88
2662.54	3101.44
2661.76	2985.45
2660.98	3065.28
2660.2	2971.79
2659.42	2964.96
2658.64	2948.51
2657.86	2948.11
2657.09	2950.91
2656.31	2844.67
2655.53	2699.98
2654.75	2789.38
2653.97	2779.38
2653.19	2682.84
2652.41	2730.54
2651.63	2637.23
2650.85	2729.79
2650.07	2674.95
2649.28	2607.32
2648.5	2504.47
2647.72	2513.73
2646.94	2551.81
2646.16	2455.42
2645.38	2423.07
2644.6	2441.94
2643.82	2467.2
2643.04	2393.27
2642.26	2341.76
2641.47	2392.61
2640.69	2337.91
2639.91	2375.96
2639.13	2234.95
2638.35	2327.35
2637.56	2253.51
2636.78	2288.36
2636	2256.09
2635.22	2150.34
2634.44	2242.69
2633.65	2146.55
2632.87	2245.26
2632.09	2206.63
2631.3	2126.51
2630.52	2062.36
2629.74	2011
2628.95	2049.03
2628.17	2125.33
2627.39	2045.27
2626.6	2070.51
2625.82	1993.67
2625.04	2028.48
2624.25	2079.22
2623.47	1960.96
2622.68	2034.01
2621.9	1995.48
2621.12	1944.21
2620.33	1947.13
2619.55	1959.61
2618.76	1876.5
2617.98	1962.25
2617.19	1793.17
2616.41	1878.91
2615.62	1990.1
2614.84	1840.19
2614.05	1944.98
2613.27	1935.17
2612.48	1788.51
2611.69	1807.35
2610.91	1848.46
2610.12	1832.3
2609.34	1879.76
2608.55	1742.75
2607.76	1802.93
2606.98	1796.32
2606.19	1888.26
2605.4	1744.97
2604.62	1732.02
2603.83	1817.57
2603.04	1772.84
2602.26	1759.89
2601.47	1740.59
2600.68	1781.64
2599.9	1771.86
2599.11	1768.44
2598.32	1742.8
2597.53	1783.83
2596.75	1707.41
2595.96	1684.96
2595.17	1732.32
2594.38	1763.81
2593.59	1735.02
2592.81	1709.41
2592.02	1702.83
2591.23	1674.06
2590.44	1619.94
2589.65	1692.61
2588.86	1701.89
2588.07	1635.11
2587.28	1625.38
2586.5	1596.64
2585.71	1685.11
2584.92	1564.53
2584.13	1611.81
2583.34	1608.43
2582.55	1605.04
2581.76	1639.63
2580.97	1664.73
2580.18	1598.04
2579.39	1664.27
2578.6	1670.37
2577.81	1701.77
2577.02	1723.67
2576.23	1625.4
2575.44	1675.77
2574.64	1624.95
2573.85	1665.82
2573.06	1592.9
2572.27	1655.88
2571.48	1668.29
2570.69	1595.4
2569.9	1573.07
2569.11	1661.28
2568.31	1661.05
2567.52	1613.46
2566.73	1556.41
2565.94	1559.36
2565.15	1656.98
2564.35	1590.48
2563.56	1618.66
2562.77	1574.27
2561.98	1681.3
2561.18	1643.22
2560.39	1658.76
2559.6	1576.55
2558.81	1626.78
2558.01	1519.38
2557.22	1616.87
2556.43	1610.35
2555.63	1597.52
2554.84	1578.4
2554.05	1543.53
2553.25	1574.81
2552.46	1599.79
2551.66	1536.59
2550.87	1608.79
2550.08	1627.45
2549.28	1598.9
2548.49	1507.42
2547.69	1633.07
2546.9	1595.09
2546.1	1588.58
2545.31	1538.04
2544.51	1591.29
2543.72	1723.13
2542.92	1593.99
2542.13	1618.92
2541.33	1637.56
2540.54	1602.76
2539.74	1643.39
2538.95	1564.62
2538.15	1576.96
2537.35	1583.03
2536.56	1607.93
2535.76	1576.31
2534.97	1591.79
2534.17	1654.36
2533.37	1534.85
2532.58	1697.83
2531.78	1603.46
2530.98	1615.79
2530.19	1559.1
2529.39	1671.8
2528.59	1643.35
2527.79	1630.58
2527	1536.29
2526.2	1579.97
2525.4	1695.72
2524.6	1661.02
2523.81	1576.18
2523.01	1748.28
2522.21	1538.15
2521.41	1729.01
2520.61	1606.63
2519.82	1634.59
2519.02	1587.4
2518.22	1574.66
2517.42	1633.91
2516.62	1608.65
2515.82	1661.62
2515.02	1673.91
2514.22	1633.01
2513.42	1588.99
2512.63	1663.83
2511.83	1672.98
2511.03	1553.94
2510.23	1606.87
2509.43	1694.17
2508.63	1634.55
2507.83	1653.08
2507.03	1743.46
2506.23	1587.01
2505.43	1677.38
2504.63	1680.27
2503.83	1664.42
2503.02	1620.48
2502.22	1679.57
2501.42	1701.19
2500.62	1572.99
2499.82	1750.65
2499.02	1610
2498.22	1690.89
2497.42	1762.4
2496.61	1659.23
2495.81	1708.9
2495.01	1746.08
2494.21	1683.49
2493.41	1677.02
2492.61	1630.04
2491.8	1813.67
2491	1738.64
2490.2	1694.78
2489.4	1710.12
2488.59	1762.83
2487.79	1669.17
2486.99	1681.39
2486.18	1684.27
2485.38	1674.7
2484.58	1770.95
2483.77	1699.13
2482.97	1730.01
2482.17	1764
2481.36	1844.63
2480.56	1844.37
2479.76	1732.17
2478.95	1759.91
2478.15	1784.54
2477.34	1812.27
2476.54	1812.02
2475.73	1855.27
2474.93	1761.8
2474.13	1798.84
2473.32	1801.7
2472.52	1804.55
2471.71	1822.94
2470.91	1825.79
2470.1	1794.49
2469.3	1847.01
2468.49	1908.83
2467.68	1877.53
2466.88	1756.26
2466.07	1827.37
2465.27	1839.53
2464.46	1836.17
2463.65	1842.12
2462.85	1832.56
2462.04	1788.91
2461.24	1884.76
2460.43	1912.39
2459.62	1791.26
2458.82	1905.66
2458.01	1831.04
2457.2	1824.59
2456.39	1889.39
2455.59	1842.67
2454.78	1777.39
2453.97	1863.83
2453.16	1817.14
2452.36	1860.22
2451.55	1909.48
2450.74	1859.71
2449.93	1905.86
2449.13	1766.39
2448.32	1837.28
2447.51	1772.08
2446.7	1802.76
2445.89	1817.97
2445.08	1876.45
2444.27	1789.65
2443.46	1761.58
2442.66	1891.12
2441.85	1832.16
2441.04	1853.53
2440.23	1825.47
2439.42	1862.28
2438.61	1741.59
2437.8	1846.33
2436.99	1833.72
2436.18	1768.65
2435.37	1799.27
2434.56	1706.44
2433.75	1792.6
2432.94	1687.46
2432.13	1835.28
2431.32	1764.1
2430.51	1708.35
2429.7	1711.19
2428.88	1618.47
2428.07	1676.81
2427.26	1642.68
2426.45	1639.37
2425.64	1762.39
2424.83	1651.24
2424.02	1654.09
2423.21	1663.1
2422.39	1715.22
2421.58	1708.82
2420.77	1696.27
2419.96	1572.91
2419.14	1705.03
2418.33	1584.79
2417.52	1670.72
2416.71	1679.71
2415.89	1596.43
2415.08	1639.27
2414.27	1688.24
2413.46	1611.14
2412.64	1638.59
2411.83	1610.69
2411.02	1582.81
2410.2	1582.59
2409.39	1606.95
2408.57	1674.32
2407.76	1585
2406.95	1609.35
2406.13	1578.42
2405.32	1596.63
2404.5	1608.69
2403.69	1577.77
2402.88	1626.65
2402.06	1657.12
2401.25	1577.11
2400.43	1622.91
2399.62	1616.55
2398.8	1631.66
2397.99	1606.9
2397.17	1643.47
2396.35	1560.47
2395.54	1523.47
2394.72	1566.17
2393.91	1541.43
2393.09	1679.1
2392.28	1629.85
2391.46	1510.16
2390.64	1552.83
2389.83	1515.87
2389.01	1592.2
2388.19	1610.35
2387.38	1518.3
2386.56	1573.18
2385.74	1698.43
2384.93	1572.74
2384.11	1548.05
2383.29	1560.07
2382.47	1559.85
2381.66	1593.28
2380.84	1538.02
2380.02	1504.17
2379.2	1610.95
2378.39	1503.76
2377.57	1583
2376.75	1543.06
2375.93	1640.61
2375.11	1454.05
2374.29	1667.65
2373.48	1536.1
2372.66	1569.47
2371.84	1605.89
2371.02	1608.72
2370.2	1596.29
2369.38	1614.38
2368.56	1614.15
2367.74	1589.52
2366.92	1567.95
2366.1	1540.28
2365.28	1515.67
2364.46	1539.85
2363.64	1600.62
2362.82	1636.97
2362	1563.6
2361.18	1545.09
2360.36	1587.54
2359.54	1535.52
2358.72	1657.16
2357.9	1574.69
2357.08	1522.7
2356.26	1440.28
2355.44	1574.04
2354.62	1564.69
2353.79	1585.78
2352.97	1579.47
2352.15	1539.69
2351.33	1545.56
2350.51	1560.56
2349.69	1587.72
2348.86	1566.21
2348.04	1514.3
2347.22	1538.41
2346.4	1498.68
2345.57	1598.77
2344.75	1513.46
2343.93	1607.45
2343.11	1528.23
2342.28	1579.66
2341.46	1570.33
2340.64	1542.78
2339.81	1673.13
2338.99	1536.28
2338.17	1475.35
2337.34	1523.71
2336.52	1465.83
2335.7	1577.91
2334.87	1626.23
2334.05	1613.87
2333.22	1510.52
2332.4	1592.19
2331.57	1646.55
2330.75	1658.45
2329.93	1585.47
2329.1	1615.56
2328.28	1591.09
2327.45	1575.71
2326.63	1584.59
2325.8	1538.92
2324.97	1514.48
2324.15	1623.3
2323.32	1574.62
2322.5	1574.4
2321.67	1486.39
2320.85	1495.27
2320.02	1513.22
2319.19	1567.48
2318.37	1512.8
2317.54	1530.74
2316.71	1572.87
2315.89	1527.29
2315.06	1578.48
2314.23	1584.31
2313.41	1511.54
2312.58	1508.3
2311.75	1532.27
2310.93	1553.21
2310.1	1477.46
2309.27	1462.15
2308.44	1525.38
2307.62	1491.95
2306.79	1606.49
2305.96	1539.84
2305.13	1524.53
2304.3	1515.26
2303.47	1539.2
2302.65	1469.58
2301.82	1623.25
2300.99	1547.61
2300.16	1487.06
2299.33	1535.11
2298.5	1441.42
2297.67	1540.72
2296.84	1501.31
2296.01	1489.04
2295.19	1485.82
2294.36	1551.91
2293.53	1557.72
2292.7	1473.15
2291.87	1554.28
2291.04	1535.99
2290.21	1535.78
2289.38	1577.72
2288.54	1517.29
2287.71	1526.11
2286.88	1495.8
2286.05	1459.48
2285.22	1534.5
2284.39	1525.26
2283.56	1516.02
2282.73	1527.84
2281.9	1470.49
2281.07	1524.41
2280.23	1527.2
2279.4	1481.9
2278.57	1643.99
2277.74	1535.58
2276.91	1592.46
2276.07	1508.12
2275.24	1474.86
2274.41	1582.78
2273.58	1528.51
2272.74	1603.36
2271.91	1597.13
2271.08	1506.86
2270.25	1518.65
2269.41	1533.45
2268.58	1452.22
2267.75	1569.02
2266.91	1460.82
2266.08	1484.61
2265.25	1526.38
2264.41	1496.19
2263.58	1495.98
2262.74	1456.8
2261.91	1456.6
2261.08	1489.36
2260.24	1450.2
2259.41	1518.9
2258.57	1473.76
2257.74	1560.41
2256.9	1566.18
2256.07	1470.15
2255.23	1460.97
2254.4	1418.86
2253.56	1472.53
2252.73	1460.36
2251.89	1549.92
2251.06	1483.88
2250.22	1375.99
2249.38	1522.35
2248.55	1549.05
2247.71	1432.23
2246.88	1438.01
2246.04	1488.62
2245.2	1485.43
2244.37	1377.64
2243.53	1452.15
2242.69	1514.68
2241.86	1532.39
2241.02	1457.51
2240.18	1558.84
2239.34	1451.13
2238.51	1522.58
2237.67	1480.58
2236.83	1552.01
2235.99	1507.03
2235.16	1429.24
2234.32	1503.62
2233.48	1488.5
2232.64	1455.48
2231.8	1500.01
2230.97	1440.17
2230.13	1404.19
2229.29	1502.37
2228.45	1436.59
2227.61	1609.23
2226.77	1451.09
2225.93	1486.63
2225.09	1504.3
2224.25	1444.52
2223.41	1494.95
2222.57	1461.99
2221.73	1503.46
2220.89	1497.3
2220.05	1473.28
2219.21	1502.83
2218.37	1446.09
2217.53	1472.66
2216.69	1514.1
2215.85	1466.31
2215.01	1415.55
2214.17	1462.92
2213.33	1385.42
2212.49	1471.43
2211.65	1471.23
2210.81	1420.5
2209.97	1488.65
2209.12	1524.09
2208.28	1455.56
2207.44	1410.8
2206.6	1437.33
2205.76	1451.98
2204.92	1389.43
2204.07	1466.42
2203.23	1558.22
2202.39	1433.36
2201.55	1427.23
2200.7	1435.93
2199.86	1438.7
2199.02	1450.36
2198.17	1373.05
2197.33	1467.75
2196.49	1470.51
2195.64	1482.16
2194.8	1437.49
2193.96	1443.22
2193.11	1475.61
2192.27	1428
2191.43	1401.15
2190.58	1397.99
2189.74	1415.56
2188.89	1433.13
2188.05	1453.66
2187.2	1406.09
2186.36	1447.33
2185.52	1458.97
2184.67	1461.72
2183.83	1405.31
2182.98	1455.4
2182.14	1452.24
2181.29	1549.63
2180.44	1386.78
2179.6	1395.46
2178.75	1345.01
2177.91	1466
2177.06	1418.51
2176.22	1397.63
2175.37	1379.71
2174.52	1409.06
2173.68	1388.19
2172.83	1385.04
2171.98	1458.67
2171.14	1387.61
2170.29	1269.33
2169.44	1369.51
2168.6	1360.47
2167.75	1410.44
2166.9	1374.84
2166.05	1392.34
2165.21	1403.95
2164.36	1436.19
2163.51	1424.2
2162.66	1394.52
2161.81	1414.96
2160.97	1420.65
2160.12	1396.88
2159.27	1361.33
2158.42	1381.76
2157.57	1366.84
2156.72	1381.37
2155.87	1372.35
2155.02	1330.93
2154.18	1351.35
2153.33	1307.01
2152.48	1395.13
2151.63	1389.05
2150.78	1368.25
2149.93	1429.85
2149.08	1370.81
2148.23	1332.39
2147.38	1402.78
2146.53	1358.48
2145.68	1364.17
2144.83	1375.74
2143.98	1316.76
2143.13	1348.9
2142.28	1348.71
2141.42	1413.16
2140.57	1301.34
2139.72	1348.15
2138.87	1430.19
2138.02	1380.07
2137.17	1423.92
2136.32	1294.56
2135.46	1358.95
2134.61	1347.02
2133.76	1314.56
2132.91	1279.17
2132.06	1440.33
2131.2	1346.27
2130.35	1390.07
2129.5	1372.28
2128.65	1316.39
2127.79	1283.96
2126.94	1269.12
2126.09	1254.29
2125.23	1292.21
2124.38	1330.12
2123.53	1285.99
2122.67	1241.88
2121.82	1385.2
2120.97	1332.3
2120.11	1332.12
2119.26	1311.44
2118.4	1284.91
2117.55	1357.9
2116.7	1366.48
2115.84	1360.44
2114.99	1310.52
2114.13	1243.07
2113.28	1295.53
2112.42	1233.95
2111.57	1298.09
2110.71	1300.84
2109.86	1335.73
2109	1323.85
2108.15	1314.9
2107.29	1332.25
2106.43	1355.43
2105.58	1288.06
2104.72	1276.2
2103.87	1313.98
2103.01	1296.28
2102.15	1380.76
2101.3	1293
2100.44	1281.15
2099.58	1216.77
2098.73	1257.45
2097.87	1368.12
2097.01	1257.1
2096.15	1265.67
2095.3	1253.83
2094.44	1370.27
2093.58	1335.1
2092.72	1381.55
2091.87	1276.44
2091.01	1314.14
2090.15	1305.22
2089.29	1325.43
2088.43	1348.54
2087.58	1275.55
2086.72	1380.2
2085.86	1292.66
2085	1298.3
2084.14	1292.3
2083.28	1207.72
2082.42	1262.84
2081.56	1280.12
2080.7	1309.03
2079.84	1326.3
2078.98	1259.23
2078.12	1282.31
2077.26	1212.36
2076.4	1252.88
2075.54	1284.68
2074.68	1365.87
2073.82	1304.66
2072.96	1281.24
2072.1	1292.68
2071.24	1327.35
2070.38	1318.45
2069.52	1231.16
2068.66	1306.47
2067.8	1245.33
2066.94	1297.4
2066.07	1265.29
2065.21	1259.31
2064.35	1235.93
2063.49	1305.37
2062.63	1264.58
2061.77	1299.21
2060.9	1383.12
2060.04	1336.53
2059.18	1266.78
2058.32	1286.89
2057.45	1298.3
2056.59	1327.09
2055.73	1245.79
2054.86	1265.89
2054	1248.33
2053.14	1291.6
2052.28	1242.19
2051.41	1256.5
2050.55	1262.11
2049.68	1331.4
2048.82	1296.48
2047.96	1281.83
2047.09	1131.21
2046.23	1348.01
2045.36	1237.91
2044.5	1307.14
2043.63	1260.7
2042.77	1309.67
2041.91	1127.37
2041.04	1297.74
2040.17	1213.75
2039.31	1222.25
2038.44	1285.64
2037.58	1271.02
2036.71	1262.17
2035.85	1290.87
2034.98	1258.93
2034.12	1339.59
2033.25	1255.69
2032.38	1203.56
2031.52	1252.46
2030.65	1237.85
2029.78	1231.91
2028.92	1205.77
2028.05	1205.61
2027.18	1228.51
2026.32	1254.29
2025.45	1213.75
2024.58	1285.64
2023.72	1170.18
2022.85	1256.47
2021.98	1262.05
2021.11	1241.71
2020.24	1244.42
2019.38	1183.76
2018.51	1235.43
2017.64	1229.5
2016.77	1318.57
2015.9	1237.79
2015.03	1220.34
2014.17	1179.88
2013.3	1205.62
2012.43	1242.85
2011.56	1202.4
2010.69	1161.97
2009.82	1179.06
2008.95	1328.41
2008.08	1230.48
2007.21	1290.67
2006.34	1230.13
2005.47	1241.45
2004.6	1224.04
2003.73	1189.39
2002.86	1246.68
2001.99	1235.01
2001.12	1214.74
2000.25	1260.51
1999.38	1240.24
1998.51	1242.93
1997.64	1288.68
1996.77	1213.89
1995.89	1167.81
1995.02	1279.53
1994.15	1221.98
1993.28	1270.57
1992.41	1247.45
1991.54	1152.65
1990.66	1221.3
1989.79	1189.59
1988.92	1258.21
1988.05	1166.33
1987.17	1240.67
1986.3	1168.87
1985.43	1291.88
1984.56	1271.65
1983.68	1199.88
1982.81	1214.03
1981.94	1188.09
1981.06	1185.06
1980.19	1210.66
1979.32	1201.9
1978.44	1147.37
1977.57	1190.12
1976.7	1307.23
1975.82	1141.17
1974.95	1255.39
1974.07	1226.62
1973.2	1220.73
1972.32	1232
1971.45	1194.67
1970.57	1183.07
1969.7	1182.9
1968.82	1165.6
1967.95	1265.41
1967.07	1182.41
1966.2	1082.29
1965.32	1147.81
1964.45	1196.18
1963.57	1244.54
1962.69	1272.91
1961.82	1181.41
1960.94	1215.48
1960.07	1195.34
1959.19	1232.26
1958.31	1257.75
1957.44	1194.84
1956.56	1260.25
1955.68	1240.12
1954.81	1211.44
1953.93	1202.72
1953.05	1216.8
1952.17	1225.18
1951.3	1193.67
1950.42	1179.26
1949.54	1218.96
1948.66	1176.08
1947.78	1167.37
1946.91	1207.06
1946.03	1178.43
1945.15	1212.42
1944.27	1229.32
1943.39	1203.54
1942.51	1155.01
1941.64	1194.67
1940.76	1288.35
1939.88	1160.21
1939	1251.03
1938.12	1245.17
1937.24	1148.35
1936.36	1210.71
1935.48	1210.54
1934.6	1207.53
1933.72	1198.84
1932.84	1190.15
1931.96	1246.79
1931.08	1161.42
1930.2	1192.49
1929.32	1223.55
1928.44	1126.87
1927.56	1160.77
1926.67	1112.36
1925.79	1268.26
1924.91	1214.18
1924.03	1253.72
1923.15	1151.44
1922.27	1179.64
1921.39	1136.94
1920.5	1204.82
1919.62	1221.66
1918.74	1130.8
1917.86	1238.32
1916.98	1158.81
1916.09	1283.3
1915.21	1209.47
1914.33	1118.67
1913.44	1203.47
1912.56	1214.62
1911.68	1163.5
1910.8	1180.32
1909.91	1202.79
1909.03	1120.56
1908.14	1157.18
1907.26	1267.35
1906.38	1199.29
1905.49	1235.88
1904.61	1221.57
1903.73	1227.05
1902.84	1173.17
1901.96	1156.05
1901.07	1209.58
1900.19	1169.85
1899.3	1197.94
1898.42	1228.84
1897.53	1135.46
1896.65	1112.71
1895.76	1143.61
1894.88	1182.98
1893.99	1089.66
1893.1	1188.29
1892.22	1140.15
1891.33	1185.14
1890.45	1134.18
1889.56	1162.23
1888.67	1153.61
1887.79	1181.65
1886.9	1184.3
1886.01	1144.66
1885.13	1186.79
1884.24	1164.07
1883.35	1228.73
1882.47	1107.39
1881.58	1112.87
1880.69	1253.56
1879.8	1078.76
1878.92	1098.32
1878.03	1160.11
1877.14	1117.72
1876.25	1179.49
1875.36	1227.17
1874.48	1173.53
1873.59	1178.99
1872.7	1192.89
1871.81	1139.28
1870.92	1178.49
1870.03	1127.71
1869.14	1172.54
1868.25	1239.85
1867.36	1149.72
1866.47	1166.42
1865.59	1185.93
1864.7	1166.09
1863.81	1149.07
1862.92	1081.49
1862.03	1176.84
1861.14	1196.33
1860.24	1201.78
1859.35	1232.49
1858.46	1075.12
1857.57	1226.53
1856.68	1142.17
1855.79	1158.84
1854.9	1063.29
1854.01	1178.15
1853.12	1141.52
1852.23	1177.82
1851.33	1138.4
1850.44	1191.5
1849.55	1157.7
1848.66	1123.9
1847.77	1205.01
1846.87	1117.98
1845.98	1165.45
1845.09	1210.11
1844.2	1145.52
1843.3	1114.55
1842.41	1201.19
1841.52	1178.63
1840.63	1195.26
1839.73	1102.73
1838.84	1150.15
1837.95	1149.98
1837.05	1152.62
1836.16	1155.25
1835.26	1132.72
1834.37	1171.71
1833.48	1185.52
1832.58	1140.63
1831.69	1165.62
1830.79	1196.2
1829.9	1117.79
1829	1170.72
1828.11	1192.9
1827.21	1184.35
1826.32	1173.02
1825.42	1220.32
1824.53	1175.48
1823.63	1166.94
1822.74	1150.02
1821.84	1127.53
1820.95	1174.81
1820.05	1146.75
1819.15	1224.7
1818.26	1096.22
1817.36	1143.47
1816.46	1243.7
1815.57	1098.54
1814.67	1092.81
1813.77	1151.19
1812.88	1173.32
1811.98	1214.96
1811.08	1189.71
1810.18	1103.18
1809.29	1153.16
1808.39	1147.43
1807.49	1124.99
1806.59	1158.25
1805.7	1094.05
1804.8	1152.35
1803.9	1180.02
1803	1082.46
1802.1	1179.69
1801.2	1232.38
1800.3	1137.63
1799.41	1159.72
1798.51	1137.31
1797.61	1159.39
1796.71	1170.35
1795.81	1161.85
1794.91	1181.14
1794.01	1186.53
1793.11	1194.69
1792.21	1188.97
1791.31	1138.81
1790.41	1127.54
1789.51	1110.72
1788.61	1191.08
1787.71	1207.56
1786.81	1154.66
1785.91	1201.67
1785.01	1132.13
1784.1	1170.81
1783.2	1184.52
1782.3	1115.01
1781.4	1217.46
1780.5	1192.34
1779.6	1164.44
1778.7	1258.53
1777.79	1155.8
1776.89	1236
1775.99	1172.1
1775.09	1213.49
1774.18	1199.47
1773.28	1221.46
1772.38	1174.21
1771.48	1185.12
1770.57	1209.87
1769.67	1209.7
1768.77	1242.74
1767.86	1195.52
1766.96	1234.09
1766.06	1142.61
1765.15	1189.48
1764.25	1200.37
1763.34	1241.69
1762.44	1241.51
1761.54	1221.98
1760.63	1185.87
1759.73	1141.48
1758.82	1204.88
1757.92	1287.61
1757.01	1251.51
1756.11	1190.56
1755.2	1248.39
1754.3	1275.83
1753.39	1267.37
1752.49	1198.17
1751.58	1209.04
1750.68	1197.83
1749.77	1327.36
1748.86	1296.83
1747.96	1299.4
1747.05	1238.53
1746.14	1304.55
1745.24	1271.27
1744.33	1282.12
1743.42	1201.99
1742.52	1196.31
1741.61	1209.92
1740.7	1256.6
1739.8	1162.74
1738.89	1261.75
1737.98	1313.91
1737.07	1236.61
1736.16	1291.51
1735.26	1305.09
1734.35	1156.25
1733.44	1227.65
1732.53	1252.25
1731.62	1282.34
1730.72	1240.89
1729.81	1180.19
1728.9	1303.8
1727.99	1251.36
1727.08	1325.43
1726.17	1273
1725.26	1220.59
1724.35	1217.67
1723.44	1247.73
1722.53	1302.51
1721.62	1197.92
1720.71	1354.34
1719.8	1197.58
1718.89	1235.86
1717.98	1224.7
1717.07	1350.83
1716.16	1284.75
1715.25	1251.63
1714.34	1270.67
1713.43	1232.07
1712.52	1259.33
1711.6	1253.67
1710.69	1253.49
1709.78	1267.03
1708.87	1275.07
1707.96	1351.66
1707.05	1313.09
1706.13	1299.2
1705.22	1296.28
1704.31	1211.15
1703.4	1263.03
1702.48	1254.63
1701.57	1306.5
1700.66	1254.28
1699.75	1254.1
1698.83	1251.19
1697.92	1242.8
1697.01	1319.26
1696.09	1234.24
1695.18	1288.79
1694.26	1285.87
1693.35	1230.98
1692.44	1241.74
1691.52	1230.63
1690.61	1276.94
1689.69	1334.17
1688.78	1282.04
1687.86	1309.19
1686.95	1317.21
1686.03	1317.02
1685.12	1267.66
1684.2	1294.79
1683.29	1368.35
1682.37	1346.31
1681.46	1316.09
1680.54	1296.79
1679.63	1411.25
1678.71	1340.09
1677.79	1263.49
1676.88	1372.46
1675.96	1284.96
1675.05	1336.61
1674.13	1366.42
1673.21	1407.13
1672.3	1379.66
1671.38	1395.83
1670.46	1281.14
1669.54	1360
1668.63	1381.61
1667.71	1392.31
1666.79	1422.08
1665.87	1389.19
1664.96	1459.81
1664.04	1440.54
1663.12	1399.49
1662.2	1508.19
1661.28	1486.2
1660.36	1437
1659.44	1436.8
1658.53	1491.01
1657.61	1512.56
1656.69	1476.99
1655.77	1531.17
1654.85	1471.13
1653.93	1503.55
1653.01	1535.96
1652.09	1508.56
1651.17	1619.77
1650.25	1592.37
1649.33	1562.26
1648.41	1594.63
1647.49	1599.84
1646.57	1634.92
1645.65	1721.58
1644.73	1707.76
1643.81	1693.95
1642.89	1685.56
1641.96	1761.31
1641.04	1771.92
1640.12	1774.38
1639.2	1801.25
1638.28	1917.63
1637.36	1844.14
1636.43	1984.88
1635.51	2076.78
1634.59	2030.4
1633.67	2122.26
1632.75	2246.62
1631.82	2362.82
1630.9	2416.67
1629.98	2576.15
1629.05	2624.54
1628.13	2770.41
1627.21	3027.25
1626.28	3124.28
1625.36	3188.81
1624.44	3404.88
1623.51	3480.17
1622.59	3568.97
1621.67	3506.24
1620.74	3784.36
1619.82	3824.4
1618.89	3834.67
1617.97	3723.27
1617.04	3674.08
1616.12	3851.96
1615.19	3813.58
1614.27	3831.95
1613.34	3812.49
1612.42	3782.23
1611.49	3889.75
1610.57	3832.48
1609.64	3856.24
1608.71	4025.79
1607.79	4041.42
1606.86	4178.51
1605.94	4245.39
1605.01	4368.92
1604.08	4570.66
1603.16	4750.76
1602.23	4817.52
1601.3	5043.39
1600.38	5387.84
1599.45	5411.34
1598.52	5876.95
1597.59	6062.11
1596.67	6557.14
1595.74	6844.54
1594.81	6943.26
1593.88	7540.33
1592.95	7857.1
1592.03	8305.74
1591.1	8824.27
1590.17	9226.88
1589.24	9963.18
1588.31	10435.5
1587.38	11050.3
1586.45	11527.7
1585.52	12209.5
1584.6	12654.3
1583.67	12967.2
1582.74	13309.6
1581.81	13253.9
1580.88	13109.5
1579.95	13053.9
1579.02	12995.6
1578.09	12518.1
1577.16	11524.8
1576.23	11039.6
1575.29	10422.8
1574.36	9905.65
1573.43	9305.36
1572.5	8656.92
1571.57	8172.43
1570.64	7620.97
1569.71	7053.56
1568.78	6840.56
1567.84	6319.04
1566.91	5668.88
1565.98	5566.14
1565.05	5345.42
1564.12	4969.22
1563.18	4818.36
1562.25	4608.56
1561.32	4315.72
1560.39	4071.21
1559.45	4014.36
1558.52	3992.35
1557.59	3638.15
1556.65	3618.88
1555.72	3425.53
1554.79	3352.74
1553.85	3172.87
1552.92	3100.13
1551.99	2992.62
1551.05	3117.99
1550.12	2860.65
1549.18	2908.4
1548.25	2728.75
1547.31	2709.64
1546.38	2725.3
1545.44	2692.82
1544.51	2494.58
1543.57	2504.92
1542.64	2552.68
1541.7	2488.17
1540.77	2445.06
1539.83	2369.9
1538.9	2420.32
1537.96	2385.26
1537.02	2283.43
1536.09	2352.53
1535.15	2373.56
1534.21	2290.47
1533.28	2258.11
1532.34	2295.15
1531.4	2204.1
1530.47	2265.15
1529.53	2267.5
1528.59	2192.49
1527.66	2170.84
1526.72	2202.53
1525.78	2159.56
1524.84	2028.63
1523.9	2084.32
1522.97	2147.98
1522.03	2094.38
1521.09	1958.21
1520.15	2069.81
1519.21	2005.59
1518.27	1960.03
1517.33	1887.86
1516.4	1892.92
1515.46	1977.83
1514.52	1966.9
1513.58	1945.33
1512.64	1974.33
1511.7	1926.16
1510.76	1808.84
1509.82	1893.69
1508.88	1943.95
1507.94	1898.47
1507	1884.91
1506.06	1887.3
1505.12	1900.32
1504.18	1995.71
1503.24	1806.78
1502.29	1920.76
1501.35	1851.42
1500.41	1869.75
1499.47	1824.34
1498.53	1829.39
1497.59	1688.43
1496.65	1820.91
1495.7	1812.68
1494.76	1854.88
1493.82	1727.26
1492.88	1846.4
1491.93	1814.3
1490.99	1771.61
1490.05	1723.63
1489.11	1818.83
1488.16	1693.98
1487.22	1754.7
1486.28	1677.59
1485.33	1756.85
1484.39	1780.44
1483.45	1695.42
1482.5	1787.88
1481.56	1739.96
1480.61	1686.75
1479.67	1792.41
1478.72	1789.51
1477.78	1725.73
1476.84	1738.72
1475.89	1733.18
1474.95	1727.64
1474	1788.23
1473.06	1716.57
1472.11	1703.1
1471.17	1663.19
1470.22	1803.08
1469.27	1694.44
1468.33	1675.7
1467.38	1683.39
1466.44	1654.08
1465.49	1611.57
1464.54	1759.27
1463.6	1682.43
1462.65	1690.11
1461.7	1721.55
1460.76	1655.31
1459.81	1723.7
1458.86	1715.54
1457.91	1622.93
1456.97	1802.12
1456.02	1688.42
1455.07	1788.42
1454.12	1719.59
1453.18	1619.14
1452.23	1676.91
1451.28	1753.12
1450.33	1660.62
1449.38	1805.34
1448.43	1726.02
1447.48	1662.54
1446.54	1691.28
1445.59	1748.99
1444.64	1767.18
1443.69	1719.53
1442.74	1761.41
1441.79	1737.46
1440.84	1739.85
1439.89	1710.65
1438.94	1763.03
1437.99	1765.41
1437.04	1680.98
1436.09	1764.91
1435.14	1740.99
1434.19	1719.7
1433.24	1785.19
1432.28	1753.39
1431.33	1774.16
1430.38	1829.1
1429.43	1721.1
1428.48	1762.89
1427.53	1778.4
1426.58	1751.88
1425.62	1804.16
1424.67	1790.77
1423.72	1774.76
1422.77	1771.88
1421.81	1776.88
1420.86	1868.48
1419.91	1815.73
1418.96	1794.48
1418	1783.73
1417.05	1870.03
1416.1	1812.07
1415.14	1832.79
1414.19	1785.34
1413.24	1853.23
1412.28	1905.39
1411.33	1852.71
1410.37	1852.44
1409.42	1880.99
1408.46	1977.64
1407.51	1880.46
1406.56	1927.32
1405.6	1974.18
1404.65	2041.96
1403.69	2044.29
1402.74	1936.69
1401.78	2007.07
1400.82	2001.55
1399.87	2100.67
1398.91	2118.68
1397.96	2045.15
1397	2037.01
1396.04	2115.16
1395.09	2245.56
1394.13	2250.47
1393.18	2224.01
1392.22	2239.37
1391.26	2312.21
1390.3	2348.45
1389.35	2418.63
1388.39	2509.69
1387.43	2462.33
1386.48	2592.52
1385.52	2660.02
1384.56	2805.8
1383.6	2753.21
1382.64	2956.34
1381.69	2979.4
1380.73	3010.27
1379.77	3241.97
1378.81	3351.04
1377.85	3431.39
1376.89	3569.07
1375.93	3646.76
1374.97	3766.13
1374.01	4130.43
1373.06	4322.65
1372.1	4488.76
1371.14	4535.01
1370.18	4841.68
1369.22	4903.49
1368.26	5105.88
1367.3	5250.93
1366.33	5515.68
1365.37	5751.73
1364.41	5831.58
1363.45	6116.95
1362.49	6110.87
1361.53	6307.68
1360.57	6559.04
1359.61	6693.32
1358.65	6759.97
1357.68	6987.77
1356.72	7017.96
1355.76	7152.09
1354.8	7140.67
1353.84	7326.72
1352.87	7302.29
1351.91	7511.63
1350.95	7601.45
1349.99	7558.82
1349.02	7513.6
1348.06	7325.62
1347.1	7168.84
1346.13	7279.4
1345.17	7086.35
1344.21	7207.27
1343.24	6910.52
1342.28	6673.5
1341.32	6664.77
1340.35	6500.46
1339.39	6382.86
1338.42	6270.49
1337.46	6007.82
1336.49	5760.77
1335.53	5689.98
1334.56	5466.37
1333.6	5253.18
1332.63	5190.27
1331.67	4946.1
1330.7	4787.45
1329.74	4698.75
1328.77	4467.7
1327.8	4329.89
1326.84	4155.89
1325.87	4067.33
1324.91	3945.16
1323.94	3908.38
1322.97	3768.16
1322.01	3576.27
1321.04	3531.8
1320.07	3489.93
1319.1	3440.32
1318.14	3313.19
1317.17	3160.26
1316.2	3025.46
1315.23	2978.52
1314.27	3084
1313.3	2727.16
1312.33	2770.67
1311.36	2705.73
1310.39	2762.13
1309.42	2648.17
1308.46	2539.4
1307.49	2541.62
1306.52	2448.37
1305.55	2422.23
1304.58	2470.88
1303.61	2300.33
1302.64	2238.11
1301.67	2250.68
1300.7	2209.12
1299.73	2077.35
1298.76	2095.1
1297.79	2136.02
1296.82	2133.14
1295.85	2078.74
1294.88	2081.02
1293.91	1980.29
1292.94	1977.43
1291.97	1920.51
1290.99	1953.69
1290.02	1961.14
1289.05	1868.22
1288.08	1924.55
1287.11	1870.25
1286.14	1805.68
1285.16	1784.85
1284.19	1751.16
1283.22	1843.47
1282.25	1814.93
1281.27	1752.98
1280.3	1891.5
1279.33	1731.92
1278.36	1731.67
1277.38	1741.7
1276.41	1631
1275.44	1646.17
1274.46	1743.51
1273.49	1715.02
1272.51	1704.51
1271.54	1609.3
1270.57	1596.23
1269.59	1649.89
1268.62	1562.42
1267.64	1680.2
1266.67	1561.97
1265.69	1546.36
1264.72	1546.14
1263.74	1599.76
1262.77	1591.84
1261.79	1604.42
1260.82	1494
1259.84	1596.28
1258.87	1529.44
1257.89	1559.96
1256.91	1518.75
1255.94	1539.02
1254.96	1536.24
1253.98	1441.3
1253.01	1474.37
1252.03	1479.27
1251.05	1458.59
1250.08	1522.35
1249.1	1463.29
1248.12	1450.29
1247.14	1491
1246.17	1462.66
1245.19	1429.21
1244.21	1459.68
1243.23	1444.14
1242.25	1377.48
1241.28	1397.73
1240.3	1417.96
1239.32	1438.2
1238.34	1443.1
1237.36	1468.43
1236.38	1452.9
1235.4	1393.97
1234.42	1375.9
1233.44	1373.15
1232.46	1355.09
1231.49	1331.93
1230.51	1405.72
1229.53	1313.69
1228.54	1415.52
1227.56	1387.27
1226.58	1330.97
1225.6	1381.77
1224.62	1297.45
1223.64	1312.56
1222.66	1332.75
1221.68	1347.85
1220.7	1345.11
1219.72	1283.78
1218.74	1321.8
1217.75	1387.82
1216.77	1354.52
1215.79	1326.32
1214.81	1326.13
1213.82	1366.66
1212.84	1226.51
1211.86	1295.03
1210.88	1373.7
1209.89	1330.26
1208.91	1352.96
1207.93	1312.08
1206.94	1263.59
1205.96	1227.82
1204.98	1298.81
1203.99	1268.12
1203.01	1252.7
1202.03	1298.25
1201.04	1259.96
1200.06	1216.6
1199.07	1284.99
1198.09	1272.11
1197.1	1238.92
1196.12	1281.9
1195.13	1251.26
1194.15	1157.18
1193.16	1263.58
1192.18	1232.96
1191.19	1280.97
1190.21	1283.33
1189.22	1293.28
1188.23	1239.85
1187.25	1221.93
1186.26	1239.5
1185.28	1239.32
1184.29	1249.28
1183.3	1168.02
1182.32	1215.98
1181.33	1238.6
1180.34	1281.48
1179.35	1266.1
1178.37	1248.2
1177.38	1278.39
1176.39	1212.4
1175.4	1148.96
1174.42	1161.44
1173.43	1227.06
1172.44	1219.29
1171.45	1254.53
1170.46	1186.06
1169.47	1221.29
1168.48	1213.53
1167.5	1190.61
1166.51	1256.15
1165.52	1187.74
1164.53	1225.47
1163.54	1260.66
1162.55	1134.18
1161.56	1224.94
1160.57	1169.21
1159.58	1242.26
1158.59	1133.52
1157.6	1148.51
1156.61	1153.39
1155.62	1193.6
1154.63	1233.79
1153.64	1203.34
1152.64	1241.01
1151.65	1238.31
1150.66	1248.21
1149.67	1182.48
1148.68	1240.29
1147.69	1194.74
1146.69	1121.48
1145.7	1232.2
1144.71	1249.65
1143.72	1166.34
1142.72	1254.33
1141.73	1218.89
1140.74	1206.13
1139.75	1173.22
1138.75	1178.09
1137.76	1165.33
1136.77	1205.43
1135.77	1212.81
1134.78	1124.58
1133.79	1225.03
1132.79	1194.68
1131.8	1169.36
1130.8	1098.78
1129.81	1257.01
1128.81	1234.2
1127.82	1128.47
1126.82	1233.85
1125.83	1155.78
1124.83	1115.42
1123.84	1185.59
1122.84	1190.44
1121.85	1180.23
1120.85	1137.37
1119.86	1167.33
1118.86	1187.24
1117.86	1114.29
1116.87	1184.39
1115.87	1106.44
1114.87	1161.47
1113.88	1138.73
1112.88	1181.2
1111.88	1150.94
1110.89	1108.15
1109.89	1130.55
1108.89	1157.96
1107.89	1100.16
1106.9	1180.18
1105.9	1114.87
1104.9	1164.81
1103.9	1117.05
1102.9	1124.4
1101.91	1156.79
1100.91	1176.65
1099.91	1156.46
1098.91	1096.22
1097.91	1128.6
1096.91	1130.94
1095.91	1098.25
1094.91	1140.61
1093.91	1037.91
1092.91	1062.77
1091.91	1107.62
1090.91	1114.96
1089.91	1097.3
1088.91	1104.64
1087.91	1081.99
1086.91	1089.33
1085.91	1071.68
1084.91	1126.48
1083.91	1128.81
1082.91	1143.63
1081.91	1071.06
1080.91	1075.9
1079.9	1053.28
1078.9	1130.49
1077.9	1062.96
1076.9	1105.22
1075.9	1085.1
1074.89	1040.05
1073.89	1044.89
1072.89	1032.27
1071.89	1062.04
1070.88	1036.96
1069.88	1104.1
1068.88	996.787
1067.87	1041.49
1066.87	1051.31
1065.87	1071.08
1064.86	1021.12
1063.86	1070.77
1062.85	1085.56
1061.85	998.268
1060.85	1008.08
1059.84	1072.64
1058.84	1062.53
1057.83	1089.75
1056.83	1082.13
1055.82	1039.69
1054.82	1074.35
1053.81	982.194
1052.8	1006.91
1051.8	1036.6
1050.79	1026.51
1049.79	1046.24
1048.78	1051.06
1047.78	1038.48
1046.77	1048.27
1045.76	1050.6
1044.76	1092.67
1043.75	1109.89
1042.74	1025.32
1041.73	1156.73
1040.73	1087.07
1039.72	1111.73
1038.71	1205.85
1037.7	1136.21
1036.7	1178.22
1035.69	1185.49
1034.68	1239.87
1033.67	1294.24
1032.66	1274.22
1031.65	1321.13
1030.65	1320.94
1029.64	1345.52
1028.63	1318.08
1027.62	1466.52
1026.61	1434.11
1025.6	1446.28
1024.59	1386.64
1023.58	1470.62
1022.57	1524.87
1021.56	1499.9
1020.55	1534.32
1019.54	1548.95
1018.53	1538.83
1017.52	1640.03
1016.51	1607.63
1015.5	1617.29
1014.49	1624.48
1013.47	1688.52
1012.46	1698.16
1011.45	1799.25
1010.44	1769.33
1009.43	1764.14
1008.42	1820.7
1007.4	1840.2
1006.39	1852.28
1005.38	1948.31
1004.37	1952.97
1003.35	1967.5
1002.34	2073.35
1001.33	2021.22
1000.32	2144.31
999.302	2151.4
998.289	2323.77
997.275	2417.15
996.261	2525.31
995.247	2527.41
994.233	2694.7
993.219	2903.83
992.205	2861.51
991.19	3196.25
990.176	3523.5
989.161	3678.19
988.146	3842.7
987.131	3938.19
986.116	4129.7
985.101	4254.68
984.085	4096.5
983.069	4238.67
982.054	4321.74
981.038	4264.51
980.022	4372.15
979.005	4403.5
977.989	4402.86
976.972	4323.52
975.956	4386.83
974.939	4265.72
973.922	4329.02
972.905	4394.75
971.888	4281.07
970.87	4356.62
969.853	4348.62
968.835	4308.68
967.817	4433.32
966.799	4250.95
965.781	4260.15
964.763	4141.69
963.744	4254.01
962.725	4319.66
961.707	4198.79
960.688	4161.37
959.669	4249.09
958.65	4275.45
957.63	4122.77
956.611	4195.74
955.591	4209.84
954.571	4167.55
953.551	4117.93
952.531	4215.36
951.511	4209.85
950.491	4150.43
949.47	4213.52
948.45	4220.26
947.429	4322.51
946.408	4253.32
945.387	4147.42
944.365	4283.9
943.344	4413
942.322	4346.29
941.301	4468
940.279	4259.4
939.257	4236.76
938.235	3771.44
937.212	3626.61
936.19	3401.14
935.167	3293.07
934.145	3028.6
933.122	2769.09
932.099	2670.94
931.075	2414.01
930.052	2337.92
929.029	2188.58
928.005	1912.29
926.981	1780.15
925.957	1726.18
924.933	1647.81
923.909	1501.12
922.885	1493.58
921.86	1459.2
920.835	1544.38
919.81	1429.5
918.785	1424.42
917.76	1451.04
916.735	1341.1
915.71	1387.23
914.684	1367.52
913.658	1379.51
912.632	1320.82
911.606	1352.31
910.58	1344.8
909.554	1371.4
908.527	1332.23
907.501	1341.78
906.474	1314.8
905.447	1370.6
904.42	1341.19
903.393	1343.43
902.366	1311.6
901.338	1277.35
900.31	1333.12
899.283	1320.76
898.255	1323
897.226	1286.33
896.198	1288.58
895.17	1271.37
894.141	1339.24
893.112	1368.21
892.084	1268.39
891.055	1248.77
890.025	1280.17
888.996	1180.4
887.967	1228.8
886.937	1245.61
885.907	1327.98
884.877	1315.65
883.847	1228.08
882.817	1300.7
881.787	1247.13
880.756	1300.32
879.726	1261.32
878.695	1275.69
877.664	1285.21
876.633	1238.95
875.601	1275.14
874.57	1231.32
873.538	1284.46
872.507	1238.23
871.475	1262.28
870.443	1254.83
869.411	1254.65
868.378	1218.14
867.346	1273.65
866.313	1261.36
865.281	1236.97
864.248	1234.37
863.215	1265.65
862.181	1255.79
861.148	1228.99
860.114	1269.93
859.081	1235.89
858.047	1233.29
857.013	1286.3
855.979	1191.83
854.945	1208.58
853.91	1196.32
852.876	1256.56
851.841	1135.57
850.806	1280.35
849.771	1217.36
848.736	1258.24
847.7	1202.52
846.665	1207.17
845.629	1219.07
844.594	1325.09
843.558	1221.12
842.522	1247.49
841.485	1247.31
840.449	1244.71
839.412	1254.18
838.376	1220.23
837.339	1183.89
836.302	1270.51
835.265	1198.01
834.227	1323.16
833.19	1342.24
832.152	1301.09
831.115	1238.26
830.077	1274.21
829.039	1319.79
828.001	1314.78
826.962	1247.17
825.924	1343.28
824.885	1287.73
823.846	1294.76
822.807	1301.79
821.768	1282.35
820.729	1260.51
819.69	1296.41
818.65	1339.51
817.61	1252.75
816.57	1271.8
815.53	1290.84
814.49	1283.45
813.45	1235.2
812.409	1386.39
811.369	1234.84
810.328	1222.64
809.287	1246.48
808.246	1210.28
807.205	1262.93
806.163	1188.32
805.122	1236.15
804.08	1240.77
803.038	1221.4
801.996	1226.02
800.954	1230.64
799.912	1213.67
798.869	1127.15
797.827	1177.34
796.784	1169.98
795.741	1160.22
794.698	1169.64
793.655	1195.83
792.612	1150.13
791.568	1159.54
790.524	1152.19
789.481	1195.13
788.437	1175.8
787.392	1185.2
786.348	1218.55
785.304	1170.5
784.259	1175.11
783.214	1146.22
782.17	1086.24
781.124	1141.1
780.079	1078.75
779.034	1114.46
777.988	1111.91
776.943	1102.18
775.897	1111.58
774.851	1132.93
773.805	1092.14
772.759	1080.03
771.712	1072.71
770.666	1070.16
769.619	1113
768.572	1048.36
767.525	1112.67
766.478	1098.19
765.431	1112.35
764.383	1042.97
763.335	1052.37
762.288	1052.21
761.24	1023.43
760.192	1085.3
759.143	999.282
758.095	1025.37
757.046	1027.6
755.998	1044.14
754.949	1001.08
753.9	1017.62
752.851	1084.19
751.801	974.435
750.752	960
749.702	1033.69
748.652	983.533
747.602	1040.54
746.552	995.149
745.502	1054.51
744.452	1011.52
743.401	973.295
742.35	1032.64
741.3	1022.97
740.249	963.354
739.197	1006.02
738.146	1015.39
737.095	1003.35
736.043	996.072
734.991	979.287
733.939	1043.31
732.887	979.001
731.835	955.099
730.782	954.959
729.73	983.321
728.677	999.801
727.624	1004.4
726.571	1013.75
725.518	1049.21
724.465	984.975
723.411	1029.92
722.358	1017.91
721.304	996.405
720.25	993.887
719.196	1015.09
718.142	972.254
717.087	1033.76
716.033	962.486
714.978	974.197
713.923	1004.86
712.868	995.238
711.813	1061.43
710.758	992.578
709.702	952.167
708.646	1025.44
707.591	968.463
706.535	1010.94
705.479	1008.42
704.422	1057.98
703.366	1008.13
702.309	1005.61
701.253	1012.56
700.196	1021.88
699.139	1085.58
698.081	1106.71
697.024	1063.99
695.967	1087.47
694.909	1125.13
693.851	1120.24
692.793	1091.72
691.735	1124.64
690.677	1126.83
689.618	1159.74
688.56	1131.23
687.501	1105.09
686.442	1159.23
685.383	1187.38
684.324	1177.77
683.265	1215.35
682.205	1226.97
681.145	1130.07
680.086	1203.03
679.026	1233.51
677.965	1256.91
676.905	1254.37
675.845	1277.76
674.784	1244.57
673.723	1270.31
672.662	1206.5
671.601	1314.71
670.54	1250.91
669.479	1246.02
668.417	1245.83
667.355	1273.91
666.294	1287.85
665.232	1238.22
664.169	1287.47
663.107	1219.03
662.045	1202.38
660.982	1253.96
659.919	1272.6
658.856	1220.67
657.793	1251.06
656.73	1194.45
655.667	1213.08
654.603	1189.4
653.539	1175.12
652.475	1191.4
651.411	1205.32
650.347	1228.63
649.283	1157.99
648.218	1197.74
647.154	1176.43
646.089	1138.69
645.024	1232.43
643.959	1171.22
642.893	1156.97
641.828	1189.65
640.762	1180.09
639.697	1170.53
638.631	1186.78
637.565	1125.63
636.498	1207.53
635.432	1162.81
634.366	1193.11
633.299	1199.97
632.232	1199.79
631.165	1234.76
630.098	1190.07
629.03	1222.69
627.963	1241.24
626.895	1224.67
625.828	1285.36
624.76	1308.58
623.692	1329.46
622.623	1364.37
621.555	1350.13
620.486	1356.95
619.418	1368.44
618.349	1363.56
617.28	1316.59
616.21	1323.41
615.141	1281.14
614.072	1271.6
613.002	1250.38
611.932	1329.65
610.862	1212.63
609.792	1168.06
608.722	1223.95
607.651	1158.38
606.58	1172.22
605.51	1158.04
604.439	1115.85
603.368	1099.35
602.296	1150.53
601.225	1129.36
600.153	1082.53
599.082	1061.38
598.01	1093.87
596.938	1056.4
595.866	1056.24
594.793	1051.43
593.721	1086.24
592.648	1067.43
591.575	1043.97
590.502	1074.11
589.429	1039
588.356	1064.47
587.282	1055
586.209	1036.22
585.135	1070.99
584.061	1077.81
582.987	1042.74
581.913	1035.61
580.838	1098.28
579.764	1128.36
578.689	1084
577.614	1007.09
576.539	1076.7
575.464	1016.09
574.389	1074.06
573.313	1099.47
572.237	1106.28
571.162	1101.47
570.086	1145.46
569.009	1212.66
567.933	1154.41
566.857	1193.72
565.78	1253.92
564.703	1230.52
563.626	1114.27
562.549	1274.26
561.472	1243.9
560.394	1304.05
559.317	1262.09
558.239	1345.42
557.161	1338.26
556.083	1347.34
555.005	1349.46
553.927	1402.58
552.848	1474.23
551.769	1545.86
550.691	1545.63
549.612	1494.43
548.532	1596.14
547.453	1730.25
546.374	1850.43
545.294	1813.1
544.214	1829.04
543.134	2030.17
542.054	2122.45
540.974	2210.08
539.893	2205.13
538.813	2352.87
537.732	2674.06
536.651	2858.69
535.57	2992.39
534.489	3331.84
533.407	3839.96
532.326	4188.42
531.244	4795.64
530.162	5513.6
529.08	6522.46
527.998	8164
526.916	10645.8
525.833	14380.9
524.751	20534.9
523.668	32759.1
522.585	57260.5
521.502	104194
520.418	146500
519.335	139748
518.251	93288.5
517.167	53183.8
516.083	30935.5
514.999	20249.4
513.915	14283.8
512.831	10729.2
511.746	8408.73
510.661	6971.67
509.576	5712.47
508.491	4868.36
507.406	4183.45
506.321	3795.88
505.235	3290.96
504.149	3147.71
503.064	2854.86
501.978	2686.39
500.891	2504.17
499.805	2345.01
498.719	2326.26
497.632	2220.08
496.545	2146.15
495.458	2056.13
494.371	1984.54
493.284	1844
492.196	1898.9
491.108	1903.21
490.021	1801.81
488.933	1691.25
487.845	1711.67
486.756	1704.53
485.668	1646.86
484.579	1582.31
483.491	1572.89
482.402	1508.38
481.313	1526.52
480.223	1565.31
479.134	1507.71
478.044	1475.36
476.955	1404.03
475.865	1415.29
474.775	1396.73
473.684	1330.02
472.594	1394.02
471.504	1309
470.413	1345.48
469.322	1322.36
468.231	1349.66
467.14	1372.37
466.048	1317.19
464.957	1278.06
463.865	1289.32
462.774	1211.28
461.682	1279.78
460.589	1183.45
459.497	1183.28
458.405	1123.61
457.312	1063.95
456.219	1191.9
455.126	1251.2
454.033	1200.7
452.94	1234.82
451.846	1348.96
450.753	1291.61
449.659	1295.99
448.565	1359.79
447.471	1361.87
446.377	1398.23
445.282	1370.61
444.188	1432.07
443.093	1472.97
441.998	1465.9
440.903	1515.91
439.808	1504.27
438.713	1513.18
437.617	1560.87
436.521	1592.59
435.425	1660.79
434.329	1628.61
433.233	1632.93
432.137	1714.78
431.04	1621.05
429.944	1618.53
428.847	1647.92
427.75	1574.75
426.653	1599.58
425.555	1640.35
424.458	1551.27
423.36	1619.37
422.262	1582.69
421.164	1587.01
420.066	1527.59
418.968	1556.95
417.87	1522.58
416.771	1517.81
415.672	1585.84
414.573	1556.03
413.474	1503.48
412.375	1557.84
411.275	1568.98
410.176	1552.83
409.076	1536.69
407.976	1550.1
406.876	1545.33
405.776	1561
404.675	1558.5
403.575	1558.27
402.474	1539.87
401.373	1580.52
400.272	1532.6
399.171	1543.72
398.069	1529.88
396.968	1536.46
395.866	1565.73
394.764	1592.72
393.662	1435.96
392.56	1576.38
391.458	1558
390.355	1560.04
389.252	1589.28
388.149	1579.97
387.046	1579.74
385.943	1570.44
384.84	1533.96
383.736	1594.9
382.633	1639.96
381.529	1655.57
380.425	1564.75
379.321	1650.55
378.216	1598.24
377.112	1672.7
376.007	1649.82
374.902	1640.52
373.797	1595.03
372.692	1655.87
371.587	1639.79
370.481	1691.56
369.376	1664.18
368.27	1697.84
367.164	1632.04
366.058	1740.28
364.951	1676.75
363.845	1735.25
362.738	1721.44
361.632	1732.47
360.525	1716.41
359.417	1727.44
358.31	1765.57
357.203	1663.72
356.095	1814.7
354.987	1581.99
353.879	1760.01
352.771	1741.7
351.663	1770.77
350.555	1856.21
349.446	1720.63
348.337	1835.36
347.228	1801.28
346.119	1771.71
345.01	1744.4
343.9	1870.33
342.791	1788.94
341.681	1808.95
340.571	1768.14
339.461	1878.23
338.351	1790.13
337.24	1882.17
336.13	1965.18
335.019	1868.11
333.908	1919.59
332.797	1896.8
331.686	1910.02
330.574	1876
329.463	2051.14
328.351	1942.9
327.239	2050.54
326.127	1982.79
325.015	2002.72
323.902	2065.35
322.79	2105.49
321.677	2062.49
320.564	2154.29
319.451	2169.69
318.338	2212.04
317.225	2225.18
316.111	2202.4
314.997	2208.81
313.883	2255.61
312.769	2324.84
311.655	2286.35
310.541	2454.26
309.426	2496.52
308.312	2462.51
307.197	2585.47
306.082	2771.18
304.966	2911.99
303.851	3001.22
302.735	3016.46
301.62	2962.23
300.504	2896.82
299.388	2849.35
