3199.22	1981.73
3198.51	1971.1
3197.81	1995.64
3197.1	1910.31
3196.4	1895.87
3195.69	1902.7
3194.98	1952.04
3194.28	1958.85
3193.57	1909
3192.87	1876.87
3192.16	1954.51
3191.45	2056.91
3190.75	1844.24
3190.04	2003.26
3189.34	1918.06
3188.63	1893.03
3187.92	2002.44
3187.22	1917.27
3186.51	1913.47
3185.8	1863.7
3185.09	1845.77
3184.39	1969.26
3183.68	1965.45
3182.97	1901.56
3182.27	1954.31
3181.56	1890.44
3180.85	1897.25
3180.14	1949.98
3179.44	1868.47
3178.73	1900
3178.02	2069.24
3177.31	1991.28
3176.6	1952.18
3175.89	1951.91
3175.19	1941.06
3174.48	1969.02
3173.77	1855.85
3173.06	1996.71
3172.35	1968.22
3171.64	1999.69
3170.93	1953.57
3170.23	1896.89
3169.52	1935.41
3168.81	1959.82
3168.1	1941.93
3167.39	1952.24
3166.68	1885.03
3165.97	2029.21
3165.26	1954.96
3164.55	2049.79
3163.84	1996.69
3163.13	1940.08
3162.42	2017.26
3161.71	2076.83
3161	1949.84
3160.29	2044.59
3159.58	2019.68
3158.87	1984.22
3158.16	2012.09
3157.45	1895.75
3156.73	1920.11
3156.02	2074.56
3155.31	2028.57
3154.6	1972.05
3153.89	1968.27
3153.18	2013.68
3152.47	2009.9
3151.76	1900.71
3151.04	1956.65
3150.33	1928.29
3149.62	2005.29
3148.91	2043.64
3148.2	1916.96
3147.48	2057.12
3146.77	1990.15
3146.06	1979.35
3145.35	1919.43
3144.63	1870.04
3143.92	1982.05
3143.21	2079.99
3142.5	1935.91
3141.78	1949.67
3141.07	1935.38
3140.36	2022.76
3139.64	2040.01
3138.93	2011.69
3138.22	2021.93
3137.5	1962.09
3136.79	2059.92
3136.08	2070.14
3135.36	2013.82
3134.65	1919
3133.93	1971.26
3133.22	1960.48
3132.51	1956.72
3131.79	1952.95
3131.08	2012.17
3130.36	1885.93
3129.65	1969.64
3128.93	2056.82
3128.22	2004.08
3127.5	1958.34
3126.79	2083.95
3126.07	1950.81
3125.36	1999.49
3124.64	2030.67
3123.93	2019.91
3123.21	2054.57
3122.5	2110.19
3121.78	1991.13
3121.07	2074.69
3120.35	1990.59
3119.63	2126.5
3118.92	2004.01
3118.2	1926.94
3117.49	1968.56
3116.77	1891.51
3116.05	1985.47
3115.34	1932.86
3114.62	1981.44
3113.9	2030
3113.19	2026.23
3112.47	2085.24
3111.75	2022.19
3111.03	2004.49
3110.32	2091.35
3109.6	2028.33
3108.88	1979.27
3108.17	1999.91
3107.45	2093.69
3106.73	2079.47
3106.01	2086.16
3105.29	1974.44
3104.58	2008.99
3103.86	2001.75
3103.14	1949.26
3102.42	2039.49
3101.7	2018.33
3100.98	2066.76
3100.27	1899.49
3099.55	2000.11
3098.83	2041.57
3098.11	2100.41
3097.39	2006.24
3096.67	1974.68
3095.95	1981.36
3095.23	2074.93
3094.51	1987.77
3093.79	2036.14
3093.07	2035.86
3092.35	2039.06
3091.63	1990.16
3090.91	1989.88
3090.19	2111.14
3089.47	1971.98
3088.75	2009.9
3088.03	2075.57
3087.31	1943.41
3086.59	2064.59
3085.87	2185.74
3085.15	2077.9
3084.43	2178.2
3083.71	2112.01
3082.99	2056.24
3082.27	2069.83
3081.55	2069.55
3080.83	2131.65
3080.1	2003.13
3079.38	2072.16
3078.66	2116.92
3077.94	2168.59
3077.22	2074.78
3076.5	2057.18
3075.77	2081.14
3075.05	2032.38
3074.33	2073.64
3073.61	2073.36
3072.89	2045.39
3072.16	2010.5
3071.44	2048.29
3070.72	1989.2
3070	1964.71
3069.27	2078.58
3068.55	2040.25
3067.83	2050.35
3067.1	2053.52
3066.38	2046.33
3065.66	2108.26
3064.93	2128.71
3064.21	2131.87
3063.49	2152.31
3062.76	2072.56
3062.04	2120.63
3061.31	2116.89
3060.59	2082.07
3059.87	2088.69
3059.14	2102.21
3058.42	2157.15
3057.69	2036.07
3056.97	2070.3
3056.24	2142.46
3055.52	2090.43
3054.79	2166.02
3054.07	2076.06
3053.34	2110.26
3052.62	2120.31
3051.89	2130.37
3051.17	2092.16
3050.44	2102.21
3049.72	2136.38
3048.99	2098.19
3048.27	2091.02
3047.54	2101.06
3046.81	2107.66
3046.09	2083.27
3045.36	2262.02
3044.64	2034.51
3043.91	2165.02
3043.18	2195.7
3042.46	2154.11
3041.73	2153.81
3041	2191.36
3040.28	2201.38
3039.55	2128.86
3038.82	2056.35
3038.1	2172.97
3037.37	2210.49
3036.64	2065.82
3035.91	2178.95
3035.19	2106.49
3034.46	2092.46
3033.73	2123.09
3033	2133.11
3032.28	2167.16
3031.55	2111.92
3030.82	2221.5
3030.09	2228.06
3029.36	2145.38
3028.63	2052.42
3027.91	2151.65
3027.18	2185.67
3026.45	2106.46
3025.72	2089.02
3024.99	2208.78
3024.26	2074.74
3023.53	2197.89
3022.8	2125.59
3022.07	2176.72
3021.34	2121.58
3020.62	2138.43
3019.89	2254.64
3019.16	2185.81
3018.43	2110.15
3017.7	2181.78
3016.97	2202.03
3016.24	2160.64
3015.51	2259.63
3014.78	2214.82
3014.05	2128.95
3013.31	2176.57
3012.58	2289.19
3011.85	2196.5
3011.12	2326.2
3010.39	2158.28
3009.66	2229.8
3008.93	2113.23
3008.2	2242.87
3007.47	2218.63
3006.74	2102.11
3006	2265.87
3005.27	2200.63
3004.54	2265.25
3003.81	2343.51
3003.08	2165.57
3002.35	2192.6
3001.61	2219.62
3000.88	2243.21
3000.15	2181.46
2999.42	2280.15
2998.68	2238.88
2997.95	2194.21
2997.22	2207.56
2996.49	2258.43
2995.75	2237.65
2995.02	2148.67
2994.29	2240.45
2993.55	2301.52
2992.82	2250.06
2992.09	2259.98
2991.35	2331.25
2990.62	2252.55
2989.89	2231.8
2989.15	2343.92
2988.42	2241.4
2987.68	2241.1
2986.95	2244.2
2986.22	2407.33
2985.48	2267.41
2984.75	2324.97
2984.01	2164.68
2983.28	2354.96
2982.54	2272.98
2981.81	2333.9
2981.07	2255.35
2980.34	2234.63
2979.6	2224.12
2978.87	2254.42
2978.13	2213.31
2977.4	2213.01
2976.66	2270.49
2975.93	2402.72
2975.19	2208.7
2974.45	2249.17
2973.72	2211.49
2972.98	2272.33
2972.25	2312.77
2971.51	2387.16
2970.77	2206.89
2970.04	2359.35
2969.3	2355.63
2968.56	2250.1
2967.83	2365.17
2967.09	2317.34
2966.35	2286.49
2965.62	2330.27
2964.88	2374.04
2964.14	2366.94
2963.4	2247.94
2962.67	2329
2961.93	2420.2
2961.19	2263.97
2960.45	2277.21
2959.72	2297.23
2958.98	2334.18
2958.24	2404.99
2957.5	2228.55
2956.76	2339.99
2956.03	2366.76
2955.29	2386.75
2954.55	2281.49
2953.81	2301.48
2953.07	2351.93
2952.33	2277.16
2951.59	2232.87
2950.85	2469.35
2950.12	2408.13
2949.38	2390.9
2948.64	2333.09
2947.9	2353.05
2947.16	2359.49
2946.42	2450.42
2945.68	2352.08
2944.94	2412.58
2944.2	2500.09
2943.46	2438.95
2942.72	2310.26
2941.98	2397.75
2941.24	2421.06
2940.5	2498.38
2939.76	2271.87
2939.02	2460.57
2938.28	2362.36
2937.53	2453.15
2936.79	2375.21
2936.05	2425.49
2935.31	2354.32
2934.57	2448.43
2933.83	2427.86
2933.09	2373.58
2932.35	2447.42
2931.6	2514.5
2930.86	2399.57
2930.12	2544.14
2929.38	2419.13
2928.64	2553.55
2927.89	2381.41
2927.15	2478.75
2926.41	2434.64
2925.67	2447.77
2924.92	2454.17
2924.18	2362.95
2923.44	2413.11
2922.7	2402.68
2921.95	2382.17
2921.21	2391.93
2920.47	2448.79
2919.72	2374.46
2918.98	2461.57
2918.24	2417.52
2917.49	2366.76
2916.75	2450.47
2916	2500.55
2915.26	2375.87
2914.52	2429.3
2913.77	2422.25
2913.03	2482.38
2912.28	2401.44
2911.54	2458.2
2910.79	2404.13
2910.05	2413.88
2909.31	2369.91
2908.56	2396.43
2907.82	2355.83
2907.07	2536.7
2906.33	2405.51
2905.58	2549.43
2904.83	2448.46
2904.09	2582.26
2903.34	2514.85
2902.6	2534.62
2901.85	2460.52
2901.11	2527.22
2900.36	2449.79
2899.61	2415.95
2898.87	2418.97
2898.12	2365.04
2897.38	2481.94
2896.63	2484.95
2895.88	2521.45
2895.14	2460.83
2894.39	2350.03
2893.64	2517.06
2892.89	2302.53
2892.15	2392.56
2891.4	2402.27
2890.65	2368.49
2889.91	2478.54
2889.16	2404.63
2888.41	2404.3
2887.66	2360.5
2886.92	2340.12
2886.17	2406.65
2885.42	2372.9
2884.67	2389.28
2883.92	2425.71
2883.17	2418.69
2882.43	2431.72
2881.68	2418.03
2880.93	2354.25
2880.18	2510.85
2879.43	2390.33
2878.68	2329.91
2877.93	2426.38
2877.18	2382.67
2876.43	2389.01
2875.69	2432.06
2874.94	2461.74
2874.19	2488.09
2873.44	2377.7
2872.69	2397.38
2871.94	2393.72
2871.19	2446.72
2870.44	2489.71
2869.69	2466.05
2868.94	2409.06
2868.19	2418.73
2867.44	2451.71
2866.68	2374.76
2865.93	2431.05
2865.18	2364.12
2864.43	2363.8
2863.68	2456.68
2862.93	2409.75
2862.18	2479.3
2861.43	2399.1
2860.68	2295.64
2859.92	2348.55
2859.17	2404.77
2858.42	2527.49
2857.67	2377.51
2856.92	2320.66
2856.17	2416.75
2855.41	2266.84
2854.66	2386.17
2853.91	2345.97
2853.16	2505.13
2852.4	2498.14
2851.65	2424.72
2850.9	2437.67
2850.15	2470.54
2849.39	2430.36
2848.64	2393.51
2847.89	2452.93
2847.13	2452.59
2846.38	2395.85
2845.63	2458.56
2844.87	2345.43
2844.12	2421.39
2843.37	2553.72
2842.61	2437.31
2841.86	2357.4
2841.1	2396.86
2840.35	2429.68
2839.59	2515.51
2838.84	2501.91
2838.09	2438.62
2837.33	2428.34
2836.58	2351.82
2835.82	2517.1
2835.07	2440.59
2834.31	2486.61
2833.56	2406.81
2832.8	2492.55
2832.05	2495.51
2831.29	2442.22
2830.53	2458.43
2829.78	2537.49
2829.02	2437.91
2828.27	2440.88
2827.51	2536.45
2826.76	2496.42
2826	2469.63
2825.24	2419.71
2824.49	2442.51
2823.73	2475.22
2822.97	2481.49
2822.22	2524.1
2821.46	2381.71
2820.7	2434.23
2819.95	2384.36
2819.19	2483.09
2818.43	2390.31
2817.67	2541.83
2816.92	2465.56
2816.16	2471.83
2815.4	2382.39
2814.64	2484.34
2813.89	2460.91
2813.13	2493.56
2812.37	2545.98
2811.61	2443.41
2810.85	2588.14
2810.1	2564.71
2809.34	2557.77
2808.58	2330.02
2807.82	2553.77
2807.06	2596.25
2806.3	2500.36
2805.54	2549.42
2804.78	2539.19
2804.02	2515.79
2803.27	2518.74
2802.51	2495.35
2801.75	2458.8
2800.99	2448.59
2800.23	2395.6
2799.47	2490.69
2798.71	2546.27
2797.95	2437.38
2797.19	2466.64
2796.43	2574.82
2795.67	2574.46
2794.91	2544.52
2794.15	2485.01
2793.38	2556.97
2792.62	2448.18
2791.86	2559.55
2791.1	2559.2
2790.34	2539.14
2789.58	2538.79
2788.82	2545.01
2788.06	2495.41
2787.3	2659.22
2786.53	2566.94
2785.77	2448.43
2785.01	2533.42
2784.25	2647.91
2783.49	2506.48
2782.72	2522.53
2781.96	2646.82
2781.2	2557.91
2780.44	2603.47
2779.67	2563.77
2778.91	2707.65
2778.15	2497.51
2777.39	2608.59
2776.62	2650.83
2775.86	2522.69
2775.1	2607.51
2774.33	2580.95
2773.57	2564.22
2772.81	2583.52
2772.04	2701.03
2771.28	2707.2
2770.52	2625
2769.75	2690.09
2768.99	2555.56
2768.22	2594.47
2767.46	2662.81
2766.7	2659.18
2765.93	2665.35
2765.17	2511.3
2764.4	2690.78
2763.64	2680.6
2762.87	2598.52
2762.11	2706.01
2761.34	2676.22
2760.58	2829.42
2759.81	2740.82
2759.05	2844.97
2758.28	2710.68
2757.52	2707.04
2756.75	2778.5
2755.98	2781.38
2755.22	2728.77
2754.45	2672.91
2753.69	2773.71
2752.92	2838.58
2752.15	2981.73
2751.39	2769.3
2750.62	2879.81
2749.85	2977.24
2749.09	2839.89
2748.32	2943.82
2747.55	2966.23
2746.79	3004.93
2746.02	2965.42
2745.25	3017.14
2744.48	2980.89
2743.72	3094.49
2742.95	3139.66
2742.18	3171.79
2741.41	2943.43
2740.65	3177.43
2739.88	3245.35
2739.11	3170.04
2738.34	3332.32
2737.57	3312.34
2736.8	3240.31
2736.04	3330.94
2735.27	3402.04
2734.5	3473.12
2733.73	3427.12
2732.96	3423.39
2732.19	3562.7
2731.42	3640.21
2730.65	3639.71
2729.88	3596.97
2729.11	3729.68
2728.34	3820.12
2727.57	3793.61
2726.8	3737.88
2726.03	3812.05
2725.26	3866.72
2724.49	3931.11
2723.72	3904.6
2722.95	4053.35
2722.18	4000.87
2721.41	3925.7
2720.64	4080.87
2719.87	4041.39
2719.1	3995.43
2718.33	4157.01
2717.56	4081.87
2716.79	4220.7
2716.02	4109.92
2715.24	4245.46
2714.47	4254.6
2713.7	4516.45
2712.93	4444.56
2712.16	4424.51
2711.39	4401.23
2710.61	4358.53
2709.84	4393.55
2709.07	4305.54
2708.3	4324.36
2707.52	4433.81
2706.75	4497.91
2705.98	4507
2705.21	4412.56
2704.43	4531.64
2703.66	4369.31
2702.89	4436.61
2702.11	4500.67
2701.34	4609.96
2700.57	4515.59
2699.79	4291.97
2699.02	4446.48
2698.25	4332.79
2697.47	4580.94
2696.7	4347.74
2695.92	4456.96
2695.15	4456.34
2694.38	4423.44
2693.6	4461.57
2692.83	4351.21
2692.05	4515.21
2691.28	4388.73
2690.5	4497.83
2689.73	4374.62
2688.95	4286.93
2688.18	4360.52
2687.4	4363.14
2686.63	4236.79
2685.85	4197.52
2685.08	4467.71
2684.3	4415.53
2683.53	4408.47
2682.75	4343.42
2681.97	4204.29
2681.2	4361.56
2680.42	4219.24
2679.64	4279.85
2678.87	4295.36
2678.09	4175.64
2677.32	4175.07
2676.54	4158.4
2675.76	4177.14
2674.98	4121.86
2674.21	4156.68
2673.43	4149.68
2672.65	4078.35
2671.88	4222.5
2671.1	4035.42
2670.32	4144.18
2669.54	3921.8
2668.77	3934.11
2667.99	4010.7
2667.21	4006.94
2666.43	3900.36
2665.65	3838.79
2664.87	3896.07
2664.1	3812.04
2663.32	3936.74
2662.54	3711.46
2661.76	3909.98
2660.98	3781.05
2660.2	3543.04
2659.42	3683.74
2658.64	3795.53
2657.86	3663.48
2657.09	3573.17
2656.31	3598.33
2655.53	3565.77
2654.75	3485.12
2653.97	3343.59
2653.19	3500.19
2652.41	3400.35
2651.63	3438.34
2650.85	3399.42
2650.07	3485.44
2649.28	3376.06
2648.5	3436.44
2647.72	3387.94
2646.94	3342.64
2646.16	3162.91
2645.38	3328.92
2644.6	3238.85
2643.82	3251.2
2643.04	3164.37
2642.26	3080.75
2641.47	3269.05
2640.69	3127.88
2639.91	3242.57
2639.13	3149.4
2638.35	3228.88
2637.56	3138.94
2636.78	3020.25
2636	3173.22
2635.22	3064.15
2634.44	3038.17
2633.65	2996.23
2632.87	3050.11
2632.09	3065.66
2631.3	3001.37
2630.52	2994.58
2629.74	2933.51
2628.95	2913.96
2628.17	2923.13
2627.39	2976.97
2626.6	2858.52
2625.82	2985.72
2625.04	2857.73
2624.25	2835.01
2623.47	2888.83
2622.68	2805.54
2621.9	2763.71
2621.12	2776.08
2620.33	2829.87
2619.55	2890.02
2618.76	2803.6
2617.98	2866.93
2617.19	2853.79
2616.41	2799.26
2615.62	2811.61
2614.84	2804.85
2614.05	2877.68
2613.27	2714.96
2612.48	2790.96
2611.69	2746.03
2610.91	2685.2
2610.12	2684.83
2609.34	2687.64
2608.55	2750.88
2607.76	2731.42
2606.98	2702.43
2606.19	2737.02
2605.4	2612.69
2604.62	2669.53
2603.83	2704.12
2603.04	2706.92
2602.26	2630.31
2601.47	2664.88
2600.68	2518.43
2599.9	2613.34
2599.11	2657.43
2598.32	2517.38
2597.53	2536.08
2596.75	2669.02
2595.96	2608.36
2595.17	2611.18
2594.38	2667.92
2593.59	2553.36
2592.81	2562.52
2592.02	2505.09
2591.23	2603.03
2590.44	2615.36
2589.65	2611.82
2588.86	2586.11
2588.07	2528.71
2587.28	2610.74
2586.5	2521.68
2585.71	2594.19
2584.92	2432.31
2584.13	2558.64
2583.34	2513.96
2582.55	2488.28
2581.76	2510.1
2580.97	2468.61
2580.18	2531.56
2579.39	2490.07
2578.6	2568.82
2577.81	2502.04
2577.02	2561.78
2576.23	2536.13
2575.44	2580.05
2574.64	2554.4
2573.85	2383.36
2573.06	2471.52
2572.27	2474.34
2571.48	2524.55
2570.69	2498.93
2569.9	2514.38
2569.11	2532.98
2568.31	2564.21
2567.52	2462.82
2566.73	2459.32
2565.94	2417.95
2565.15	2502.83
2564.35	2477.24
2563.56	2435.88
2562.77	2410.3
2561.98	2457.29
2561.18	2507.41
2560.39	2522.83
2559.6	2582.39
2558.81	2493.76
2558.01	2471.35
2557.22	2426.88
2556.43	2511.64
2555.63	2413.61
2554.84	2394.37
2554.05	2384.59
2553.25	2475.6
2552.46	2355.59
2551.66	2471.77
2550.87	2474.58
2550.08	2471.09
2549.28	2470.75
2548.49	2388.58
2547.69	2410.28
2546.9	2438.26
2546.1	2393.88
2545.31	2478.48
2544.51	2456.12
2543.72	2458.92
2542.92	2408.28
2542.13	2458.24
2541.33	2520.77
2540.54	2457.57
2539.74	2466.65
2538.95	2472.6
2538.15	2506.81
2537.35	2418.52
2536.56	2349.09
2535.76	2414.71
2534.97	2527.4
2534.17	2439.15
2533.37	2398.01
2532.58	2303.53
2531.78	2397.35
2530.98	2378.19
2530.19	2456.29
2529.39	2252.07
2528.59	2336.44
2527.79	2452.14
2527	2508.23
2526.2	2366.82
2525.4	2344.55
2524.6	2438.25
2523.81	2450.44
2523.01	2478.3
2522.21	2415.31
2521.41	2371.12
2520.61	2267.44
2519.82	2426.83
2519.02	2435.89
2518.22	2423.03
2517.42	2375.74
2516.62	2337.86
2515.82	2396.99
2515.02	2434.2
2514.22	2408.84
2513.42	2374.1
2512.63	2408.17
2511.83	2420.35
2511.03	2426.27
2510.23	2435.31
2509.43	2306.82
2508.63	2315.88
2507.83	2374.93
2507.03	2512.08
2506.23	2452.37
2505.43	2436.42
2504.63	2523.53
2503.83	2513.81
2503.02	2416.67
2502.22	2472.53
2501.42	2412.88
2500.62	2450
2499.82	2427.82
2499.02	2393.16
2498.22	2477.06
2497.42	2373.78
2496.61	2382.81
2495.81	2454.2
2495.01	2428.92
2494.21	2534.58
2493.41	2422.01
2492.61	2440.38
2491.8	2480.55
2491	2408.55
2490.2	2451.83
2489.4	2448.37
2488.59	2401.32
2487.79	2369.84
2486.99	2450.47
2486.18	2303.81
2485.38	2512.05
2484.58	2396.54
2483.77	2418
2482.97	2455
2482.17	2429.77
2481.36	2510.31
2480.56	2357.56
2479.76	2494.07
2478.95	2381.79
2478.15	2421.87
2477.34	2306.52
2476.54	2371.47
2475.73	2361.82
2474.93	2417.43
2474.13	2482.33
2473.32	2450.93
2472.52	2410.21
2471.71	2425.4
2470.91	2421.96
2470.1	2502.35
2469.3	2356.1
2468.49	2408.54
2467.68	2470.28
2466.88	2460.63
2466.07	2513.03
2465.27	2475.46
2464.46	2437.89
2463.65	2589.52
2462.85	2440.32
2462.04	2486.49
2461.24	2464.44
2460.43	2532.29
2459.62	2473.06
2458.82	2460.32
2458.01	2543.63
2457.2	2518.5
2456.39	2446.91
2455.59	2610.71
2454.78	2461.71
2453.97	2464.47
2453.16	2516.75
2452.36	2398.79
2451.55	2420.12
2450.74	2435.26
2449.93	2475.14
2449.13	2474.8
2448.32	2564.15
2447.51	2526.69
2446.7	2569.63
2445.89	2522.9
2445.08	2500.91
2444.27	2472.74
2443.46	2497.12
2442.66	2465.88
2441.85	2496.43
2441.04	2526.98
2440.23	2508.09
2439.42	2433.63
2438.61	2457.99
2437.8	2503.97
2436.99	2559.19
2436.18	2450.8
2435.37	2481.32
2434.56	2348.29
2433.75	2533.09
2432.94	2461.78
2432.13	2473.78
2431.32	2476.52
2430.51	2584.1
2429.7	2491.25
2428.88	2432.33
2428.07	2512.14
2427.26	2348.44
2426.45	2446.73
2425.64	2363.2
2424.83	2406
2424.02	2436.47
2423.21	2414.57
2422.39	2368.05
2421.58	2426.22
2420.77	2475.14
2419.96	2376.3
2419.14	2311.34
2418.33	2434.11
2417.52	2399.92
2416.71	2421.13
2415.89	2405.41
2415.08	2377.4
2414.27	2383.22
2413.46	2389.04
2412.64	2256.51
2411.83	2477.52
2411.02	2265.11
2410.2	2390.79
2409.39	2381.24
2408.57	2417.77
2407.76	2362.15
2406.95	2358.75
2406.13	2303.15
2405.32	2284.4
2404.5	2370.05
2403.69	2363.58
2402.88	2378.6
2402.06	2316.89
2401.25	2408.62
2400.43	2310.12
2399.62	2349.67
2398.8	2337.08
2397.99	2404.22
2397.17	2311.9
2396.35	2428.08
2395.54	2240.76
2394.72	2393.69
2393.91	2396.42
2393.09	2347.07
2392.28	2371.25
2391.46	2285.15
2390.64	2382.84
2389.83	2309.02
2389.01	2290.33
2388.19	2403.28
2387.38	2369.28
2386.56	2280.19
2385.74	2289.05
2384.93	2389.71
2384.11	2322.07
2383.29	2242.22
2382.47	2315.31
2381.66	2382.27
2380.84	2265.75
2380.02	2283.78
2379.2	2271.23
2378.39	2270.92
2377.57	2374.51
2376.75	2380.29
2375.93	2321.91
2375.11	2361.3
2374.29	2272.4
2373.48	2317.89
2372.66	2360.32
2371.84	2277.56
2371.02	2301.66
2370.2	2341.02
2369.38	2227.78
2368.56	2370.88
2367.74	2279.03
2366.92	2419.03
2366.1	2257.04
2365.28	2326.87
2364.46	2216.78
2363.64	2280.5
2362.82	2231.41
2362	2267.67
2361.18	2331.35
2360.36	2346.27
2359.54	2288.05
2358.72	2369.98
2357.9	2406.21
2357.08	2244.47
2356.26	2369
2355.44	2246.89
2354.62	2270.93
2353.79	2401.49
2352.97	2297.69
2352.15	2385.61
2351.33	2357.9
2350.51	2272.39
2349.69	2363.33
2348.86	2341.71
2348.04	2274.49
2347.22	2328.9
2346.4	2328.58
2345.57	2310.02
2344.75	2254.99
2343.93	2254.68
2343.11	2366.78
2342.28	2336.07
2341.46	2247.66
2340.64	2265.57
2339.81	2341.17
2338.99	2267.98
2338.17	2282.84
2337.34	2237
2336.52	2355.05
2335.7	2160.52
2334.87	2381.7
2334.05	2256.99
2333.22	2256.68
2332.4	2350.38
2331.57	2553.22
2330.75	2370.95
2329.93	2428.22
2329.1	2409.69
2328.28	2436.64
2327.45	2324.18
2326.63	2339.01
2325.8	2308.39
2324.97	2302.01
2324.15	2383.46
2323.32	2343.76
2322.5	2322.24
2321.67	2306.78
2320.85	2345.81
2320.02	2230.48
2319.19	2381.47
2318.37	2278.27
2317.54	2296.11
2316.71	2374.43
2315.89	2247.08
2315.06	2364.7
2314.23	2216.22
2313.41	2306.6
2312.58	2327.44
2311.75	2381.52
2310.93	2360.03
2310.1	2263.02
2309.27	2392.61
2308.44	2395.3
2307.62	2404.03
2306.79	2445.97
2305.96	2246.35
2305.13	2300.38
2304.3	2266.86
2303.47	2260.51
2302.65	2386.93
2301.82	2329.27
2300.99	2338
2300.16	2286.4
2299.33	2298.14
2298.5	2312.9
2297.67	2369.87
2296.84	2300.2
2296.01	2384.28
2295.19	2296.55
2294.36	2278.15
2293.53	2199.49
2292.7	2352.83
2291.87	2334.43
2291.04	2282.9
2290.21	2354.86
2289.38	2327.43
2288.54	2321.09
2287.71	2377.96
2286.88	2347.53
2286.05	2329.15
2285.22	2193.43
2284.39	2268.33
2283.56	2367.28
2282.73	2348.9
2281.9	2297.46
2281.07	2384.33
2280.23	2390.01
2279.4	2308.52
2278.57	2329.24
2277.74	2380
2276.91	2301.55
2276.07	2346.29
2275.24	2288.89
2274.41	2264.55
2273.58	2372.34
2272.74	2308.96
2271.91	2353.67
2271.08	2341.33
2270.25	2407.04
2269.41	2280.66
2268.58	2301.35
2267.75	2325.03
2266.91	2360.7
2266.08	2360.37
2265.25	2345.05
2264.41	2362.72
2263.58	2293.43
2262.74	2344.07
2261.91	2370.72
2261.08	2298.47
2260.24	2409.01
2259.41	2339.77
2258.57	2330.46
2257.74	2360.09
2256.9	2320.83
2256.07	2311.52
2255.23	2317.19
2254.4	2400.68
2253.56	2355.45
2252.73	2301.26
2251.89	2348.81
2251.06	2285.66
2250.22	2357.13
2249.38	2371.76
2248.55	2407.31
2247.71	2353.16
2246.88	2328.91
2246.04	2373.43
2245.2	2358.15
2244.37	2498.28
2243.53	2408.29
2242.69	2387.04
2241.86	2383.72
2241.02	2383.39
2240.18	2320.35
2239.34	2373.77
2238.51	2304.77
2237.67	2244.75
2236.83	2420.53
2235.99	2426.16
2235.16	2422.84
2234.32	2338.97
2233.48	2380.41
2232.64	2296.56
2231.8	2275.37
2230.97	2397.3
2230.13	2385.04
2229.29	2286.34
2228.45	2262.18
2227.61	2342.33
2226.77	2380.73
2225.93	2338.69
2225.09	2314.54
2224.25	2367.83
2223.41	2251.36
2222.57	2364.19
2221.73	2390.65
2220.89	2253.39
2220.05	2407.85
2219.21	2264.67
2218.37	2320.89
2217.53	2335.44
2216.69	2379.73
2215.85	2254.48
2215.01	2385.02
2214.17	2247.91
2213.33	2396.24
2212.49	2312.68
2211.65	2371.8
2210.81	2392.27
2209.97	2400.85
2209.12	2424.28
2208.28	2376.42
2207.44	2352.33
2206.6	2313.39
2205.76	2179.45
2204.92	2327.59
2204.07	2342.11
2203.23	2356.62
2202.39	2317.72
2201.55	2394.54
2200.7	2263.67
2199.86	2352.34
2199.02	2307.53
2198.17	2277.55
2197.33	2327.64
2196.49	2354
2195.64	2392.21
2194.8	2299.99
2193.96	2335.23
2193.11	2438.61
2192.27	2334.58
2191.43	2340.18
2190.58	2351.7
2189.74	2330.64
2188.89	2389.54
2188.05	2250.06
2187.2	2365.19
2186.36	2264.23
2185.52	2272.79
2184.67	2373.08
2183.83	2384.58
2182.98	2277.76
2182.14	2268.57
2181.29	2312.61
2180.44	2347.77
2179.6	2255.79
2178.75	2329.38
2177.91	2323.14
2177.06	2346.46
2176.22	2337.27
2175.37	2280.81
2174.52	2478.41
2173.68	2318.57
2172.83	2315.29
2171.98	2276.58
2171.14	2240.84
2170.29	2334.99
2169.44	2367.13
2168.6	2375.65
2167.75	2334.01
2166.9	2292.38
2166.05	2324.51
2165.21	2356.63
2164.36	2217.69
2163.51	2299.95
2162.66	2435.24
2161.81	2373
2160.97	2275.4
2160.12	2348.76
2159.27	2271.82
2158.42	2377.57
2157.57	2447.93
2156.72	2320.94
2155.87	2332.4
2155.02	2399.8
2154.18	2284.64
2153.33	2290.21
2152.48	2322.27
2151.63	2313.11
2150.78	2280.42
2149.93	2283.05
2149.08	2379.8
2148.23	2350.06
2147.38	2246.8
2146.53	2267.07
2145.68	2337.31
2144.83	2289.95
2143.98	2330.78
2143.13	2304.01
2142.28	2291.93
2141.42	2347.44
2140.57	2267.79
2139.72	2267.48
2138.87	2240.73
2138.02	2234.54
2137.17	2348.73
2136.32	2275.02
2135.46	2286.44
2134.61	2286.12
2133.76	2318.08
2132.91	2341.23
2132.06	2276.36
2131.2	2334.71
2130.35	2240.53
2129.5	2199.17
2128.65	2269.23
2127.79	2307.02
2126.94	2221.7
2126.09	2362.06
2125.23	2370.52
2124.38	2370.18
2123.53	2287.83
2122.67	2360.74
2121.82	2310.62
2120.97	2310.3
2120.11	2274.84
2119.26	2374.05
2118.4	2350.31
2117.55	2285.6
2116.7	2294.05
2115.84	2343.47
2114.99	2267.09
2114.13	2252.14
2113.28	2441.92
2112.42	2231.05
2111.57	2277.51
2110.71	2250.89
2109.86	2209.65
2109	2282.4
2108.15	2358.06
2107.29	2240.86
2106.43	2290.21
2105.58	2374.59
2104.72	2307.09
2103.87	2335.97
2103.01	2326.88
2102.15	2341.15
2101.3	2291.21
2100.44	2322.99
2099.58	2351.84
2098.73	2258.16
2097.87	2397.86
2097.01	2245.86
2096.15	2222.21
2095.3	2338.54
2094.44	2309.06
2093.58	2431.17
2092.72	2238.46
2091.87	2252.72
2091.01	2331.08
2090.15	2234.61
2089.29	2310.03
2088.43	2233.98
2087.58	2341.42
2086.72	2268.3
2085.86	2349.5
2085	2308.42
2084.14	2308.1
2083.28	2360.16
2082.42	2249.25
2081.56	2292.58
2080.7	2202.08
2079.84	2286.12
2078.98	2309.07
2078.12	2282.57
2077.26	2381.1
2076.4	2319.73
2075.54	2226.39
2074.68	2263.86
2073.82	2336.19
2072.96	2263.23
2072.1	2280.34
2071.24	2274.21
2070.38	2349.4
2069.52	2314.23
2068.66	2206.48
2067.8	2380.35
2066.94	2368.4
2066.07	2249.09
2065.21	2321.31
2064.35	2242.66
2063.49	2329.37
2062.63	2302.94
2061.77	2299.71
2060.9	2267.5
2060.04	2255.58
2059.18	2342.23
2058.32	2327.41
2057.45	2303.9
2056.59	2358.63
2055.73	2303.26
2054.86	2323.21
2054	2305.51
2053.14	2241.47
2052.28	2316.45
2051.41	2382.71
2050.55	2321.59
2049.68	2301
2048.82	2245.69
2047.96	2277.21
2047.09	2305.82
2046.23	2184
2045.36	2273.36
2044.5	2322.2
2043.63	2255.37
2042.77	2315.77
2041.91	2295.21
2041.04	2263.1
2040.17	2257
2039.31	2305.81
2038.44	2377.71
2037.58	2204.06
2036.71	2247.07
2035.85	2264.08
2034.98	2327.29
2034.12	2358.72
2033.25	2274.68
2032.38	2280.13
2031.52	2248.07
2030.65	2342.98
2029.78	2357.07
2028.92	2287.51
2028.05	2194.9
2027.18	2240.73
2026.32	2277.9
2025.45	2309.29
2024.58	2257.08
2023.72	2248.12
2022.85	2334.26
2021.98	2273.42
2021.11	2255.82
2020.24	2333.28
2019.38	2283.99
2018.51	2355.66
2017.64	2245.92
2016.77	2280.15
2015.9	2222.26
2015.03	2368.73
2014.17	2385.67
2013.3	2281.75
2012.43	2318.83
2011.56	2364.53
2010.69	2211.76
2009.82	2306.35
2008.95	2285.9
2008.08	2230.96
2007.21	2233.52
2006.34	2250.45
2005.47	2281.75
2004.6	2269.93
2003.73	2269.61
2002.86	2194.61
2001.99	2266.11
2001.12	2214.1
2000.25	2222.4
1999.38	2262.28
1998.51	2290.67
1997.64	2339.14
1996.77	2292.9
1995.89	2249.54
1995.02	2269.3
1994.15	2329.22
1993.28	2245.72
1992.41	2299.89
1991.54	2382.72
1990.66	2310.72
1989.79	2221.53
1988.92	2226.95
1988.05	2321.21
1987.17	2269.31
1986.3	2334.88
1985.43	2257.21
1984.56	2282.67
1983.68	2259.44
1982.81	2313.53
1981.94	2287.44
1981.06	2241.32
1980.19	2329.73
1979.32	2292.2
1978.44	2317.63
1977.57	2331.61
1976.7	2245.47
1975.82	2248.01
1974.95	2253.41
1974.07	2235.94
1973.2	2264.22
1972.32	2301.06
1971.45	2240.72
1970.57	2237.55
1969.7	2242.95
1968.82	2208.35
1967.95	2356.58
1967.07	2384.81
1966.2	2273.1
1965.32	2301.33
1964.45	2129.72
1963.57	2252.16
1962.69	2328.91
1961.82	2328.58
1960.94	2248.36
1960.07	2279.43
1959.19	2147.89
1958.31	2193.23
1957.44	2192.92
1956.56	2369.39
1955.68	2220.81
1954.81	2263.25
1953.93	2248.69
1953.05	2325.31
1952.17	2319.29
1951.3	2259.14
1950.42	2298.7
1949.54	2252.8
1948.66	2298.05
1947.78	2195.23
1946.91	2254.7
1946.03	2214.54
1945.15	2231.3
1944.27	2299.28
1943.39	2293.27
1942.51	2378.29
1941.64	2224.36
1940.76	2317.9
1939.88	2146.96
1939	2277.44
1938.12	2271.44
1937.24	2180.16
1936.36	2242.38
1935.48	2273.32
1934.6	2253.11
1933.72	2201.66
1932.84	2238.28
1931.96	2306.13
1931.08	2089.99
1930.2	2174.87
1929.32	2234.18
1928.44	2182.78
1927.56	2264.77
1926.67	2363.77
1925.79	2224.42
1924.91	2201.41
1924.03	2306.05
1923.15	2240.49
1922.27	2427.33
1921.39	2316.42
1920.5	2270.73
1919.62	2213.73
1918.74	2233.25
1917.86	2283.95
1916.98	2249.62
1916.09	2175.65
1915.21	2277.32
1914.33	2203.36
1913.44	2358.8
1912.56	2344.31
1911.68	2239.24
1910.8	2176.65
1909.91	2326.34
1909.03	2178.87
1908.14	2246.46
1907.26	2251.81
1906.38	2115.72
1905.49	2242.69
1904.61	2194.3
1903.73	2267.5
1902.84	2250.22
1901.96	2360.14
1901.07	2243.94
1900.19	2099.51
1899.3	2285.69
1898.42	2341.86
1897.53	2163.59
1896.65	2242.36
1895.76	2230.75
1894.88	2171.15
1893.99	2345.86
1893.1	2263.68
1892.22	2133.54
1891.33	2294.08
1890.45	2242.98
1889.56	2163.67
1888.67	2281.83
1887.79	2306.89
1886.9	2303.75
1886.01	2342.9
1885.13	2252.36
1884.24	2237.95
1883.35	2237.64
1882.47	2226.05
1881.58	2206.01
1880.69	2180.35
1879.8	2253.28
1878.92	2272.67
1878.03	2185.06
1877.14	2212.91
1876.25	2159.11
1875.36	2231.99
1874.48	2181.02
1873.59	2301.71
1872.7	2245.11
1871.81	2196.98
1870.92	2258.54
1870.03	2232.92
1869.14	2226.98
1868.25	2282.89
1867.36	2122.34
1866.47	2259.77
1865.59	2147.04
1864.7	2155.16
1863.81	2239.15
1862.92	2179.84
1862.03	2255.37
1861.14	2187.65
1860.24	2201.38
1859.35	2201.07
1858.46	2189.53
1857.57	2211.68
1856.68	2197.34
1855.79	2303.65
1854.9	2207.94
1854.01	2171.16
1853.12	2140
1852.23	2251.88
1851.33	2220.72
1850.44	2178.35
1849.55	2186.45
1848.66	2253.41
1847.77	2205.45
1846.87	2269.59
1845.98	2174.01
1845.09	2109.28
1844.2	2277.03
1843.3	2215.1
1842.41	2206.39
1841.52	2183.68
1840.63	2222.56
1839.73	2247.44
1838.84	2177.16
1837.95	2143.28
1837.05	2137.38
1836.16	2170.65
1835.26	2136.78
1834.37	2203.59
1833.48	2152.95
1832.58	2256.09
1831.69	2143.96
1830.79	2297.38
1829.9	2118.21
1829	2176.58
1828.11	2120.4
1827.21	2159.21
1826.32	2298.55
1825.42	2139.06
1824.53	2147.13
1823.63	2238.95
1822.74	2193.98
1821.84	2168.55
1820.95	2215.68
1820.05	2137.25
1819.15	2162.05
1818.26	2136.64
1817.36	2172.6
1816.46	2239.22
1815.57	2205.45
1814.67	2188.41
1813.77	2193.67
1812.88	2290.91
1811.98	2218.13
1811.08	2226.18
1810.18	2181.29
1809.29	2256.19
1808.39	2144.47
1807.49	2116.32
1806.59	2168.93
1805.7	2266.06
1804.8	2246.25
1803.9	2142.96
1803	2053.61
1802.1	2117.32
1801.2	2178.22
1800.3	2166.79
1799.41	2141.45
1798.51	2121.68
1797.61	2224.26
1796.71	2051.59
1795.81	2212.51
1794.91	2281.68
1794.01	2139.64
1793.11	2153.23
1792.21	2244.6
1791.31	2227.62
1790.41	2257.85
1789.51	2202
1788.61	2193.36
1787.71	2220.81
1786.81	2237.15
1785.91	2181.33
1785.01	2100.55
1784.1	2044.76
1783.2	2138.79
1782.3	2230.02
1781.4	2226.93
1780.5	2237.71
1779.6	2145.9
1778.7	2178.86
1777.79	2153.61
1776.89	2258.62
1775.99	2136.38
1775.09	2185.95
1774.18	2227.19
1773.28	2071.77
1772.38	2193.33
1771.48	2143.18
1770.57	2142.88
1769.67	2095.51
1768.77	2269.59
1767.86	2208.39
1766.96	2238.51
1766.06	2174.56
1765.15	2171.49
1764.25	2182.25
1763.34	2151.52
1762.44	2242.46
1761.54	2211.73
1760.63	2255.65
1759.73	2197.29
1758.82	2194.21
1757.92	2163.51
1757.01	2193.59
1756.11	2209.86
1755.2	2179.17
1754.3	2148.48
1753.39	2236.53
1752.49	2258.3
1751.58	2216.58
1750.68	2158.31
1749.77	2207.67
1748.86	2201.84
1747.96	2267.74
1747.05	2151.57
1746.14	2305.72
1745.24	2208.87
1744.33	2227.86
1743.42	2169.65
1742.52	2243.77
1741.61	2232.43
1740.7	2223.85
1739.8	2278.64
1738.89	2245.26
1737.98	2222.9
1737.07	2236.36
1736.16	2156.19
1735.26	2208.19
1734.35	2210.64
1733.44	2174.54
1732.53	2146.71
1731.62	2143.65
1730.72	2236.9
1729.81	2222.83
1728.9	2285.78
1727.99	2299.21
1727.08	2208.14
1726.17	2271.06
1725.26	2149.78
1724.35	2251.18
1723.44	2088.71
1722.53	2176.35
1721.62	2203.52
1720.71	2148.26
1719.8	2235.85
1718.89	2117.44
1717.98	2185.79
1717.07	2254.12
1716.16	2179.69
1715.25	2305.64
1714.34	2118.69
1713.43	2197.97
1712.52	2156.5
1711.6	2191.86
1710.69	2232.69
1709.78	2150.1
1708.87	2223.84
1707.96	2190.62
1707.05	2214.98
1706.13	2154.37
1705.22	2137.62
1704.31	2189.38
1703.4	2235.65
1702.48	2186.02
1701.57	2169.28
1700.66	2221.01
1699.75	2163.19
1698.83	2176.57
1697.92	2129.73
1697.01	2148.59
1696.09	2219.43
1695.18	2191.76
1694.26	2166.82
1693.35	2270.47
1692.44	2196.3
1691.52	2206.93
1690.61	2220.29
1689.69	2293.79
1688.78	2216.92
1687.86	2167.41
1686.95	2158.91
1686.03	2317.08
1685.12	2264.84
1684.2	2207.16
1683.29	2190.46
1682.37	2239.3
1681.46	2159.8
1680.54	2162.23
1679.63	2191.95
1678.71	2278.98
1677.79	2240.45
1676.88	2207.39
1675.96	2179.79
1675.05	2239.5
1674.13	2282.82
1673.21	2227.95
1672.3	2241.27
1671.38	2221.87
1670.46	2207.93
1669.54	2248.5
1668.63	2275.43
1667.71	2245.13
1666.79	2239.37
1665.87	2230.88
1664.96	2249.63
1664.04	2219.35
1663.12	2259.88
1662.2	2292.23
1661.28	2237.47
1660.36	2166.39
1659.44	2323.91
1658.53	2263.72
1657.61	2315.09
1656.69	2208.68
1655.77	2284.52
1654.85	2218.93
1653.93	2196.87
1653.01	2269.95
1652.09	2326.71
1651.17	2282.9
1650.25	2214.64
1649.33	2328.44
1648.41	2317.24
1647.49	2292.47
1646.57	2308.44
1645.65	2166.91
1644.73	2443.54
1643.81	2367.18
1642.89	2334.27
1641.96	2458.78
1641.04	2423.16
1640.12	2414.67
1639.2	2316.67
1638.28	2405.85
1637.36	2424.5
1636.43	2440.42
1635.51	2499.72
1634.59	2523.76
1633.67	2471.91
1632.75	2571.83
1631.82	2620.24
1630.9	2497.95
1629.98	2689.93
1629.05	2778.93
1628.13	2694.58
1627.21	2713.15
1626.28	2772.33
1625.36	2763.81
1624.44	2833.79
1623.51	2892.93
1622.59	2870.87
1621.67	2994.91
1620.74	3026.95
1619.82	2931.86
1618.89	3020.68
1617.97	3025.66
1617.04	3241.51
1616.12	3170.77
1615.19	3140.59
1614.27	3280.67
1613.34	3191.04
1612.42	3187.88
1611.49	3322.49
1610.57	3232.89
1609.64	3380.96
1608.71	3339.98
1607.79	3336.8
1606.86	3409.21
1605.94	3381.74
1605.01	3397.45
1604.08	3353.8
1603.16	3504.4
1602.23	3514.69
1601.3	3584.31
1600.38	3702.45
1599.45	3618.34
1598.52	3825.41
1597.59	3854.52
1596.67	3921.35
1595.74	4033.97
1594.81	3979.51
1593.88	4213.32
1592.95	4274.67
1592.03	4376.4
1591.1	4572.36
1590.17	4811.33
1589.24	4947.94
1588.31	4998.38
1587.38	5334.08
1586.45	5658.92
1585.52	6013.26
1584.6	5972.05
1583.67	6310.11
1582.74	6661.52
1581.81	7058.54
1580.88	7307.57
1579.95	7747.4
1579.02	8074.22
1578.09	8199.38
1577.16	8749.06
1576.23	9175
1575.29	9450.38
1574.36	9725.69
1573.43	9839.79
1572.5	10243.8
1571.57	10218.2
1570.64	10130.9
1569.71	9963.03
1568.78	9851.58
1567.84	9482.58
1566.91	8933.93
1565.98	8329.1
1565.05	7829.04
1564.12	7414.95
1563.18	6866.9
1562.25	6367.27
1561.32	5897.26
1560.39	5548
1559.45	5241.71
1558.52	5007.86
1557.59	4744.6
1556.65	4575.17
1555.72	4269.19
1554.79	4223.06
1553.85	3941.32
1552.92	3793.52
1551.99	3811.71
1551.05	3621.15
1550.12	3526.97
1549.18	3451.55
1548.25	3330.68
1547.31	3223.21
1546.38	3252.17
1545.44	3224.97
1544.51	3085.47
1543.57	3063.65
1542.64	3009.75
1541.7	2851.64
1540.77	2968.81
1539.83	2944.35
1538.9	2853.1
1537.96	2879.4
1537.02	2758.81
1536.09	2680.98
1535.15	2675.26
1534.21	2792.34
1533.28	2642.47
1532.34	2602.06
1531.4	2724.44
1530.47	2630.67
1529.53	2534.26
1528.59	2517.9
1527.66	2501.54
1526.72	2605.17
1525.78	2516.82
1524.84	2596.44
1523.9	2428.15
1522.97	2489.1
1522.03	2550.03
1521.09	2504.37
1520.15	2365.5
1519.21	2578.24
1518.27	2484.66
1517.33	2510.94
1516.4	2441.36
1515.46	2379.79
1514.52	2326.22
1513.58	2464.27
1512.64	2338.86
1511.7	2386.41
1510.76	2423.31
1509.82	2335.2
1508.88	2276.36
1507.94	2432.91
1507	2355.47
1506.06	2413.61
1505.12	2309.62
1504.18	2226.91
1503.24	2279.73
1502.29	2345.82
1501.35	2313.61
1500.41	2361.09
1499.47	2283.74
1498.53	2339.18
1497.59	2309.64
1496.65	2370.36
1495.7	2340.83
1494.76	2313.96
1493.82	2287.1
1492.88	2347.79
1491.93	2249.31
1490.99	2283.47
1490.05	2269.89
1489.11	2298.73
1488.16	2354.07
1487.22	2335.18
1486.28	2303.04
1485.33	2300.07
1484.39	2294.44
1483.45	2302.06
1482.5	2243.46
1481.56	2219.31
1480.61	2290.48
1479.67	2231.91
1478.72	2231.59
1477.78	2249.8
1476.84	2191.26
1475.89	2270.33
1474.95	2230.32
1474	2211.49
1473.06	2306.39
1472.11	2261.1
1471.17	2247.56
1470.22	2226.09
1469.27	2265.42
1468.33	2296.82
1467.38	2132.64
1466.44	2174.61
1465.49	2279.98
1464.54	2213.62
1463.6	2231.79
1462.65	2268.44
1461.7	2236.43
1460.76	2241.4
1459.81	2204.12
1458.86	2256.59
1457.91	2200.85
1456.97	2240.12
1456.02	2213.42
1455.07	2194.64
1454.12	2189.05
1453.18	2233.56
1452.23	2175.24
1451.28	2214.47
1450.33	2253.7
1449.38	2224.38
1448.43	2221.43
1447.48	2252.73
1446.54	2318.27
1445.59	2238.92
1444.64	2272.84
1443.69	2172.45
1442.74	2232.69
1441.79	2237.64
1440.84	2195.21
1439.89	2281.74
1438.94	2089.32
1437.99	2202.16
1437.04	2249.2
1436.09	2264.66
1435.14	2195.96
1434.19	2166.72
1433.24	2100.68
1432.28	2271.25
1431.33	2231.5
1430.38	2210.16
1429.43	2138.9
1428.48	2267.33
1427.53	2238.11
1426.58	2316.58
1425.62	2184.95
1424.67	2263.41
1423.72	2150.19
1422.77	2247.01
1421.81	2272.94
1420.86	2262.11
1419.91	2201.44
1418.96	2224.74
1418	2316.23
1417.05	2203.12
1416.1	2189.69
1415.14	2192
1414.19	2288.69
1413.24	2217.59
1412.28	2264.45
1411.33	2327.02
1410.37	2300.48
1409.42	2245.14
1408.46	2323.4
1407.51	2220.93
1406.56	2278.22
1405.6	2249.09
1404.65	2340.4
1403.69	2240.6
1402.74	2363.29
1401.78	2360.33
1400.82	2339.06
1399.87	2354.42
1398.91	2270.39
1397.96	2314.52
1397	2376.95
1396.04	2266.8
1395.09	2373.66
1394.13	2477.87
1393.18	2425.24
1392.22	2370.02
1391.26	2382.75
1390.3	2466
1389.35	2402.96
1388.39	2441.79
1387.43	2530.22
1386.48	2456.76
1385.52	2474.68
1384.56	2607.44
1383.6	2515.73
1382.64	2541.46
1381.69	2621.97
1380.73	2686.81
1379.77	2699.47
1378.81	2636.5
1377.85	2756.06
1376.89	2763.49
1375.93	2823.05
1374.97	2783.55
1374.01	2817.03
1373.06	2886.98
1372.1	2876.14
1371.14	3052.86
1370.18	3167.02
1369.22	3135.32
1368.26	3056.76
1367.3	3097.97
1366.33	3261.52
1365.37	3383.37
1364.41	3434.93
1363.45	3569.74
1362.49	3522.4
1361.53	3451.66
1360.57	3620.22
1359.61	3762.72
1358.65	3728.38
1357.68	3740.85
1356.72	3854.68
1355.76	4010.06
1354.8	4001.69
1353.84	4001.12
1352.87	3909.62
1351.91	4231.14
1350.95	3994.2
1349.99	4136.45
1349.02	4107.3
1348.06	4309.19
1347.1	4165.82
1346.13	4198.96
1345.17	4071.21
1344.21	4140.68
1343.24	4163.43
1342.28	4263.99
1341.32	4188.17
1340.35	4042.37
1339.39	4078.09
1338.42	3979
1337.46	4004.35
1336.49	3765.36
1335.53	3770
1334.56	3909.36
1333.6	3753.38
1332.63	3605.22
1331.67	3586.57
1330.7	3531.69
1329.74	3557.07
1328.77	3572.09
1327.8	3367.12
1326.84	3389.92
1325.87	3273.01
1324.91	3272.54
1323.94	3202.23
1322.97	3263.84
1322.01	3084.95
1321.04	3102.61
1320.07	3068.55
1319.1	2990.57
1318.14	2972.05
1317.17	2935.45
1316.2	2821.35
1315.23	2833.86
1314.27	2848.95
1313.3	2714.25
1312.33	2793.91
1311.36	2734.13
1310.39	2467.85
1309.42	2583.64
1308.46	2567.79
1307.49	2634.51
1306.52	2582.53
1305.55	2546.05
1304.58	2473.46
1303.61	2475.69
1302.64	2472.75
1301.67	2474.98
1300.7	2405.02
1299.73	2469.11
1298.76	2414.64
1297.79	2398.84
1296.82	2352.12
1295.85	2436.79
1294.88	2361.75
1293.91	2294.46
1292.94	2250.35
1291.97	2286.07
1290.99	2301.19
1290.02	2287.99
1289.05	2333.98
1288.08	2246.17
1287.11	2292.15
1286.14	2209.51
1285.16	2252.92
1284.19	2162.59
1283.22	2262.55
1282.25	2156.83
1281.27	2179.65
1280.3	2135.65
1279.33	2222.71
1278.36	2153.02
1277.38	2188.68
1276.41	2124.15
1275.44	2139.26
1274.46	2156.92
1273.49	2120.67
1272.51	2169.14
1271.54	2066.16
1270.57	2022.24
1269.59	2111.76
1268.62	2175.59
1267.64	2134.24
1266.67	2044.16
1265.69	1997.71
1264.72	2112.8
1263.74	2140.7
1262.77	2160.9
1261.79	2096.52
1260.82	1996.27
1259.84	2011.36
1258.87	2016.19
1257.89	2156.79
1256.91	2164.16
1255.94	2069.1
1254.96	2081.61
1253.98	2112.03
1253.01	2070.77
1252.03	1942.51
1251.05	2001.08
1250.08	1959.86
1249.1	2003.07
1248.12	1926.05
1247.14	2025.51
1246.17	2071.25
1245.19	2096.52
1244.21	2080.88
1243.23	2085.69
1242.25	2003.61
1241.28	1982.88
1240.3	2026.03
1239.32	1956.76
1238.34	2035.66
1237.36	1943.43
1236.38	1978.9
1235.4	1922.45
1234.42	1937.49
1233.44	2052.07
1232.46	1990.52
1231.49	1997.89
1230.51	1944.03
1229.53	1976.91
1228.54	1935.82
1227.56	1973.79
1226.58	2037.25
1225.6	1884
1224.62	1939.8
1223.64	1970.11
1222.66	2005.5
1221.68	1933.87
1220.7	1997.28
1219.72	1940.96
1218.74	1973.79
1217.75	1942.95
1216.77	2011.41
1215.79	1952.57
1214.81	1965.02
1213.82	1929.1
1212.84	1888.11
1211.86	1941.27
1210.88	1930.81
1209.89	1910.19
1208.91	1930.26
1207.93	1904.55
1206.94	1939.87
1205.96	1980.27
1204.98	1939.32
1203.99	1921.25
1203.01	1885.4
1202.03	1930.86
1201.04	1872.15
1200.06	1879.5
1199.07	1861.46
1198.09	1868.81
1197.1	1932.01
1196.12	1903.81
1195.13	1918.76
1194.15	1877.88
1193.16	1847.16
1192.18	1887.49
1191.19	1940.49
1190.21	1869.19
1189.22	1858.78
1188.23	1883.87
1187.25	1926.69
1186.26	1977.11
1185.28	1916
1184.29	1811.83
1183.3	1907.85
1182.32	1773.31
1181.33	1894.63
1180.34	1818.38
1179.35	1909.28
1178.37	1843.18
1177.38	1888.48
1176.39	1933.77
1175.4	1776.58
1174.42	1915.5
1173.43	1864.62
1172.44	1897.24
1171.45	1866.61
1170.46	1871.4
1169.47	1850.9
1168.48	1832.94
1167.5	1890.82
1166.51	1888.02
1165.52	1822.04
1164.53	1814.2
1163.54	1808.88
1162.55	1881.88
1161.56	1848.77
1160.57	1790.42
1159.58	1820.47
1158.59	1863.12
1157.6	1847.71
1156.61	1842.39
1155.62	1877.46
1154.63	1814.11
1153.64	1884.48
1152.64	1841.33
1151.65	1858.72
1150.66	1840.8
1149.67	1777.5
1148.68	1850.35
1147.69	1834.96
1146.69	1859.9
1145.7	1814.27
1144.71	1841.73
1143.72	1841.46
1142.72	1889.05
1141.73	1830.86
1140.74	1863.33
1139.75	1878.16
1138.75	1812.44
1137.76	1852.45
1136.77	1821.99
1135.77	1836.82
1134.78	1846.62
1133.79	1941.94
1132.79	1803.33
1131.8	1865.94
1130.8	1943.62
1129.81	1915.68
1128.81	1925.46
1127.82	1857.32
1126.82	1857.06
1125.83	1726.13
1124.83	1854.01
1123.84	1851.23
1122.84	1813.29
1121.85	1717.6
1120.85	1729.91
1119.86	1799.95
1118.86	1832.32
1117.86	1939.97
1116.87	1879.47
1115.87	1836.55
1114.87	1851.33
1113.88	1843.54
1112.88	1830.74
1111.88	1822.95
1110.89	1857.79
1109.89	1819.92
1108.89	1932.44
1107.89	1872.02
1106.9	1864.23
1105.9	1838.91
1104.9	1786.04
1103.9	1833.37
1102.9	1898.21
1101.91	1730.18
1100.91	1905.18
1099.91	1859.84
1098.91	1832.04
1097.91	1796.75
1096.91	1826.51
1095.91	1726.18
1094.91	1830.99
1093.91	1848.23
1092.91	1827.96
1091.91	1782.69
1090.91	1789.93
1089.91	1784.67
1088.91	1869.39
1087.91	1806.65
1086.91	1801.39
1085.91	1808.62
1084.91	1780.89
1083.91	1785.62
1082.91	1782.87
1081.91	1840.03
1080.91	1784.85
1079.9	1809.55
1078.9	1821.77
1077.9	1881.39
1076.9	1893.59
1075.9	1758.62
1074.89	1813.23
1073.89	1758.11
1072.89	1787.77
1071.89	1837.38
1070.88	1794.73
1069.88	1747.12
1068.88	1804.18
1067.87	1781.5
1066.87	1836.05
1065.87	1815.86
1064.86	1790.69
1063.86	1847.7
1062.85	1859.88
1061.85	1817.3
1060.85	1884.24
1059.84	1769.48
1058.84	1784.16
1057.83	1739.12
1056.83	1845.83
1055.82	1810.74
1054.82	1765.72
1053.81	1762.98
1052.8	1824.88
1051.8	1779.87
1050.79	1792.04
1049.79	1749.53
1048.78	1813.88
1047.78	1758.96
1046.77	1746.29
1045.76	1795.71
1044.76	1743.3
1043.75	1792.71
1042.74	1864.44
1041.73	1809.56
1040.73	1866.38
1039.72	1833.85
1038.71	1930.35
1037.7	1840.77
1036.7	1924.83
1035.69	1932
1034.68	1936.68
1033.67	1958.71
1032.66	2000.57
1031.65	2072.16
1030.65	2111.51
1029.64	2126.08
1028.63	2120.81
1027.62	2182.44
1026.61	2187.08
1025.6	2238.77
1024.59	2134.44
1023.58	2233.17
1022.57	2193.24
1021.56	2242.42
1020.55	2232.2
1019.54	2256.62
1018.53	2387.41
1017.52	2273.28
1016.51	2314.99
1015.5	2398.74
1014.49	2331.63
1013.47	2368.38
1012.46	2511.4
1011.45	2503.62
1010.44	2456.31
1009.43	2542.43
1008.42	2566.77
1007.4	2625.68
1006.39	2674.69
1005.38	2597.75
1004.37	2706.01
1003.35	2703.15
1002.34	2764.47
1001.33	2825.76
1000.32	2825.35
999.302	2933.5
998.289	3063.82
997.275	3046.11
996.261	3178.84
995.247	3257.28
994.233	3417.06
993.219	3465.87
992.205	3716.76
991.19	3935.55
990.176	4092.68
989.161	4202.94
988.146	4389.54
987.131	4731.25
986.116	4703.48
985.101	4823.44
984.085	5073.85
983.069	4925.43
982.054	5010.85
981.038	5088.87
980.022	5097.97
979.005	4996.37
977.989	5160.45
976.972	5130.19
975.956	5181.08
974.939	5182.79
973.922	5093.54
972.905	4994.48
971.888	5128.92
970.87	5034.81
969.853	5075.84
968.835	5119.32
967.817	5111.21
966.799	5058.9
965.781	5131.83
964.763	5145.81
963.744	5017.42
962.725	4854.71
961.707	4996.33
960.688	5005.42
959.669	5115.09
958.65	5011.33
957.63	5054.75
956.611	4857.84
955.591	4967.47
954.571	5042.74
953.551	4939.06
952.531	4970.2
951.511	4878.82
950.491	5022.66
949.47	4803.91
948.45	4942.82
947.429	4871.09
946.408	5036.89
945.387	4972.5
944.365	5084.38
943.344	5100.78
942.322	5171.01
941.301	5138.45
940.279	5034.95
939.257	4823.84
938.235	4656.83
937.212	4480.08
936.19	4102.88
935.167	3977.6
934.145	3708.14
933.122	3582.96
932.099	3482.25
931.075	3186.1
930.052	3002.41
929.029	2760.16
928.005	2740.22
926.981	2656.8
925.957	2392.72
924.933	2407.02
923.909	2299.27
922.885	2252.57
921.86	2259.56
920.835	2139.69
919.81	2200.36
918.785	2100.04
917.76	2114.37
916.735	2165.26
915.71	2018.67
914.684	2152.45
913.658	2125.32
912.632	2049.47
911.606	2029.68
910.58	2087.85
909.554	2016.91
908.527	2045.84
907.501	2096.68
906.474	2035.51
905.447	2083.9
904.42	2049.52
903.393	1925.1
902.366	2000.26
901.338	2031.6
900.31	2006.97
899.283	2026.14
898.255	2038
897.226	2006.1
896.198	2000.94
895.17	1930.15
894.141	2007.65
893.112	2048.67
892.084	1970.62
891.055	2026.21
890.025	1994.34
888.996	2037.77
887.967	1974.33
886.937	2017.75
885.907	2000.46
884.877	2070.56
883.847	2021.72
882.817	1953.48
881.787	2004.15
880.756	2028.12
879.726	1957.48
878.695	1996
877.664	1905.99
876.633	1949.35
875.601	1927.25
874.57	1888.19
873.538	1943.65
872.507	2035.45
871.475	1979.43
870.443	1867.71
869.411	2066.05
868.378	1934.97
867.346	2000.07
866.313	1924.72
865.281	2038.22
864.248	1999.19
863.215	1967.44
862.181	1950.22
861.148	1974.13
860.114	1964.17
859.081	1995.32
858.047	1975.68
857.013	2043.1
855.979	1917.09
854.945	1998.99
853.91	1904.45
852.876	1962.16
851.841	1949.8
850.806	1976.09
849.771	2004.78
848.736	1958.6
847.7	1982.47
846.665	1919.4
845.629	1899.81
844.594	1911.6
843.558	1937.87
842.522	1956.89
841.485	1932.48
840.449	2016.63
839.412	1902.98
838.376	1946.11
837.339	1984.4
836.302	2010.63
835.265	2000.7
834.227	2046.2
833.19	1976.01
832.152	2091.38
831.115	1965.8
830.077	2042.59
829.039	2039.89
828.001	2020.33
826.962	1969.47
825.924	1988.44
824.885	2017.04
823.846	2021.55
822.807	2021.26
821.768	1984.88
820.729	1953.31
819.69	2046.83
818.65	1940.72
817.61	2000.55
816.57	2026.7
815.53	1971.12
814.49	2088.6
813.45	1999.38
812.409	2025.52
811.369	2042.04
810.328	1991.3
809.287	2027.04
808.246	2005.13
807.205	1980.83
806.163	2045.35
805.122	1893.84
804.08	1953.56
803.038	1895.68
801.996	1981.78
800.954	1878.34
799.912	2012.38
798.869	1947.34
797.827	1949.45
796.784	1975.54
795.741	1994.43
794.698	2013.31
793.655	1917.16
792.612	1955.22
791.568	1902.22
790.524	1875.6
789.481	1939.99
788.437	1915.76
787.392	1824.49
786.348	1864.93
785.304	1862.26
784.259	1878.74
783.214	1888.04
782.17	1890.16
781.124	1789.4
780.079	1889.6
779.034	1803.23
777.988	1877.1
776.943	1869.65
775.897	1835.91
774.851	1845.2
773.805	1754.12
772.759	1837.49
771.712	1734.49
770.666	1829.79
769.619	1805.64
768.572	1748.06
767.525	1867.19
766.478	1728.45
765.431	1828.45
764.383	1794.77
763.335	1715.76
762.288	1775.16
761.24	1822.61
760.192	1812.81
759.143	1709.99
758.095	1778.89
757.046	1838.24
755.998	1785.52
754.949	1854.38
753.9	1801.68
752.851	1765.68
751.801	1739.21
750.752	1803.27
749.702	1791.1
748.652	1788.46
747.602	1709.62
746.552	1709.37
745.502	1640.09
744.452	1761.23
743.401	1808.57
742.35	1751.2
741.3	1696.23
740.249	1741.17
739.197	1702.86
738.146	1707.37
737.095	1726.14
736.043	1692.61
734.991	1770.8
733.939	1713.5
732.887	1725.13
731.835	1791.4
730.782	1729.38
729.73	1745.75
728.677	1709.87
727.624	1735.74
726.571	1728.37
725.518	1858.67
724.465	1682.77
723.411	1682.52
722.358	1808.03
721.304	1807.76
720.25	1743.45
719.196	1771.66
718.142	1769.03
717.087	1797.22
716.033	1749.54
714.978	1730.33
713.923	1727.7
712.868	1791.43
711.813	1753.26
710.758	1757.74
709.702	1776.43
708.646	1719.33
707.591	1759.33
706.535	1692.79
705.479	1782.49
704.422	1786.96
703.366	1765.4
702.309	1772.24
701.253	1809.84
700.196	1816.67
699.139	1766.73
698.081	1783.03
697.024	1792.23
695.967	1787.23
694.909	1779.88
693.851	1841.07
692.793	1814.81
691.735	1833.44
690.677	1880.42
689.618	1972.26
688.56	2019.2
687.501	1858.34
686.442	1902.93
685.383	1900.29
684.324	1940.13
683.265	1961.09
682.205	1915.97
681.145	1969.95
680.086	1887.1
679.026	1931.63
677.965	1924.28
676.905	1966.44
675.845	2046.3
674.784	1998.86
673.723	1963.21
672.662	2033.62
671.601	1995.62
670.54	2134.32
669.479	2053.92
668.417	1975.91
667.355	2013.29
666.294	1949.43
665.232	1887.94
664.169	2043
663.107	1906.21
662.045	1936.52
660.982	1933.88
659.919	1966.53
658.856	2034.45
657.793	2001.23
656.73	1965.66
655.667	1979.48
654.603	1946.28
653.539	1969.5
652.475	1936.31
651.411	1959.52
650.347	1877.01
649.283	1860.3
648.218	1899.95
647.154	1906.71
646.089	1904.09
645.024	1924.93
643.959	1896.49
642.893	1940.8
641.828	1893.58
640.762	1914.42
639.697	1890.68
638.631	1836.46
637.565	2058.97
636.498	1941.43
635.432	1952.87
634.366	1884.6
633.299	1949.95
632.232	1832.5
631.165	1928.29
630.098	1888.18
629.03	1939.44
627.963	1882.94
626.895	1955.26
625.828	1987.75
624.76	1961.71
623.692	2008.23
622.623	2068.78
621.555	2019.34
620.486	2082.21
619.418	2109.98
618.349	2062.89
617.28	2006.46
616.21	2066.96
615.141	1991.84
614.072	2078.04
613.002	2091.75
611.932	1974.61
610.862	1978.99
609.792	1974.03
608.722	1898.99
607.651	1877.69
606.58	1835.39
605.51	1886.48
604.439	1802.16
603.368	1869.59
602.296	1759.63
601.225	1852.7
600.153	1889.76
599.082	1838.16
598.01	1812.24
596.938	1814.3
595.866	1839.68
594.793	1781.13
593.721	1834.48
592.648	1757.3
591.575	1773.35
590.502	1796.39
589.429	1730.9
588.356	1795.86
587.282	1737.38
586.209	1688.22
585.135	1785.76
584.061	1822.74
582.987	1773.59
581.913	1738.42
580.838	1756.78
579.764	1807.71
578.689	1735.33
577.614	1730.42
576.539	1720.87
575.464	1741.54
574.389	1766.86
573.313	1773.57
572.237	1782.61
571.162	1854.38
570.086	1775.11
569.009	1825.96
567.933	1800.14
566.857	1897.41
565.78	1950.54
564.703	1822.56
563.626	1910.51
562.549	1931.11
561.472	1886.74
560.394	1842.37
559.317	1958.1
558.239	1827.91
557.161	1915.78
556.083	1975.79
555.005	1980.13
553.927	1996.07
552.848	2039.82
551.769	2034.88
550.691	2090.2
549.612	2062.09
548.532	2098.85
547.453	2126.33
546.374	2241.82
545.294	2294.74
544.214	2322.19
543.134	2451.48
542.054	2476.58
540.974	2476.22
539.893	2478.16
538.813	2716.09
537.732	2785.09
536.651	2997.46
535.57	2990.08
534.489	3348.03
533.407	3583.34
532.326	3945.72
531.244	4259.45
530.162	4778.76
529.08	5538.2
527.998	6708.62
526.916	8181.27
525.833	10593.4
524.751	14909.9
523.668	22619
522.585	38781.6
521.502	69032.6
520.418	100625
519.335	99409.9
518.251	69901.8
517.167	41248.9
516.083	24759
514.999	16338.3
513.915	11560.8
512.831	8852.6
511.746	7233.16
510.661	6056.71
509.576	5200.9
508.491	4451.33
507.406	4077.48
506.321	3805.09
505.235	3565.02
504.149	3283.57
503.064	3103.51
501.978	3015.57
500.891	2819.49
499.805	2704.01
498.719	2719.72
497.632	2546.77
496.545	2537.19
495.458	2470.12
494.371	2483.55
493.284	2361.33
492.196	2340.29
491.108	2484.75
490.021	2314.32
488.933	2293.29
487.845	2253.9
486.756	2285.72
485.668	2165.95
484.579	2181.71
483.491	2142.35
482.402	2192.54
481.313	2130.24
480.223	2097.79
479.134	2074.53
478.044	2069.64
476.955	2007.39
475.865	1965.8
474.775	2112.3
473.684	2063.83
472.594	2052.06
471.504	2026.54
470.413	1964.35
469.322	1968.64
468.231	1922.52
467.14	2004.72
466.048	1974.64
464.957	1903.35
463.865	1925.97
462.774	1866.15
461.682	1852.14
460.589	1840.42
459.497	1769.2
458.405	1771.22
457.312	1839.6
456.219	1853.06
455.126	1955.72
454.033	1902.82
452.94	1971.14
451.846	2016.58
450.753	1984.28
449.659	2052.55
448.565	2159.66
447.471	2026.81
446.377	2140.75
445.282	2190.69
444.188	2183.51
443.093	2098.69
441.998	2217.11
440.903	2232.77
439.808	2216.46
438.713	2179.61
437.617	2197.55
436.521	2377.47
435.425	2399.93
434.329	2340.27
433.233	2417.47
432.137	2373.78
431.04	2421.31
429.944	2375.36
428.847	2393.24
427.75	2215.13
426.653	2335.57
425.555	2412.69
424.458	2355.38
423.36	2357.31
422.262	2438.94
421.164	2256.43
420.066	2315.28
418.968	2305.84
417.87	2321.43
416.771	2209.58
415.672	2286.61
414.573	2347.69
413.474	2317.78
412.375	2351.55
411.275	2321.64
410.176	2298.56
409.076	2261.85
407.976	2327.43
406.876	2254.36
405.776	2244.94
404.675	2344.57
403.575	2335.13
402.474	2380.21
401.373	2284.48
400.272	2347.72
399.171	2267.91
398.069	2301.63
396.968	2344.4
395.866	2275.98
394.764	2316.48
393.662	2268.5
392.56	2327.14
391.458	2390.29
390.355	2426.22
389.252	2346.51
388.149	2389.23
387.046	2345.81
385.943	2395.32
384.84	2390.43
383.736	2376.49
382.633	2342.16
381.529	2357.66
380.425	2450.16
379.321	2424.89
378.216	2327.19
377.112	2394.74
376.007	2417.02
374.902	2371.41
373.797	2457.03
372.692	2388.8
371.587	2431.42
370.481	2458.2
369.376	2471.4
368.27	2371.56
367.164	2459.36
366.058	2420.58
364.951	2417.96
363.845	2456.01
362.738	2451.13
361.632	2466.57
360.525	2558.8
359.417	2452.29
358.31	2544.5
357.203	2609.59
356.095	2559.54
354.987	2547.88
353.879	2515.91
352.771	2495.23
351.663	2546.74
350.555	2580.2
349.446	2487.36
348.337	2561.39
347.228	2545.23
346.119	2486.25
345.01	2576.03
343.9	2661.28
342.791	2600.05
341.681	2680.76
340.571	2610.54
339.461	2610.15
338.351	2670.56
337.24	2667.91
336.13	2593.23
335.019	2721.14
333.908	2675.72
332.797	2720.33
331.686	2744.67
330.574	2766.76
329.463	2788.84
328.351	2781.68
327.239	2772.27
326.127	2771.86
325.015	2733.23
323.902	2867.67
322.79	2885.22
321.677	2967.92
320.564	2980.96
319.451	2978.27
318.338	3029.48
317.225	3002.08
316.111	3010.62
314.997	3104.45
313.883	3043.39
312.769	3204.51
311.655	3179.35
310.541	3344.89
309.426	3360.09
308.312	3364.08
307.197	3394.97
306.082	3591.77
304.966	3660.73
303.851	3855.18
302.735	3820.99
301.62	3822.67
300.504	3833.3
299.388	3714.01
