3199.22	538.861
3198.51	482.138
3197.81	606.135
3197.1	570.611
3196.4	542.184
3195.69	538.566
3194.98	577.463
3194.28	609.264
3193.57	570.222
3192.87	492.236
3192.16	566.525
3191.45	548.746
3190.75	541.592
3190.04	576.911
3189.34	598.065
3188.63	573.215
3187.92	534.22
3187.22	512.923
3186.51	558.833
3185.8	562.293
3185.09	548.072
3184.39	555.068
3183.68	597.412
3182.97	551.382
3182.27	537.171
3181.56	540.631
3180.85	491.094
3180.14	522.821
3179.44	554.538
3178.73	600.373
3178.02	575.573
3177.31	526.066
3176.6	525.994
3175.89	550.63
3175.19	525.85
3174.48	536.364
3173.77	465.727
3173.06	550.329
3172.35	589.054
3171.64	550.179
3170.93	557.156
3170.23	486.564
3169.52	609.884
3168.81	535.779
3168.1	507.511
3167.39	493.346
3166.68	598.981
3165.97	570.715
3165.26	524.846
3164.55	584.647
3163.84	521.181
3163.13	588.009
3162.42	591.449
3161.71	598.408
3161	591.287
3160.29	524.344
3159.58	587.607
3158.87	566.418
3158.16	506.541
3157.45	538.126
3156.73	611.903
3156.02	537.979
3155.31	597.673
3154.6	520.256
3153.89	513.155
3153.18	562.285
3152.47	569.236
3151.76	593.752
3151.04	562.055
3150.33	628.713
3149.62	516.247
3148.91	603.961
3148.2	561.748
3147.48	516.035
3146.77	537.025
3146.06	561.518
3145.35	564.95
3144.63	568.381
3143.92	550.763
3143.21	554.196
3142.5	571.655
3141.78	603.137
3141.07	560.981
3140.36	536.365
3139.64	529.281
3138.93	578.274
3138.22	567.683
3137.5	518.553
3136.79	543.005
3136.08	532.422
3135.36	640.921
3134.65	497.259
3133.93	500.692
3133.22	560.138
3132.51	574.063
3131.79	500.487
3131.08	521.415
3130.36	549.335
3129.65	587.744
3128.93	608.651
3128.22	612.066
3127.5	601.491
3126.79	573.436
3126.07	520.916
3125.36	545.315
3124.64	538.25
3123.93	566.133
3123.21	580.033
3122.5	569.472
3121.78	604.327
3121.07	527.404
3120.35	523.84
3119.63	590.112
3118.92	523.696
3118.2	541.079
3117.49	565.437
3116.77	572.34
3116.05	568.772
3115.34	558.228
3114.62	561.64
3113.9	540.635
3113.19	561.486
3112.47	568.384
3111.75	561.333
3111.03	568.228
3110.32	519.353
3109.6	602.924
3108.88	567.995
3108.17	588.823
3107.45	574.808
3106.73	606.078
3106.01	571.168
3105.29	557.161
3104.58	605.829
3103.86	553.527
3103.14	609.145
3102.42	553.376
3101.7	542.86
3100.98	574.101
3100.27	532.275
3099.55	546.116
3098.83	556.476
3098.11	577.264
3097.39	552.846
3096.67	597.966
3095.95	583.98
3095.23	549.144
3094.51	594.246
3093.79	510.773
3093.07	569.764
3092.35	597.476
3091.63	552.242
3090.91	496.603
3090.19	621.536
3089.47	583.262
3088.75	586.653
3088.03	576.161
3087.31	565.671
3086.59	555.184
3085.87	603.68
3085.15	565.439
3084.43	541.082
3083.71	620.772
3082.99	568.674
3082.27	561.662
3081.55	585.852
3080.83	596.17
3080.1	564.898
3079.38	523.239
3078.66	575.137
3077.94	554.273
3077.22	613.081
3076.5	588.754
3075.77	592.137
3075.05	574.744
3074.33	567.742
3073.61	588.432
3072.89	550.282
3072.16	539.826
3071.44	615.871
3070.72	605.408
3070	581.112
3069.27	598.325
3068.55	570.579
3067.83	580.874
3067.1	587.709
3066.38	611.825
3065.66	635.934
3064.93	570.189
3064.21	583.932
3063.49	566.578
3062.76	556.138
3062.04	542.247
3061.31	562.893
3060.59	618.061
3059.87	607.62
3059.14	645.508
3058.42	528.07
3057.69	576.312
3056.97	538.277
3056.24	576.154
3055.52	669.213
3054.79	603.589
3054.07	596.609
3053.34	544.806
3052.62	558.522
3051.89	575.681
3051.17	589.389
3050.44	651.341
3049.72	565.108
3048.99	575.366
3048.27	561.508
3047.54	606.208
3046.81	619.901
3046.09	637.033
3045.36	623.174
3044.64	588.664
3043.91	571.374
3043.18	557.529
3042.46	609.069
3041.73	526.411
3041	571.061
3040.28	574.422
3039.55	570.905
3038.82	632.723
3038.1	563.872
3037.37	580.984
3036.64	594.653
3035.91	515.525
3035.19	542.945
3034.46	590.973
3033.73	604.634
3033	621.726
3032.28	607.903
3031.55	576.914
3030.82	566.534
3030.09	604.221
3029.36	628.166
3028.63	542.277
3027.91	559.361
3027.18	672.514
3026.45	614.1
3025.72	545.41
3024.99	555.625
3024.26	552.12
3023.53	620.621
3022.8	641.107
3022.07	654.73
3021.34	589.519
3020.62	562.023
3019.89	551.667
3019.16	623.538
3018.43	626.878
3017.7	599.391
3016.97	654.103
3016.24	633.469
3015.51	643.653
3014.78	698.337
3014.05	605.827
3013.31	578.366
3012.58	636.457
3011.85	663.741
3011.12	595.233
3010.39	649.878
3009.66	636.109
3008.93	670.217
3008.2	622.259
3007.47	625.592
3006.74	632.343
3006	563.904
3005.27	615.084
3004.54	645.75
3003.81	628.58
3003.08	700.225
3002.35	665.976
3001.61	604.419
3000.88	655.551
3000.15	597.425
2999.42	665.611
2998.68	665.52
2997.95	706.379
2997.22	569.802
2996.49	600.428
2995.75	600.346
2995.02	641.191
2994.29	644.513
2993.55	695.57
2992.82	654.564
2992.09	709.014
2991.35	712.325
2990.62	606.586
2989.89	698.501
2989.15	664.337
2988.42	705.122
2987.68	660.749
2986.95	674.28
2986.22	670.783
2985.48	677.5
2984.75	728.468
2984.01	670.507
2983.28	639.788
2982.54	728.169
2981.81	666.83
2981.07	666.739
2980.34	687.055
2979.6	697.163
2978.87	737.872
2978.13	679.973
2977.4	761.465
2976.66	662.792
2975.93	700.084
2975.19	666.008
2974.45	655.725
2973.72	716.782
2972.98	662.338
2972.25	672.436
2971.51	696.114
2970.77	699.413
2970.04	655.186
2969.3	716.193
2968.56	722.883
2967.83	692.244
2967.09	773.578
2966.35	770.08
2965.62	698.743
2964.88	702.039
2964.14	735.853
2963.4	695.065
2962.67	718.701
2961.93	772.837
2961.19	752.396
2960.45	725.183
2959.72	779.295
2958.98	809.679
2958.24	755.371
2957.5	741.72
2956.76	772.096
2956.03	771.99
2955.29	792.197
2954.55	822.553
2953.81	683.675
2953.07	727.574
2952.33	869.586
2951.59	764.589
2950.85	740.806
2950.12	838.788
2949.38	811.62
2948.64	760.789
2947.9	764.066
2947.16	770.722
2946.42	797.655
2945.68	767.131
2944.94	841.363
2944.2	807.463
2943.46	739.791
2942.72	830.885
2941.98	820.639
2941.24	793.514
2940.5	881.186
2939.76	827.054
2939.02	799.938
2938.28	843.701
2937.53	863.831
2936.79	786.114
2936.05	799.5
2935.31	887.087
2934.57	826.261
2933.83	843.007
2933.09	792.318
2932.35	856.261
2931.6	815.696
2930.86	805.473
2930.12	801.993
2929.38	835.576
2928.64	845.568
2927.89	879.135
2927.15	879.015
2926.41	939.508
2925.67	794.6
2924.92	791.125
2924.18	791.016
2923.44	777.445
2922.7	871.562
2921.95	831.067
2921.21	834.317
2920.47	851.021
2919.72	780.276
2918.98	840.699
2918.24	796.874
2917.49	813.574
2916.75	810.101
2916	846.96
2915.26	806.518
2914.52	850.088
2913.77	789.499
2913.03	735.645
2912.28	819.511
2911.54	812.682
2910.79	883.083
2910.05	809.102
2909.31	792.207
2908.56	738.397
2907.82	781.922
2907.07	697.929
2906.33	761.578
2905.58	778.246
2904.83	791.555
2904.09	835.044
2903.34	791.338
2902.6	754.35
2901.85	754.247
2901.11	727.33
2900.36	767.445
2899.61	777.393
2898.87	763.885
2898.12	720.231
2897.38	767.024
2896.63	790.362
2895.88	773.511
2895.14	770.057
2894.39	736.475
2893.64	739.721
2892.89	773.087
2892.15	756.25
2891.4	739.417
2890.65	739.316
2889.91	765.973
2889.16	795.968
2888.41	779.139
2887.66	748.941
2886.92	748.838
2886.17	792.189
2885.42	778.711
2884.67	785.288
2883.92	771.815
2883.17	738.302
2882.43	801.666
2881.68	801.556
2880.93	754.695
2880.18	757.931
2879.43	704.411
2878.68	774.413
2877.93	774.306
2877.18	754.178
2876.43	787.44
2875.69	747.298
2874.94	733.853
2874.19	777.111
2873.44	760.33
2872.69	776.897
2871.94	760.121
2871.19	733.35
2870.44	803.241
2869.69	759.809
2868.94	769.7
2868.19	746.274
2867.44	802.8
2866.68	762.722
2865.93	689.353
2865.18	712.567
2864.43	739.103
2863.68	765.633
2862.93	655.691
2862.18	735.471
2861.43	735.37
2860.68	682.037
2859.92	808.353
2859.17	698.48
2858.42	788.177
2857.67	728.215
2856.92	671.595
2856.17	747.961
2855.41	771.125
2854.66	761.049
2853.91	784.205
2853.16	787.42
2852.4	714.228
2851.65	757.31
2850.9	680.821
2850.15	783.667
2849.39	753.678
2848.64	790.091
2847.89	723.598
2847.13	756.687
2846.38	706.808
2845.63	713.346
2844.87	690.026
2844.12	749.637
2843.37	706.419
2842.61	729.535
2841.86	663.123
2841.1	755.856
2840.35	742.493
2839.59	735.763
2838.84	758.858
2838.09	765.381
2837.33	708.957
2836.58	698.922
2835.82	778.314
2835.07	705.353
2834.31	715.19
2833.56	731.645
2832.8	714.993
2832.05	695.037
2831.29	671.777
2830.53	777.566
2829.78	707.984
2829.02	697.963
2828.27	800.398
2827.51	783.753
2826.76	813.404
2826	760.395
2825.24	763.596
2824.49	707.304
2823.73	750.168
2822.97	802.933
2822.22	759.873
2821.46	749.859
2820.7	753.059
2819.95	723.233
2819.19	739.644
2818.43	736.241
2817.67	782.355
2816.92	755.842
2816.16	749.138
2815.4	719.338
2814.64	768.728
2813.89	696.049
2813.13	801.5
2812.37	784.901
2811.61	745.224
2810.85	774.794
2810.1	725.24
2809.34	814.134
2808.58	787.657
2807.82	754.597
2807.06	817.094
2806.3	777.45
2805.54	813.575
2804.78	796.997
2804.02	770.544
2803.27	809.948
2802.51	829.588
2801.75	803.142
2800.99	799.741
2800.23	806.212
2799.47	750.168
2798.71	779.672
2797.95	782.855
2797.19	815.636
2796.43	831.966
2795.67	805.548
2794.91	848.174
2794.15	815.187
2793.38	867.661
2792.62	880.686
2791.86	887.137
2791.1	804.884
2790.34	742.362
2789.58	814.515
2788.82	814.404
2788.06	784.741
2787.3	896.254
2786.53	856.741
2785.77	768.007
2785.01	830.252
2784.25	876.075
2783.49	889.077
2782.72	810.228
2781.96	849.475
2781.2	898.549
2780.44	872.194
2779.67	836.011
2778.91	855.564
2778.15	835.781
2777.39	891.377
2776.62	910.915
2775.86	832.16
2775.1	887.734
2774.33	920.365
2773.57	890.765
2772.81	926.661
2772.04	903.616
2771.28	883.85
2770.52	952.463
2769.75	899.97
2768.99	962.018
2768.22	958.614
2767.46	961.753
2766.7	915.83
2765.93	1036.71
2765.17	984.246
2764.4	961.225
2763.64	993.783
2762.87	1003.45
2762.11	1019.65
2761.34	990.105
2760.58	924.625
2759.81	1029.03
2759.05	1055.02
2758.28	1005.89
2757.52	1031.88
2756.75	1064.38
2755.98	1087.09
2755.22	1073.88
2754.45	1119.43
2753.69	1210.64
2752.92	1122.38
2752.15	1229.88
2751.39	1242.76
2750.62	1245.85
2749.85	1288.07
2749.09	1369.41
2748.32	1248.6
2747.55	1316.88
2746.79	1326.47
2746.02	1384.95
2745.25	1482.5
2744.48	1449.72
2743.72	1436.49
2742.95	1455.84
2742.18	1468.66
2741.41	1546.6
2740.65	1572.44
2739.88	1614.54
2739.11	1643.61
2738.34	1659.65
2737.57	1731.01
2736.8	1616.9
2736.04	1675.23
2735.27	1827.86
2734.5	1775.58
2733.73	1850.12
2732.96	1927.89
2732.19	1875.62
2731.42	1888.36
2730.65	1849.1
2729.88	1972.32
2729.11	2079.26
2728.34	2027
2727.57	1991
2726.8	2211.55
2726.03	2188.52
2725.26	2230.42
2724.49	2210.64
2723.72	2181.13
2722.95	2356.07
2722.18	2397.93
2721.41	2345.69
2720.64	2400.51
2719.87	2422.89
2719.1	2513.36
2718.33	2341.16
2717.56	2451.07
2716.79	2392.38
2716.02	2427.7
2715.24	2388.48
2714.47	2462.68
2713.7	2397.54
2712.93	2572.14
2712.16	2555.59
2711.39	2626.49
2710.61	2480.41
2709.84	2596.63
2709.07	2641.59
2708.3	2579.73
2707.52	2640.87
2706.75	2630.79
2705.98	2552.78
2705.21	2578.31
2704.43	2665.29
2703.66	2564.66
2702.89	2654.85
2702.11	2538.09
2701.34	2605.63
2700.57	2621.43
2699.79	2566.13
2699.02	2549.62
2698.25	2617.12
2697.47	2558.61
2696.7	2519.5
2695.92	2528.84
2695.15	2547.86
2694.38	2599.17
2693.6	2511.65
2692.83	2679.16
2692.05	2504.5
2691.28	2539.66
2690.5	2497.36
2689.73	2574.45
2688.95	2493.45
2688.18	2496.33
2687.4	2396.02
2686.63	2398.91
2685.85	2514.64
2685.08	2491.73
2684.3	2472.05
2683.53	2294.47
2682.75	2426.26
2681.97	2297.06
2681.2	2422.37
2680.42	2386.61
2679.64	2350.86
2678.87	2318.33
2678.09	2282.6
2677.32	2298.38
2676.54	2336.69
2675.76	2239.82
2674.98	2204.12
2674.21	2255.29
2673.43	2148.82
2672.65	2177.48
2671.88	2231.85
2671.1	2189.74
2670.32	2083.34
2669.54	2140.92
2668.77	1979.91
2667.99	2040.7
2667.21	2078.98
2666.43	1979.1
2665.65	1994.88
2664.87	1956.07
2664.1	1891.57
2663.32	1942.68
2662.54	1830.04
2661.76	1938.94
2660.98	1893.73
2660.2	1826.08
2659.42	1796.95
2658.64	1787.08
2657.86	1783.62
2657.09	1709.6
2656.31	1744.64
2655.53	1661.03
2654.75	1692.86
2653.97	1570.81
2653.19	1567.39
2652.41	1615.25
2651.63	1675.91
2650.85	1611.6
2650.07	1470.42
2649.28	1556.7
2648.5	1530.87
2647.72	1559.48
2646.94	1482.42
2646.16	1507.82
2645.38	1472.41
2644.6	1453
2643.82	1574.4
2643.04	1465.4
2642.26	1372.42
2641.47	1333.85
2640.69	1324.07
2639.91	1371.86
2639.13	1310.92
2638.35	1429.02
2637.56	1313.75
2636.78	1319.96
2636	1307
2635.22	1367.53
2634.44	1293.86
2633.65	1341.59
2632.87	1251.98
2632.09	1197.52
2631.3	1273.99
2630.52	1315.31
2629.74	1241.72
2628.95	1190.48
2628.17	1234.99
2627.39	1202.91
2626.6	1199.56
2625.82	1208.96
2625.04	1275.77
2624.25	1167.17
2623.47	1138.31
2622.68	1189.17
2621.9	1128.44
2621.12	1179.28
2620.33	1128.12
2619.55	1137.53
2618.76	1124.63
2617.98	1044.84
2617.19	1079.73
2616.41	1105.05
2615.62	1047.59
2614.84	1053.81
2614.05	1053.66
2613.27	1104.45
2612.48	1088.38
2611.69	1050.05
2610.91	1033.99
2610.12	1110.2
2609.34	1008.26
2608.55	995.404
2607.76	1004.81
2606.98	1033.28
2606.19	1023.6
2605.4	972.606
2604.62	994.718
2603.83	946.917
2603.04	949.963
2602.26	908.535
2601.47	867.119
2600.68	924.164
2599.9	930.387
2599.11	1000.11
2598.32	917.432
2597.53	958.569
2596.75	942.568
2595.96	932.918
2595.17	901.062
2594.38	923.144
2593.59	935.704
2592.81	913.375
2592.02	884.71
2591.23	938.487
2590.44	903.486
2589.65	897.022
2588.86	877.883
2588.07	861.918
2587.28	899.819
2586.5	925.039
2585.71	890.069
2584.92	908.948
2584.13	921.489
2583.34	896.032
2582.55	848.422
2581.76	873.628
2580.97	876.672
2580.18	791.111
2579.39	854.282
2578.6	787.729
2577.81	806.599
2577.02	787.512
2576.23	831.675
2575.44	878.987
2574.64	872.543
2573.85	859.779
2573.06	793.289
2572.27	783.699
2571.48	821.507
2570.69	824.553
2569.9	796.01
2569.11	821.167
2568.31	764.211
2567.52	846.2
2566.73	792.413
2565.94	864.906
2565.15	773.258
2564.35	826.798
2563.56	766.734
2562.77	801.331
2561.98	791.757
2561.18	785.34
2560.39	860.916
2559.6	829.266
2558.81	844.915
2558.01	838.494
2557.22	800.557
2556.43	850.868
2555.63	797.185
2554.84	756.118
2554.05	806.415
2553.25	793.705
2552.46	796.744
2551.66	717.915
2550.87	850.045
2550.08	821.597
2549.28	786.862
2548.49	849.693
2547.69	745.739
2546.9	714.174
2546.1	817.884
2545.31	798.899
2544.51	852.251
2543.72	789.245
2542.92	745.121
2542.13	754.449
2541.33	770.06
2540.54	820.236
2539.74	719.571
2538.95	794.875
2538.15	785.341
2537.35	785.233
2536.56	760
2535.76	769.315
2534.97	781.767
2534.17	813.051
2533.37	806.661
2532.58	825.38
2531.78	781.335
2530.98	800.052
2530.19	828.175
2529.39	765.329
2528.59	793.448
2527.79	818.424
2527	808.905
2526.2	774.31
2525.4	761.665
2524.6	808.57
2523.81	736.386
2523.01	849.077
2522.21	780.04
2521.41	779.933
2520.61	804.879
2519.82	745.272
2519.02	754.562
2518.22	776.371
2517.42	816.955
2516.62	866.917
2515.82	776.049
2515.02	788.457
2514.22	785.22
2513.42	857.053
2512.63	725.58
2511.83	797.402
2511.03	766.026
2510.23	728.405
2509.43	778.317
2508.63	765.708
2507.83	849.974
2507.03	790.492
2506.23	802.879
2505.43	780.902
2504.63	796.41
2503.83	818.159
2503.02	789.945
2502.22	899.102
2501.42	777.241
2500.62	827.07
2499.82	792.629
2499.02	795.64
2498.22	786.17
2497.42	770.465
2496.61	838.974
2495.81	739.068
2495.01	798.208
2494.21	791.862
2493.41	810.455
2492.61	738.659
2491.8	794.65
2491	772.729
2490.2	763.276
2489.4	819.24
2488.59	819.127
2487.79	840.812
2486.99	846.923
2486.18	790.767
2485.38	818.673
2484.58	824.785
2483.77	746.872
2482.97	824.557
2482.17	771.554
2481.36	867.878
2480.56	842.876
2479.76	799.222
2478.95	780.455
2478.15	817.654
2477.34	857.952
2476.54	857.833
2475.73	888.791
2474.93	814.095
2474.13	832.623
2473.32	844.933
2472.52	773.379
2471.71	813.644
2470.91	825.952
2470.1	819.628
2469.3	903.329
2468.49	878.373
2467.68	841.011
2466.88	809.866
2466.07	819.061
2465.27	846.866
2464.46	880.867
2463.65	831.126
2462.85	880.623
2462.04	818.494
2461.24	836.981
2460.43	895.755
2459.62	827.452
2458.82	821.14
2458.01	830.321
2457.2	882.868
2456.39	820.799
2455.59	805.201
2454.78	857.73
2453.97	786.401
2453.16	795.579
2452.36	879.04
2451.55	925.34
2450.74	872.608
2449.93	847.735
2449.13	859.992
2448.32	825.849
2447.51	828.827
2446.7	853.45
2445.89	853.332
2445.08	865.579
2444.27	877.823
2443.46	812.801
2442.66	815.779
2441.85	874.369
2441.04	793.928
2440.23	830.884
2439.42	802.973
2438.61	889.324
2437.8	830.538
2436.99	805.727
2436.18	817.962
2435.37	805.504
2434.56	845.507
2433.75	839.219
2432.94	826.763
2432.13	835.902
2431.32	801.862
2430.51	770.914
2429.7	915.719
2428.88	807.694
2428.07	832.241
2427.26	810.552
2426.45	764.217
2425.64	779.517
2424.83	757.844
2424.02	779.301
2423.21	806.911
2422.39	760.608
2421.58	742.029
2420.77	763.476
2419.96	784.917
2419.14	738.643
2418.33	812.395
2417.52	753.823
2416.71	747.565
2415.89	772.069
2415.08	790.416
2414.27	778.006
2413.46	753.3
2412.64	753.196
2411.83	725.427
2411.02	716.106
2410.2	762.102
2409.39	728.198
2408.57	752.674
2407.76	755.641
2406.95	777.036
2406.13	647.952
2405.32	764.539
2404.5	749.082
2403.69	721.352
2402.88	748.875
2402.06	702.74
2401.25	806.965
2400.43	751.631
2399.62	693.245
2398.8	680.881
2397.99	705.32
2397.17	735.884
2396.35	705.124
2395.54	714.222
2394.72	750.902
2393.91	668.057
2393.09	692.477
2392.28	670.935
2391.46	759.675
2390.64	735.068
2389.83	738.028
2389.01	707.306
2388.19	716.393
2387.38	713.232
2386.56	719.255
2385.74	713.034
2384.93	679.278
2384.11	703.659
2383.29	749.445
2382.47	694.288
2381.66	730.889
2380.84	730.787
2380.02	681.77
2379.2	690.846
2378.39	666.299
2377.57	684.542
2376.75	699.725
2375.93	659.911
2375.11	668.984
2374.29	729.977
2373.48	723.768
2372.66	671.759
2371.84	717.461
2371.02	689.888
2370.2	677.583
2369.38	698.852
2368.56	656.036
2367.74	704.76
2366.92	680.258
2366.1	713.714
2365.28	670.92
2364.46	676.926
2363.64	689.027
2362.82	664.544
2362	731.507
2361.18	673.502
2360.36	725.21
2359.54	749.482
2358.72	682.361
2357.9	752.32
2357.08	642.581
2356.26	703.391
2355.44	654.581
2354.62	691.02
2353.79	669.618
2352.97	724.304
2352.15	669.432
2351.33	733.23
2350.51	626.658
2349.69	742.152
2348.86	647.772
2348.04	690.253
2347.22	717.52
2346.4	729.58
2345.57	750.755
2344.75	741.534
2343.93	683.696
2343.11	653.219
2342.28	716.922
2341.46	692.524
2340.64	710.649
2339.81	698.404
2338.99	740.813
2338.17	664.818
2337.34	679.902
2336.52	701.051
2335.7	688.816
2334.87	719.061
2334.05	718.961
2333.22	700.662
2332.4	700.565
2331.57	809.631
2330.75	812.551
2329.93	709.367
2329.1	745.641
2328.28	721.293
2327.45	712.102
2326.63	718.063
2325.8	657.375
2324.97	663.342
2324.15	657.193
2323.32	732.804
2322.5	635.816
2321.67	735.628
2320.85	705.257
2320.02	720.291
2319.19	695.983
2318.37	644.451
2317.54	680.664
2316.71	635.198
2315.89	656.28
2315.06	635.022
2314.23	644.004
2313.41	656.007
2312.58	649.87
2311.75	689.069
2310.93	685.951
2310.1	637.514
2309.27	673.677
2308.44	691.706
2307.62	670.469
2306.79	613.002
2305.96	706.514
2305.13	679.246
2304.3	697.263
2303.47	636.805
2302.65	666.893
2301.82	687.92
2300.99	681.791
2300.16	672.647
2299.33	651.442
2298.5	660.398
2297.67	657.291
2296.84	645.141
2296.01	642.037
2295.19	672.086
2294.36	623.778
2293.53	674.913
2292.7	692.894
2291.87	650.628
2291.04	683.666
2290.21	590.22
2289.38	665.411
2288.54	692.413
2287.71	656.196
2286.88	638.046
2286.05	631.939
2285.22	686.01
2284.39	715.999
2283.56	664.763
2282.73	700.762
2281.9	685.628
2281.07	640.432
2280.23	655.375
2279.4	679.331
2278.57	658.198
2277.74	661.111
2276.91	673.038
2276.07	633.89
2275.24	669.847
2274.41	636.717
2273.58	717.708
2272.74	699.593
2271.91	663.47
2271.08	672.383
2270.25	660.284
2269.41	669.195
2268.58	720.11
2267.75	672.009
2266.91	662.916
2266.08	656.826
2265.25	677.726
2264.41	683.628
2263.58	620.576
2262.74	698.426
2261.91	605.418
2261.08	707.221
2260.24	665.175
2259.41	710.02
2258.57	664.99
2257.74	712.818
2256.9	643.843
2256.07	700.643
2255.23	736.471
2254.4	664.527
2253.56	667.428
2252.73	646.387
2251.89	649.289
2251.06	646.207
2250.22	658.082
2249.38	714.817
2248.55	702.756
2247.71	639.867
2246.88	654.726
2246.04	630.722
2245.2	630.634
2244.37	630.546
2243.53	708.145
2242.69	684.146
2241.86	719.896
2241.02	672.009
2240.18	662.956
2239.34	612.104
2238.51	641.874
2237.67	641.784
2236.83	692.433
2235.99	689.353
2235.16	677.322
2234.32	647.394
2233.48	677.133
2232.64	691.951
2231.8	617.302
2230.97	697.722
2230.13	655.887
2229.29	682.623
2228.45	730.216
2227.61	661.573
2226.77	682.338
2225.93	637.555
2225.09	628.53
2224.25	690.988
2223.41	643.244
2222.57	646.132
2221.73	643.065
2220.89	699.534
2220.05	723.247
2219.21	678.507
2218.37	669.486
2217.53	681.293
2216.69	657.401
2215.85	678.129
2215.01	615.584
2214.17	660.1
2213.33	636.224
2212.49	689.642
2211.65	650.907
2210.81	686.478
2209.97	618.041
2209.12	606.071
2208.28	653.515
2207.44	632.633
2206.6	718.666
2205.76	656.211
2204.92	620.493
2204.07	679.776
2203.23	655.937
2202.39	652.878
2201.55	658.721
2200.7	628.961
2199.86	619.975
2199.02	655.48
2198.17	688.01
2197.33	699.774
2196.49	690.783
2195.64	675.865
2194.8	693.554
2193.96	622.333
2193.11	651.877
2192.27	666.6
2191.43	657.62
2190.58	660.49
2189.74	621.9
2188.89	633.657
2188.05	627.647
2187.2	680.843
2186.36	648.191
2185.52	674.735
2184.67	665.764
2183.83	686.381
2182.98	591.625
2182.14	686.189
2181.29	626.948
2180.44	685.998
2179.6	668.163
2178.75	668.07
2177.91	620.687
2177.06	673.794
2176.22	635.288
2175.37	694.287
2174.52	649.88
2173.68	685.233
2172.83	702.856
2171.98	682.089
2171.14	590.471
2170.29	622.86
2169.44	658.191
2168.6	637.442
2167.75	607.846
2166.9	705.12
2166.05	610.626
2165.21	657.732
2164.36	725.469
2163.51	639.857
2162.66	695.784
2161.81	642.626
2160.97	689.695
2160.12	695.493
2159.27	583.425
2158.42	636.375
2157.57	653.961
2156.72	677.432
2155.87	668.503
2155.02	585.963
2154.18	632.987
2153.33	659.392
2152.48	629.867
2151.63	679.808
2150.78	653.231
2149.93	594.298
2149.08	641.282
2148.23	679.429
2147.38	658.748
2146.53	646.894
2145.68	682.084
2144.83	623.197
2143.98	643.684
2143.13	640.656
2142.28	661.135
2141.42	637.539
2140.57	646.262
2139.72	672.606
2138.87	604.968
2138.02	645.992
2137.17	672.325
2136.32	587.101
2135.46	645.721
2134.61	619.219
2133.76	666.081
2132.91	569.17
2132.06	674.695
2131.2	689.266
2130.35	618.786
2129.5	627.497
2128.65	633.273
2127.79	615.596
2126.94	668.268
2126.09	671.105
2125.23	647.57
2124.38	629.901
2123.53	664.965
2122.67	635.583
2121.82	650.137
2120.97	673.471
2120.11	726.076
2119.26	635.228
2118.4	693.677
2117.55	684.801
2116.7	640.814
2115.84	649.501
2114.99	669.887
2114.13	605.447
2113.28	655.078
2112.42	625.746
2111.57	649.047
2110.71	616.801
2109.86	666.403
2109	631.241
2108.15	686.671
2107.29	660.28
2106.43	671.873
2105.58	630.888
2104.72	703.809
2103.87	616.112
2103.01	677.336
2102.15	674.323
2101.3	615.854
2100.44	717.909
2099.58	650.697
2098.73	638.936
2097.87	688.437
2097.01	708.758
2096.15	670.747
2095.3	661.905
2094.44	620.996
2093.58	652.975
2092.72	635.396
2091.87	699.421
2091.01	684.754
2090.15	678.831
2089.29	620.475
2088.43	658.253
2087.58	722.229
2086.72	655.157
2085.86	655.065
2085	666.618
2084.14	689.809
2083.28	724.635
2082.42	631.421
2081.56	645.879
2080.7	680.696
2079.84	718.412
2078.98	750.301
2078.12	706.58
2077.26	718.111
2076.4	630.803
2075.54	598.743
2074.68	595.753
2073.82	682.841
2072.96	607.207
2072.1	653.601
2071.24	638.987
2070.38	612.761
2069.52	696.882
2068.66	699.687
2067.8	653.144
2066.94	664.662
2066.07	621.038
2065.21	678.984
2064.35	667.284
2063.49	664.29
2062.63	672.898
2061.77	719.205
2060.9	666.911
2060.04	658.12
2059.18	663.825
2058.32	655.037
2057.45	678.13
2056.59	646.161
2055.73	686.631
2054.86	724.193
2054	726.988
2053.14	729.782
2052.28	642.814
2051.41	712.207
2050.55	691.844
2049.68	657.015
2048.82	680.075
2047.96	685.767
2047.09	665.419
2046.23	621.935
2045.36	702.833
2044.5	769.248
2043.63	670.829
2042.77	679.409
2041.91	687.986
2041.04	641.645
2040.17	687.793
2039.31	722.37
2038.44	670.266
2037.58	647.063
2036.71	632.531
2035.85	719.078
2034.98	718.977
2034.12	632.265
2033.25	672.589
2032.38	658.064
2031.52	666.629
2030.65	669.421
2029.78	701.063
2028.92	732.696
2028.05	695.098
2027.18	625.789
2026.32	738.155
2025.45	645.795
2024.58	642.822
2023.72	616.792
2022.85	706.041
2021.98	642.552
2021.11	656.867
2020.24	688.461
2019.38	685.484
2018.51	665.23
2017.64	702.569
2016.77	739.897
2015.9	734.036
2015.03	670.613
2014.17	644.62
2013.3	667.548
2012.43	730.748
2011.56	687.497
2010.69	681.648
2009.82	693.056
2008.95	684.333
2008.08	652.612
2007.21	715.761
2006.34	652.429
2005.47	652.338
2004.6	715.46
2003.73	683.757
2002.86	646.319
2001.99	700.798
2001.12	723.674
2000.25	666.146
1999.38	657.44
1998.51	631.513
1997.64	631.425
1996.77	723.167
1995.89	651.333
1995.02	642.635
1994.15	705.652
1993.28	696.948
1992.41	662.438
1991.54	685.284
1990.66	708.123
1989.79	673.625
1988.92	679.263
1988.05	656.242
1987.17	719.187
1986.3	690.437
1985.43	601.541
1984.56	678.787
1983.68	630.009
1982.81	687.186
1981.94	724.307
1981.06	652.644
1980.19	704.07
1979.32	715.418
1978.44	675.259
1977.57	629.391
1976.7	700.814
1975.82	660.675
1974.95	726.355
1974.07	669.067
1973.2	686.127
1972.32	668.88
1971.45	697.366
1970.57	682.98
1969.7	634.311
1968.82	614.224
1967.95	665.554
1967.07	691.165
1966.2	645.378
1965.32	650.998
1964.45	673.745
1963.57	693.632
1962.69	645.015
1961.82	624.949
1960.94	644.834
1960.07	639.038
1959.19	681.735
1958.31	658.823
1957.44	670.137
1956.56	695.704
1955.68	678.502
1954.81	675.556
1953.93	624.16
1953.05	669.667
1952.17	720.859
1951.3	623.897
1950.42	652.294
1949.54	717.708
1948.66	677.74
1947.78	663.409
1946.91	691.784
1946.03	680.301
1945.15	671.667
1944.27	654.499
1943.39	665.788
1942.51	682.764
1941.64	668.446
1940.76	691.104
1939.88	679.632
1939	645.418
1938.12	628.27
1937.24	636.709
1936.36	721.881
1935.48	716.097
1934.6	664.854
1933.72	667.601
1932.84	698.752
1931.96	650.373
1931.08	636.083
1930.2	655.869
1929.32	661.454
1928.44	650.008
1927.56	683.973
1926.67	689.552
1925.79	652.571
1924.91	678.011
1924.03	683.589
1923.15	680.657
1922.27	621.012
1921.39	705.983
1920.5	660.526
1919.62	711.453
1918.74	643.336
1917.86	705.586
1916.98	671.488
1916.09	719.552
1915.21	645.806
1914.33	688.197
1913.44	656.952
1912.56	648.365
1911.68	653.936
1910.8	738.759
1909.91	696.204
1909.03	622.534
1908.14	715.813
1907.26	664.792
1906.38	687.327
1905.49	658.949
1904.61	647.546
1903.73	644.627
1902.84	686.94
1901.96	675.538
1901.07	633.051
1900.19	709.256
1899.3	641.349
1898.42	675.158
1897.53	669.414
1896.65	714.506
1895.76	657.93
1894.88	671.955
1893.99	632.339
1893.1	674.588
1892.22	651.916
1891.33	629.25
1890.45	688.41
1889.56	671.388
1888.67	685.396
1887.79	733.242
1886.9	642.907
1886.01	693.565
1885.13	622.993
1884.24	651.091
1883.35	645.363
1882.47	684.721
1881.58	709.982
1880.69	647.908
1879.8	675.983
1878.92	712.498
1878.03	681.424
1877.14	667.251
1876.25	655.897
1875.36	627.659
1874.48	652.898
1873.59	664.062
1872.7	669.595
1871.81	644.184
1870.92	615.967
1870.03	638.378
1869.14	666.406
1868.25	626.952
1867.36	646.541
1866.47	654.882
1865.59	654.79
1864.7	651.888
1863.81	618.083
1862.92	710.695
1862.03	643.187
1861.14	634.672
1860.24	690.74
1859.35	687.835
1858.46	634.403
1857.57	659.574
1856.68	681.932
1855.79	594.853
1854.9	709.795
1854.01	608.711
1853.12	681.548
1852.23	678.648
1851.33	622.473
1850.44	670.046
1849.55	641.92
1848.66	658.646
1847.77	697.786
1846.87	619.233
1845.98	624.749
1845.09	644.269
1844.2	666.585
1843.3	635.687
1842.41	685.997
1841.52	688.7
1840.63	671.808
1839.73	674.512
1838.84	680.014
1837.95	637.948
1837.05	579.108
1836.16	643.362
1835.26	674.037
1834.37	668.349
1833.48	673.847
1832.58	592.678
1831.69	651.295
1830.79	667.972
1829.9	634.345
1829	701.313
1828.11	603.435
1827.21	639.663
1826.32	664.709
1825.42	698.125
1824.53	695.235
1823.63	639.302
1822.74	706.204
1821.84	658.659
1820.95	697.633
1820.05	647.312
1819.15	677.908
1818.26	655.498
1817.36	649.828
1816.46	666.467
1815.57	688.679
1814.67	632.826
1813.77	635.524
1812.88	710.684
1811.98	660.425
1811.08	671.476
1810.18	629.594
1809.29	635.076
1808.39	712.968
1807.49	665.528
1806.59	662.65
1805.7	648.637
1804.8	693.081
1803.9	612.275
1803	687.32
1802.1	692.788
1801.2	609.234
1800.3	700.937
1799.41	642.435
1798.51	656.248
1797.61	658.936
1796.71	653.283
1795.81	661.529
1794.91	680.89
1794.01	644.67
1793.11	714.038
1792.21	658.378
1791.31	722.17
1790.41	677.633
1789.51	624.778
1788.61	674.665
1787.71	724.538
1786.81	668.923
1785.91	688.256
1785.01	699.258
1784.1	713.031
1783.2	629.709
1782.3	685.094
1781.4	643.398
1780.5	754.222
1779.6	706.983
1778.7	704.111
1777.79	667.98
1776.89	670.657
1775.99	648.395
1775.09	651.074
1774.18	664.833
1773.28	695.206
1772.38	686.8
1771.48	664.551
1770.57	769.663
1769.67	664.364
1768.77	661.502
1767.86	655.874
1766.96	713.888
1766.06	683.355
1765.15	669.427
1764.25	694.225
1763.34	685.831
1762.44	660.848
1761.54	760.283
1760.63	688.304
1759.73	674.388
1758.82	737.853
1757.92	718.407
1757.01	707.255
1756.11	704.392
1755.2	698.769
1754.3	662.77
1753.39	648.871
1752.49	761.971
1751.58	712.176
1750.68	756.235
1749.77	734.052
1748.86	728.43
1747.96	659.356
1747.05	747.533
1746.14	686.75
1745.24	656.319
1744.33	683.799
1743.42	703
1742.52	658.798
1741.61	722.094
1740.7	777.106
1739.8	708.114
1738.89	683.219
1737.98	672.105
1737.07	721.584
1736.16	704.96
1735.26	737.9
1734.35	696.502
1733.44	674.383
1732.53	712.818
1731.62	679.695
1730.72	729.125
1729.81	693.258
1728.9	704.163
1727.99	734.316
1727.08	750.711
1726.17	712.113
1725.26	687.27
1724.35	728.404
1723.44	695.321
1722.53	728.198
1721.62	700.619
1720.71	706.015
1719.8	708.661
1718.89	711.308
1717.98	645.304
1717.07	730.326
1716.16	774.145
1715.25	730.119
1714.34	760.204
1713.43	727.168
1712.52	707.86
1711.6	743.422
1710.69	754.289
1709.78	762.409
1708.87	759.559
1707.96	753.968
1707.05	740.155
1706.13	742.791
1705.22	712.54
1704.31	715.18
1703.4	701.38
1702.48	745.111
1701.57	654.618
1700.66	701.082
1699.75	722.889
1698.83	725.524
1697.92	741.846
1697.01	780.06
1696.09	752.583
1695.18	744.267
1694.26	648.406
1693.35	733.115
1692.44	724.806
1691.52	738.377
1690.61	776.553
1689.69	762.773
1688.78	705.26
1687.86	727.026
1686.95	754.251
1686.03	773.271
1685.12	805.946
1684.2	756.662
1683.29	721.049
1682.37	761.91
1681.46	764.532
1680.54	843.597
1679.63	723.37
1678.71	796.959
1677.79	769.557
1676.88	763.991
1675.96	717.504
1675.05	761.047
1674.13	777.304
1673.21	779.921
1672.3	749.817
1671.38	760.616
1670.46	727.798
1669.54	760.401
1668.63	771.193
1667.71	754.736
1666.79	787.32
1665.87	724.559
1664.96	787.097
1664.04	795.155
1663.12	868.557
1662.2	767.706
1661.28	822.037
1660.36	811.034
1659.44	729.283
1658.53	816.246
1657.61	835.173
1656.69	777.934
1655.77	799.581
1654.85	717.89
1653.93	774.885
1653.01	750.308
1652.09	826.309
1651.17	823.474
1650.25	801.619
1649.33	812.373
1648.41	798.675
1647.49	858.318
1646.57	798.449
1645.65	830.921
1644.73	819.943
1643.81	876.834
1642.89	846.853
1641.96	930.863
1641.04	862.894
1640.12	862.771
1639.2	865.362
1638.28	889.65
1637.36	897.66
1636.43	987.015
1635.51	943.496
1634.59	975.892
1633.67	978.464
1632.75	1005.43
1631.82	1013.41
1630.9	1175.82
1629.98	1151.28
1629.05	1164.66
1628.13	1178.03
1627.21	1172.45
1626.28	1332.02
1625.36	1358.9
1624.44	1339.76
1623.51	1374.75
1622.59	1442.2
1621.67	1493.4
1620.74	1487.78
1619.82	1447
1618.89	1541.44
1617.97	1506.07
1617.04	1486.93
1616.12	1529.97
1615.19	1494.62
1614.27	1553.86
1613.34	1556.34
1612.42	1537.21
1611.49	1539.69
1610.57	1623.2
1609.64	1631.07
1608.71	1595.74
1607.79	1711.6
1606.86	1703.26
1605.94	1829.86
1605.01	1756.74
1604.08	1813.16
1603.16	1885.74
1602.23	1855.8
1601.3	1944.54
1600.38	2019.77
1599.45	2092.28
1598.52	2124.33
1597.59	2261.5
1596.67	2393.24
1595.74	2481.82
1594.81	2562.3
1593.88	2726.26
1592.95	2952.14
1592.03	3043.28
1591.1	3177.49
1590.17	3438.2
1589.24	3688.07
1588.31	3830.21
1587.38	4217.2
1586.45	4550.27
1585.52	4842.89
1584.6	4990.16
1583.67	5379.46
1582.74	5720.25
1581.81	5974.89
1580.88	5882.62
1579.95	6075.34
1579.02	6077.16
1578.09	6205.3
1577.16	6188.29
1576.23	6225.03
1575.29	6183.85
1574.36	6212.52
1573.43	6168.66
1572.5	6326.21
1571.57	6123.96
1570.64	6021.08
1569.71	5641.78
1568.78	5235.75
1567.84	4891.55
1566.91	4579.64
1565.98	4251.73
1565.05	3905.13
1564.12	3617.64
1563.18	3324.86
1562.25	3101.86
1561.32	2862.85
1560.39	2658.75
1559.45	2481.51
1558.52	2352.54
1557.59	2287.91
1556.65	2207.22
1555.72	2070.32
1554.79	1914.7
1553.85	1799.3
1552.92	1788.33
1551.99	1616.77
1551.05	1648.65
1550.12	1645.74
1549.18	1509.05
1548.25	1575.72
1547.31	1380.23
1546.38	1358.64
1545.44	1430.64
1544.51	1366.27
1543.57	1312.61
1542.64	1301.73
1541.7	1288.18
1540.77	1226.54
1539.83	1186.29
1538.9	1226.19
1537.96	1177.94
1537.02	1148.39
1536.09	1174.93
1535.15	1188.11
1534.21	1115.87
1533.28	1131.72
1532.34	1112.88
1531.4	1107.39
1530.47	1120.57
1529.53	1088.4
1528.59	1026.9
1527.66	1021.42
1526.72	1061.27
1525.78	989.132
1524.84	1015.65
1523.9	1018.17
1522.97	988.71
1522.03	1017.88
1521.09	1009.74
1520.15	940.338
1519.21	993.474
1518.27	950.723
1517.33	990.528
1516.4	971.751
1515.46	968.951
1514.52	984.782
1513.58	888.839
1512.64	931.285
1511.7	941.795
1510.76	920.38
1509.82	978.762
1508.88	938.733
1507.94	983.801
1507	906.563
1506.06	895.801
1505.12	959.461
1504.18	932.75
1503.24	898.076
1502.29	956.394
1501.35	942.977
1500.41	937.531
1499.47	921.464
1498.53	923.988
1497.59	854.832
1496.65	918.416
1495.7	878.475
1494.76	904.886
1493.82	841.079
1492.88	830.348
1491.93	909.804
1490.99	970.673
1490.05	906.893
1489.11	856.388
1488.16	872.172
1487.22	861.446
1486.28	890.475
1485.33	916.847
1484.39	911.417
1483.45	874.2
1482.5	908.509
1481.56	876.599
1480.61	865.882
1479.67	860.464
1478.72	855.047
1477.78	899.921
1476.84	817.753
1475.89	814.99
1474.95	822.811
1474	912.635
1473.06	838.446
1472.11	859.483
1471.17	859.361
1470.22	809.006
1469.27	867.046
1468.33	861.636
1467.38	874.727
1466.44	850.821
1465.49	792.577
1464.54	847.937
1463.6	842.534
1462.65	839.773
1461.7	807.968
1460.76	858.013
1459.81	810.377
1458.86	839.294
1457.91	860.285
1456.97	902.379
1456.02	833.658
1455.07	854.642
1454.12	859.795
1453.18	928.235
1452.23	870.096
1451.28	859.427
1450.33	819.765
1449.38	766.938
1448.43	851.153
1447.48	858.936
1446.54	864.082
1445.59	874.495
1444.64	866.47
1443.69	813.68
1442.74	868.855
1441.79	871.364
1440.84	787.011
1439.89	857.956
1438.94	860.465
1437.99	852.449
1437.04	820.76
1436.09	904.811
1435.14	831.045
1434.19	878.258
1433.24	849.212
1432.28	878.007
1431.33	806.915
1430.38	896.152
1429.43	864.493
1428.48	861.742
1427.53	898.395
1426.58	874.629
1425.62	845.616
1424.67	834.992
1423.72	879.505
1422.77	868.879
1421.81	876.629
1420.86	852.885
1419.91	926.232
1418.96	905.112
1418	881.375
1417.05	881.249
1416.1	881.123
1415.14	873.131
1414.19	862.52
1413.24	875.503
1412.28	833.443
1411.33	911.94
1410.37	880.368
1409.42	893.341
1408.46	890.594
1407.51	869.514
1406.56	906.051
1405.6	960.905
1404.65	950.297
1403.69	981.571
1402.74	984.048
1401.78	962.973
1400.82	965.452
1399.87	960.082
1398.91	936.404
1397.96	967.653
1397	1019.81
1396.04	1061.5
1395.09	962.01
1394.13	995.852
1393.18	1066.27
1392.22	1037.38
1391.26	1089.48
1390.3	1086.71
1389.35	1034.32
1388.39	1073.34
1387.43	1034.02
1386.48	1086.09
1385.52	1101.6
1384.56	1101.44
1383.6	1187.4
1382.64	1210.72
1381.69	1207.93
1380.73	1293.84
1379.77	1254.54
1378.81	1285.65
1377.85	1361.08
1376.89	1457.35
1375.93	1415.43
1374.97	1522.09
1374.01	1623.5
1373.06	1646.72
1372.1	1698.59
1371.14	1719.19
1370.18	1799.68
1369.22	1783.8
1368.26	1937.16
1367.3	1968.12
1366.33	2040.72
1365.37	2147.14
1364.41	2172.85
1363.45	2310.44
1362.49	2245.07
1361.53	2416.43
1360.57	2426.48
1359.61	2511.95
1358.65	2576.59
1357.68	2721.8
1356.72	2682.42
1355.76	2788.59
1354.8	2803.78
1353.84	2834.56
1352.87	2971.83
1351.91	2927.25
1350.95	2882.68
1349.99	2793.98
1349.02	2829.93
1348.06	2961.92
1347.1	2925.16
1346.13	2880.62
1345.17	2900.97
1344.21	2887.58
1343.24	2822.31
1342.28	2767.44
1341.32	2720.37
1340.35	2631.82
1339.39	2779.22
1338.42	2550.71
1337.46	2609.95
1336.49	2500.74
1335.53	2482.24
1334.56	2365.31
1333.6	2419.36
1332.63	2299.88
1331.67	2255.53
1330.7	2185.3
1329.74	2091.78
1328.77	1972.41
1327.8	1884.14
1326.84	1909.74
1325.87	1855.14
1324.91	1841.94
1323.94	1727.86
1322.97	1668.13
1322.01	1673.06
1321.04	1703.85
1320.07	1589.86
1319.1	1548.27
1318.14	1473.1
1317.17	1493.57
1316.2	1449.43
1315.23	1441.47
1314.27	1451.6
1313.3	1391.99
1312.33	1373.72
1311.36	1316.72
1310.39	1313.95
1309.42	1223.42
1308.46	1238.73
1307.49	1225.65
1306.52	1256.44
1305.55	1176.29
1304.58	1140.01
1303.61	1067.64
1302.64	1134.53
1301.67	1080.22
1300.7	1103.27
1299.73	1048.99
1298.76	1061.72
1297.79	1025.5
1296.82	1097.48
1295.85	1050.96
1294.88	1035.36
1293.91	1030.06
1292.94	988.714
1291.97	1016.89
1290.99	1047.63
1290.02	947.11
1289.05	988.147
1288.08	1003.44
1287.11	964.71
1286.14	969.716
1285.16	951.575
1284.19	918.009
1283.22	874.169
1282.25	953.736
1281.27	891.91
1280.3	896.922
1279.33	919.92
1278.36	888.957
1277.38	904.243
1276.41	927.23
1275.44	837.212
1274.46	867.905
1273.49	852.376
1272.51	911.295
1271.54	849.565
1270.57	893.07
1269.59	898.073
1268.62	813.281
1267.64	815.729
1266.67	841.261
1265.69	871.913
1264.72	805.122
1263.74	848.589
1262.77	843.341
1261.79	886.79
1260.82	820.035
1259.84	801.982
1258.87	847.98
1257.89	811.997
1256.91	829.809
1255.94	793.839
1254.96	809.087
1253.98	778.251
1253.01	806.295
1252.03	829.213
1251.05	829.094
1250.08	836.65
1249.1	785.366
1248.12	726.423
1247.14	774.911
1246.17	828.498
1245.19	731.224
1244.21	779.69
1243.23	720.79
1242.25	769.243
1241.28	812.572
1240.3	776.687
1239.32	761.248
1238.34	789.234
1237.36	858.073
1236.38	717.512
1235.4	768.47
1234.42	742.832
1233.44	727.412
1232.46	765.586
1231.49	788.441
1230.51	765.366
1229.53	757.604
1228.54	788.101
1227.56	765.036
1226.58	724.13
1225.6	706.18
1224.62	782.549
1223.64	746.756
1222.66	721.165
1221.68	761.828
1220.7	728.601
1219.72	695.382
1218.74	725.844
1217.75	684.997
1216.77	781.65
1215.79	784.083
1214.81	715.245
1213.82	760.952
1212.84	781.2
1211.86	699.671
1210.88	752.992
1209.89	737.623
1208.91	699.369
1207.93	724.697
1206.94	691.541
1205.96	666.021
1204.98	704.05
1203.99	721.738
1203.01	696.225
1202.03	754.559
1201.04	718.887
1200.06	698.464
1199.07	713.601
1198.09	721.115
1197.1	743.861
1196.12	718.37
1195.13	725.88
1194.15	708.012
1193.16	695.224
1192.18	677.365
1191.19	684.877
1190.21	720.286
1189.22	725.254
1188.23	737.827
1187.25	758.001
1186.26	737.614
1185.28	732.439
1184.29	706.993
1183.3	706.892
1182.32	714.39
1181.33	714.287
1180.34	749.64
1179.35	698.888
1178.37	726.638
1177.38	706.281
1176.39	675.806
1175.4	744.039
1174.42	743.932
1173.43	703.344
1172.44	695.654
1171.45	642.439
1170.46	771.321
1169.47	690.296
1168.48	720.535
1167.5	695.153
1166.51	768.349
1165.52	697.48
1164.53	722.647
1163.54	737.701
1162.55	707.282
1161.56	697.078
1160.57	702.028
1159.58	694.352
1158.59	701.826
1157.6	696.676
1156.61	701.623
1155.62	784.797
1154.63	678.713
1153.64	764.388
1152.64	746.622
1151.65	680.942
1150.66	776.666
1149.67	721.086
1148.68	693.252
1147.69	700.714
1146.69	703.133
1145.7	708.071
1144.71	738.203
1143.72	728.02
1142.72	720.359
1141.73	735.365
1140.74	710.079
1139.75	727.6
1138.75	714.909
1137.76	697.187
1136.77	707.153
1135.77	762.407
1134.78	691.854
1133.79	724.455
1132.79	729.381
1131.8	694.069
1130.8	769.401
1129.81	719.009
1128.81	733.987
1127.82	736.395
1126.82	726.237
1125.83	703.519
1124.83	705.93
1123.84	718.387
1122.84	725.818
1121.85	720.691
1120.85	753.227
1119.86	720.483
1118.86	750.499
1117.86	757.92
1116.87	715.152
1115.87	715.049
1114.87	745.049
1113.88	724.876
1112.88	717.247
1111.88	719.651
1110.89	691.969
1109.89	719.444
1108.89	691.769
1107.89	731.766
1106.9	706.604
1105.9	749.092
1104.9	716.419
1103.9	736.353
1102.9	761.289
1101.91	671.039
1100.91	758.565
1099.91	690.871
1098.91	715.799
1097.91	753.232
1096.91	700.58
1095.91	720.492
1094.91	672.863
1093.91	737.791
1092.91	740.185
1091.91	747.579
1090.91	739.971
1089.91	717.368
1088.91	734.759
1087.91	729.655
1086.91	742.042
1085.91	716.954
1084.91	731.837
1083.91	716.747
1082.91	746.607
1081.91	671.6
1080.91	688.977
1079.9	658.926
1078.9	741.185
1077.9	678.697
1076.9	691.074
1075.9	710.93
1074.89	735.768
1073.89	735.662
1072.89	675.714
1071.89	690.574
1070.88	750.299
1069.88	675.421
1068.88	782.478
1067.87	712.599
1066.87	724.953
1065.87	692.466
1064.86	697.347
1063.86	704.717
1062.85	667.268
1061.85	682.108
1060.85	721.835
1059.84	709.287
1058.84	736.556
1057.83	659.322
1056.83	728.88
1055.82	706.389
1054.82	688.879
1053.81	688.779
1052.8	708.569
1051.8	745.754
1050.79	703.393
1049.79	735.598
1048.78	762.824
1047.78	765.198
1046.77	740.247
1045.76	725.238
1044.76	787.216
1043.75	782.136
1042.74	742.301
1041.73	757.087
1040.73	791.724
1039.72	801.536
1038.71	801.42
1037.7	826.112
1036.7	907.847
1035.69	922.597
1034.68	969.578
1033.67	974.397
1032.66	929.633
1031.65	981.55
1030.65	1001.23
1029.64	1045.69
1028.63	1057.93
1027.62	1005.75
1026.61	1092.3
1025.6	1129.29
1024.59	1156.36
1023.58	1148.77
1022.57	1151.08
1021.56	1131.11
1020.55	1192.81
1019.54	1217.38
1018.53	1261.74
1017.52	1199.72
1016.51	1286.11
1015.5	1337.85
1014.49	1303.04
1013.47	1334.99
1012.46	1366.93
1011.45	1473.01
1010.44	1401.13
1009.43	1447.88
1008.42	1472.37
1007.4	1551.2
1006.39	1508.99
1005.38	1558.16
1004.37	1612.25
1003.35	1691.01
1002.34	1678.43
1001.33	1695.46
1000.32	1791.45
999.302	1887.41
998.289	1931.54
997.275	1926.32
996.261	2019.76
995.247	2130.42
994.233	2334.75
993.219	2410.82
992.205	2580.54
991.19	2688.59
990.176	2993.74
989.161	3170.69
988.146	3286
987.131	3475.17
986.116	3632.27
985.101	3708.07
984.085	3663.22
983.069	3738.99
982.054	3763.06
981.038	3860.95
980.022	3867.77
979.005	3975.45
977.989	3947.82
976.972	3920.19
975.956	3902.41
974.939	4000.19
973.922	3881.61
972.905	3954.79
971.888	3811.67
970.87	3902.04
969.853	3766.34
968.835	3932.84
967.817	3858.58
966.799	3779.44
965.781	3837.82
964.763	3856.9
963.744	3748.34
962.725	3823.88
961.707	3801.24
960.688	3778.6
959.669	3876.19
958.65	3777.51
957.63	3730.36
956.611	3840.17
955.591	3783.22
954.571	3684.61
953.551	3684.07
952.531	3712.95
951.511	3719.76
950.491	3738.82
949.47	3811.77
948.45	3720.59
947.429	3746.99
946.408	3734.2
945.387	3750.8
944.365	3779.63
943.344	3908.8
942.322	3966.97
941.301	3807.34
940.279	3855.72
939.257	3693.71
938.235	3499.96
937.212	3325.82
936.19	3022.15
935.167	2860.35
934.145	2791.5
933.122	2475.81
932.099	2394.81
931.075	2147.68
930.052	1991.02
929.029	1866.16
928.005	1631.43
926.981	1579.91
925.957	1420.98
924.933	1318.25
923.909	1261.92
922.885	1286.14
921.86	1144.42
920.835	1188.17
919.81	1119.7
918.785	1148.8
917.76	1143.76
916.735	1150.91
915.71	1045.9
914.684	1062.82
913.658	1077.29
912.632	1111.25
911.606	1037.99
910.58	1028.09
909.554	1047.43
908.527	1018.05
907.501	1059.3
906.474	1032.36
905.447	1114.98
904.42	1029.63
903.393	1068.42
902.366	1058.53
901.338	987.817
900.31	985.241
899.283	1079.96
898.255	1016.57
897.226	1011.56
896.198	1050.31
895.17	1074.47
894.141	1071.88
893.112	1032.84
892.084	1030.26
891.055	988.811
890.025	1044.54
888.996	1037.1
887.967	1087.95
886.937	983.379
885.907	990.519
884.877	1041.35
883.847	1024.21
882.817	1043.47
881.787	1019.06
880.756	965.539
879.726	1013.91
878.695	1021.04
877.664	1025.74
876.633	1015.89
875.601	1013.32
874.57	1044.68
873.538	1013.03
872.507	1003.19
871.475	1000.62
870.443	1012.58
869.411	1051.19
868.378	985.649
867.346	992.77
866.313	1036.2
865.281	1023.95
864.248	1045.58
863.215	989.772
862.181	982.369
861.148	1028.19
860.114	994.177
859.081	996.451
858.047	1049.51
857.013	993.743
855.979	1005.69
854.945	991.036
853.91	1019.89
852.876	942.418
851.841	995.435
850.806	978.38
849.771	975.822
848.736	975.68
847.7	1009.34
846.665	985.053
845.629	1052.5
844.594	970.284
843.558	972.556
842.522	1042.39
841.485	1039.82
840.449	1010.73
839.412	962.341
838.376	986.316
837.339	1031.98
836.302	1039.07
835.265	1058.2
834.227	1074.92
833.19	1057.89
832.152	1036.05
831.115	1057.58
830.077	1028.52
829.039	1021.15
828.001	1006.55
826.962	1117.16
825.924	1085.7
824.885	1090.35
823.846	1063.72
822.807	988.974
821.768	1070.63
820.729	1082.5
819.69	1111.21
818.65	1031.68
817.61	995.466
816.57	1009.75
815.53	1045.66
814.49	1026.28
813.45	1050.16
812.409	1059.61
811.369	1057.06
810.328	968.027
809.287	1080.77
808.246	1049.39
807.205	1042.03
806.163	1003.47
805.122	1053.73
804.08	971.98
803.038	1053.42
801.996	1024.48
800.954	1024.33
799.912	1040.97
798.869	968.872
797.827	968.731
796.784	1026.13
795.741	1028.38
794.698	997.068
793.655	1006.51
792.612	951.251
791.568	965.487
790.524	917.438
789.481	936.464
788.437	981.827
787.392	996.05
786.348	974.358
785.304	950.279
784.259	976.467
783.214	928.465
782.17	906.796
781.124	973.647
780.079	904.139
779.034	901.616
777.988	901.484
776.943	918.088
775.897	913.173
774.851	915.43
773.805	819.704
772.759	857.815
771.712	883.97
770.666	857.565
769.619	866.993
768.572	907.463
767.525	871.515
766.478	904.811
765.431	866.486
764.383	842.493
763.335	942.595
762.288	825.545
761.24	880.293
760.192	908.788
759.143	875.266
758.095	860.831
757.046	815.405
755.998	853.427
754.949	893.823
753.9	810.281
752.851	819.693
751.801	800.514
750.752	812.307
749.702	845.533
748.652	783.492
747.602	809.57
746.552	840.401
745.502	797.431
744.452	859.196
743.401	816.235
742.35	775.667
741.3	873.093
740.249	758.79
739.197	780.083
738.146	884.599
737.095	827.407
736.043	805.891
734.991	817.657
733.939	793.772
732.887	815.042
731.835	788.788
730.782	807.677
729.73	807.559
728.677	838.313
727.624	869.059
726.571	838.068
725.518	823.702
724.465	780.86
723.411	851.938
722.358	823.341
721.304	747.304
720.25	832.588
719.196	846.696
718.142	820.487
717.087	806.141
716.033	803.652
714.978	805.905
713.923	808.157
712.868	853.061
711.813	817.397
710.758	874.132
709.702	845.581
708.646	869.139
707.591	831.126
706.535	823.902
705.479	868.757
704.422	837.861
703.366	863.77
702.309	868.376
701.253	832.761
700.196	858.659
699.139	823.057
698.081	820.572
697.024	877.197
695.967	848.7
694.909	919.487
693.851	841.361
692.793	954.663
691.735	942.71
690.677	926.035
689.618	897.556
688.56	925.764
687.501	935.073
686.442	1062.43
685.383	979.651
684.324	974.787
683.265	979.363
682.205	972.141
681.145	1016.82
680.086	1061.49
679.026	1033.04
677.965	997.511
676.905	1032.73
675.845	1058.51
674.784	1105.5
673.723	1084.13
672.662	1102.82
671.601	1069.67
670.54	1053.03
669.479	1069.36
668.417	1071.56
667.355	1029.02
666.294	1087.72
665.232	1104.04
664.169	1106.23
663.107	1035.47
662.045	1016.5
660.982	995.173
659.919	1025.61
658.856	1051.33
657.793	997.086
656.73	1025.16
655.667	942.722
654.603	987.245
653.539	989.45
652.475	979.906
651.411	972.713
650.347	1045.4
649.283	960.683
648.218	976.982
647.154	1005.02
646.089	950.869
645.024	953.077
643.959	997.532
642.893	955.144
641.828	994.893
640.762	964.248
639.697	968.798
638.631	954.583
637.565	959.133
636.498	980.094
635.432	1010.43
634.366	961.054
633.299	977.319
632.232	949.055
631.165	1014.52
630.098	993.287
629.03	1049.36
627.963	1014.07
626.895	1009.24
625.828	1039.53
624.76	1058.1
623.692	1074.33
622.623	1095.24
621.555	1095.08
620.486	1153.4
619.418	1141.54
618.349	1057.17
617.28	1122.49
616.21	1122.33
615.141	1012.29
614.072	984.087
613.002	1054.06
611.932	1081.94
610.862	1004.68
609.792	978.837
608.722	997.379
607.651	938.846
606.58	957.389
605.51	999.274
604.439	957.108
603.368	889.279
602.296	933.489
601.225	865.684
600.153	846.892
599.082	865.429
598.01	818.655
596.938	937.467
595.866	874.374
594.793	860.258
593.721	909.082
592.648	850.682
591.575	843.566
590.502	850.432
589.429	850.307
588.356	803.596
587.282	903.622
586.209	863.903
585.135	910.34
584.061	817.091
582.987	891.452
581.913	891.321
580.838	812.076
579.764	811.957
578.689	865.339
577.614	846.605
576.539	867.41
575.464	881.233
574.389	864.83
573.313	855.405
572.237	864.575
571.162	894.657
570.086	880.585
569.009	931.564
567.933	943.04
566.857	926.644
565.78	870.778
564.703	910.119
563.626	937.842
562.549	958.593
561.472	953.811
560.394	955.991
559.317	962.81
558.239	960.349
557.161	1029.79
556.083	1020.36
555.005	1073.54
553.927	1103.52
552.848	1103.36
551.769	1128.69
550.691	1133.16
549.612	1216.4
548.532	1218.54
547.453	1248.47
546.374	1333.97
545.294	1359.25
544.214	1412.3
543.134	1453.76
542.054	1495.21
540.974	1552.84
539.893	1656.74
538.813	1728.21
537.732	1755.72
536.651	1926.61
535.57	2180.7
534.489	2300.61
533.407	2499.09
532.326	2794.59
531.244	3170.9
530.162	3611.8
529.08	4332.13
527.998	5269.41
526.916	6795.4
525.833	8976.83
524.751	12887.1
523.668	20178.6
522.585	34668
521.502	62237.5
520.418	91686.7
519.335	91308.6
518.251	65239.2
517.167	38012.5
516.083	22318.9
514.999	14422
513.915	10002.1
512.831	7464.77
511.746	5741.81
510.661	4865.19
509.576	4053.34
508.491	3435.27
507.406	3059.27
506.321	2722.53
505.235	2406.62
504.149	2247.38
503.064	2072.07
501.978	1938.25
500.891	1822.89
499.805	1790.4
498.719	1681.99
497.632	1640.33
496.545	1603.29
495.458	1485.75
494.371	1536.12
493.284	1446.23
492.196	1356.36
491.108	1395.23
490.021	1330.67
488.933	1383.33
487.845	1213.11
486.756	1229.01
485.668	1260.98
484.579	1226.35
483.491	1226.17
482.402	1205.32
481.313	1170.71
480.223	1108.57
479.134	1172.66
478.044	1099.06
476.955	1089.73
475.865	1094.15
474.775	1077.94
473.684	1130.52
472.594	1036.35
471.504	1100.38
470.413	1026.87
469.322	1042.76
468.231	1060.94
467.14	1028.71
466.048	1001.07
464.957	973.434
463.865	982.45
462.774	982.305
461.682	945.529
460.589	929.366
459.497	961.271
458.405	958.84
457.312	999.884
456.219	931.104
455.126	972.139
454.033	1031.46
452.94	1056.46
451.846	1044.87
450.753	1143.02
449.659	1083.42
448.565	1206.67
447.471	1167.65
446.377	1146.91
445.282	1247.25
444.188	1217.38
443.093	1260.58
441.998	1262.68
440.903	1305.87
439.808	1321.66
438.713	1378.52
437.617	1392.01
436.521	1394.08
435.425	1434.94
434.329	1457.54
433.233	1471.01
432.137	1479.91
431.04	1486.53
429.944	1449.84
428.847	1397.2
427.75	1490.43
426.653	1421.85
425.555	1451.26
424.458	1387.26
423.36	1366.56
422.262	1423.28
421.164	1325.17
420.066	1340.91
418.968	1459.07
417.87	1397.41
416.771	1331.21
415.672	1356.04
414.573	1367.21
413.474	1401.13
412.375	1359.99
411.275	1421.18
410.176	1370.95
409.076	1370.75
407.976	1316
406.876	1315.8
405.776	1349.69
404.675	1331.31
403.575	1328.84
402.474	1342.28
401.373	1362.51
400.272	1378.21
399.171	1371.19
398.069	1398.23
396.968	1327.66
395.866	1375.12
394.764	1449.79
393.662	1426.89
392.56	1406.26
391.458	1367.5
390.355	1405.85
389.252	1394.3
388.149	1387.29
387.046	1464.15
385.943	1366.49
384.84	1377.61
383.736	1370.61
382.633	1379.47
381.529	1413.24
380.425	1440.2
379.321	1492.06
378.216	1453.36
377.112	1455.41
376.007	1466.51
374.902	1466.29
373.797	1477.38
372.692	1445.5
371.587	1461.11
370.481	1499.34
369.376	1483.29
368.27	1408.47
367.164	1460.25
366.058	1552.69
364.951	1489.19
363.845	1588.38
362.738	1538.45
361.632	1540.48
360.525	1486.05
359.417	1526.47
358.31	1544.31
357.203	1564.4
356.095	1548.36
354.987	1627.12
353.879	1611.09
352.771	1635.66
351.663	1644.44
350.555	1576.54
349.446	1612.38
348.337	1609.89
347.228	1634.45
346.119	1564.33
345.01	1609.17
343.9	1622.45
342.791	1615.45
341.681	1707.58
340.571	1666.78
339.461	1743.1
338.351	1666.28
337.24	1785.36
336.13	1791.85
335.019	1717.31
333.908	1795.82
332.797	1793.3
331.686	1741.29
330.574	1842.26
329.463	1826.24
328.351	1776.49
327.239	1843.68
326.127	1836.66
325.015	1822.91
323.902	1914.78
322.79	1930.22
321.677	1905.22
320.564	1985.81
319.451	1967.55
318.338	1947.04
317.225	2023.1
316.111	2027.28
314.997	2123.51
313.883	2089.52
312.769	2196.93
311.655	2162.95
310.541	2149.16
309.426	2292.4
308.312	2361.58
307.197	2437.47
306.082	2560.42
304.966	2634.02
303.851	2770.35
302.735	2832.69
301.62	2812.1
300.504	2860.97
299.388	2759.75
