3199.16	450.227
3198.45	510.494
3197.75	506.88
3197.04	538.708
3196.33	513.828
3195.63	499.586
3194.92	520.773
3194.22	549.04
3193.51	563.132
3192.81	541.808
3192.1	520.489
3191.39	559.361
3190.69	492.029
3189.98	541.512
3189.27	520.205
3188.57	488.289
3187.86	470.533
3187.15	544.753
3186.45	516.384
3185.74	519.85
3185.03	480.884
3184.33	494.96
3183.62	562.056
3182.91	554.911
3182.2	487.689
3181.5	508.824
3180.79	522.886
3180.08	529.88
3179.37	536.872
3178.67	476.762
3177.96	572.036
3177.25	515.468
3176.54	536.578
3175.83	522.387
3175.12	561.136
3174.42	486.957
3173.71	518.644
3173	529.157
3172.29	511.448
3171.58	514.905
3170.87	472.52
3170.16	504.187
3169.45	468.865
3168.74	489.95
3168.04	482.835
3167.33	518.007
3166.62	539.077
3165.91	556.618
3165.2	472.004
3164.49	496.593
3163.78	503.568
3163.07	485.894
3162.36	535.115
3161.65	499.841
3160.94	489.215
3160.23	552.491
3159.52	499.637
3158.81	566.412
3158.09	488.947
3157.38	552.189
3156.67	502.88
3155.96	520.392
3155.25	541.415
3154.54	537.826
3153.83	513.15
3153.12	541.194
3152.41	495.441
3151.69	498.886
3150.98	509.357
3150.27	561.972
3149.56	477.611
3148.85	505.637
3148.13	512.589
3147.42	565.175
3146.71	508.939
3146	512.379
3145.28	533.363
3144.57	536.799
3143.86	508.661
3143.15	515.607
3142.43	533.072
3141.72	540.012
3141.01	473.322
3140.3	469.752
3139.58	501.234
3138.87	536.212
3138.16	529.131
3137.44	588.621
3136.73	539.496
3136.01	546.427
3135.3	514.832
3134.59	528.769
3133.87	570.713
3133.16	514.621
3132.44	532.053
3131.73	542.48
3131.02	503.912
3130.3	584.318
3129.59	545.756
3128.87	531.689
3128.16	524.622
3127.44	514.059
3126.73	555.947
3126.01	478.958
3125.3	552.3
3124.58	513.778
3123.87	559.138
3123.15	426.284
3122.43	545.01
3121.72	496.032
3121	492.471
3120.29	548.279
3119.57	579.63
3118.86	509.725
3118.14	450.312
3117.42	589.863
3116.71	537.435
3115.99	551.319
3115.27	505.888
3114.56	530.238
3113.84	481.335
3113.12	523.118
3112.41	516.073
3111.69	522.975
3110.97	536.848
3110.25	554.202
3109.54	540.186
3108.82	526.174
3108.1	574.88
3107.38	501.645
3106.67	508.542
3105.95	494.542
3105.23	546.708
3104.51	532.706
3103.8	483.896
3103.08	581.292
3102.36	501.165
3101.64	511.536
3100.92	514.945
3100.2	518.354
3099.48	525.24
3098.77	518.212
3098.05	504.231
3097.33	521.547
3096.61	493.664
3095.89	517.929
3095.17	521.334
3094.45	465.661
3093.73	503.818
3093.01	472.482
3092.29	534.943
3091.57	510.558
3090.85	475.761
3090.13	545.14
3089.41	524.235
3088.69	548.463
3087.97	492.855
3087.25	524.02
3086.53	534.358
3085.81	513.469
3085.09	548.088
3084.37	537.608
3083.65	509.79
3082.93	520.123
3082.21	537.387
3081.48	568.513
3080.76	575.367
3080.04	499.045
3079.32	550.954
3078.6	564.737
3077.88	516.161
3077.16	533.409
3076.43	498.704
3075.71	477.859
3074.99	540.115
3074.27	470.805
3073.54	522.661
3072.82	487.981
3072.1	522.518
3071.38	474.008
3070.65	491.24
3069.93	505.009
3069.21	539.524
3068.49	511.787
3067.76	518.632
3067.04	553.131
3066.32	559.969
3065.59	539.156
3064.87	535.626
3064.15	476.815
3063.42	532.025
3062.7	573.403
3061.98	535.333
3061.25	517.994
3060.53	504.111
3059.8	542.018
3059.08	497.07
3058.35	597.092
3057.63	503.836
3056.91	524.47
3056.18	510.598
3055.46	527.776
3054.73	503.56
3054.01	582.808
3053.28	537.903
3052.56	551.62
3051.83	472.26
3051.11	544.576
3050.38	558.286
3049.65	554.764
3048.93	565.024
3048.2	551.168
3047.48	551.092
3046.75	530.354
3046.03	564.715
3045.3	506.108
3044.57	561.118
3043.85	543.831
3043.12	529.991
3042.39	529.919
3041.67	557.37
3040.94	546.974
3040.21	515.943
3039.49	533.068
3038.76	546.75
3038.03	526.045
3037.31	567.226
3036.58	529.339
3035.85	543.014
3035.12	525.758
3034.4	484.455
3033.67	525.614
3032.94	477.453
3032.21	576.987
3031.48	556.304
3030.76	528.76
3030.03	508.089
3029.3	583.536
3028.57	559.431
3027.84	562.787
3027.11	528.398
3026.39	569.494
3025.66	586.567
3024.93	545.33
3024.2	497.245
3023.47	497.177
3022.74	623.958
3022.01	541.603
3021.28	517.538
3020.55	551.736
3019.82	572.219
3019.09	544.733
3018.36	582.339
3017.63	561.709
3016.9	513.688
3016.17	616.341
3015.44	578.597
3014.71	605.903
3013.98	581.861
3013.25	537.292
3012.52	489.314
3011.79	554.252
3011.06	571.28
3010.33	543.839
3009.6	526.665
3008.87	451.365
3008.13	502.588
3007.4	485.427
3006.67	512.705
3005.94	560.48
3005.21	529.65
3004.48	577.41
3003.75	573.915
3003.01	570.421
3002.28	566.927
3001.55	560.02
3000.82	590.672
3000.08	498.418
2999.35	549.55
2998.62	573.365
2997.89	556.224
2997.15	593.68
2996.42	579.953
2995.69	620.805
2994.96	559.33
2994.22	528.563
2993.49	525.081
2992.76	593.192
2992.02	538.572
2991.29	582.805
2990.56	599.764
2989.82	517.907
2989.09	545.091
2988.35	572.267
2987.62	565.377
2986.89	640.219
2986.15	589.057
2985.42	565.145
2984.68	616.128
2983.95	599.025
2983.21	564.913
2982.48	513.796
2981.74	588.573
2981.01	500.048
2980.27	554.399
2979.54	595.133
2978.8	625.654
2978.07	601.769
2977.33	574.492
2976.6	621.998
2975.86	570.936
2975.13	686.389
2974.39	638.73
2973.65	597.878
2972.92	597.796
2972.18	519.604
2971.45	621.402
2970.71	638.293
2969.97	566.916
2969.24	580.416
2968.5	610.88
2967.76	620.976
2967.03	634.463
2966.29	583.49
2965.55	529.139
2964.82	576.547
2964.08	579.859
2963.34	562.827
2962.6	606.821
2961.87	583.011
2961.13	599.876
2960.39	633.681
2959.65	616.653
2958.91	586.079
2958.18	545.351
2957.44	616.4
2956.7	626.474
2955.96	595.915
2955.22	595.834
2954.48	599.137
2953.75	636.285
2953.01	609.125
2952.27	581.973
2951.53	646.172
2950.79	649.466
2950.05	622.32
2949.31	581.654
2948.57	645.818
2947.83	615.303
2947.09	621.979
2946.35	625.274
2945.61	628.567
2944.87	574.418
2944.13	604.746
2943.39	628.309
2942.65	597.825
2941.91	587.612
2941.17	577.402
2940.43	641.469
2939.69	627.879
2938.95	644.669
2938.21	617.582
2937.47	671.486
2936.73	543.188
2935.99	603.835
2935.25	566.65
2934.51	596.924
2933.76	579.983
2933.02	657.448
2932.28	623.648
2931.54	640.415
2930.8	620.107
2930.06	596.434
2929.31	636.783
2928.57	606.377
2927.83	663.554
2927.09	609.578
2926.34	609.495
2925.6	606.044
2924.86	585.762
2924.12	632.806
2923.37	612.526
2922.63	656.188
2921.89	608.994
2921.14	625.731
2920.4	558.371
2919.66	612.106
2918.91	645.65
2918.17	615.301
2917.43	598.407
2916.68	631.939
2915.94	611.687
2915.2	658.649
2914.45	695.519
2913.71	634.952
2912.96	634.865
2912.22	658.288
2911.47	591.035
2910.73	564.092
2909.99	584.158
2909.24	597.505
2908.5	614.205
2907.75	607.409
2907.01	627.458
2906.26	617.307
2905.52	570.26
2904.77	610.43
2904.02	610.346
2903.28	667.265
2902.53	566.595
2901.79	606.743
2901.04	626.77
2900.3	559.659
2899.55	599.792
2898.8	579.608
2898.06	636.476
2897.31	599.545
2896.56	656.395
2895.82	572.593
2895.07	585.906
2894.32	592.521
2893.58	595.787
2892.83	589.012
2892.08	609.009
2891.34	562.085
2890.59	588.77
2889.84	612.103
2889.09	632.085
2888.35	541.713
2887.6	555.012
2886.85	598.395
2886.1	601.656
2885.35	608.257
2884.61	598.149
2883.86	624.796
2883.11	557.896
2882.36	587.882
2881.61	591.141
2880.86	530.952
2880.11	637.723
2879.37	610.928
2878.62	607.507
2877.87	590.736
2877.12	620.688
2876.37	627.276
2875.62	597.165
2874.87	620.433
2874.12	573.655
2873.37	596.919
2872.62	570.163
2871.87	593.422
2871.12	586.673
2870.37	549.931
2869.62	613.172
2868.87	536.452
2868.12	626.33
2867.37	582.94
2866.62	552.884
2865.87	616.082
2865.12	532.754
2864.37	602.596
2863.62	585.869
2862.87	659.012
2862.11	575.724
2861.36	592.283
2860.61	608.836
2859.86	558.855
2859.11	588.713
2858.36	611.911
2857.6	565.275
2856.85	618.393
2856.1	585.065
2855.35	614.899
2854.6	601.521
2853.84	548.273
2853.09	578.099
2852.34	647.781
2851.59	604.513
2850.83	587.825
2850.08	594.385
2849.33	610.904
2848.57	590.902
2847.82	590.821
2847.07	567.509
2846.31	607.25
2845.56	607.167
2844.81	603.766
2844.05	587.099
2843.3	693.146
2842.55	623.414
2841.79	623.328
2841.04	609.982
2840.28	623.157
2839.53	642.957
2838.77	656.124
2838.02	622.901
2837.27	622.815
2836.51	626.042
2835.76	586.213
2835	682.165
2834.25	592.674
2833.49	638.94
2832.74	655.403
2831.98	592.43
2831.22	612.204
2830.47	612.12
2829.71	638.502
2828.96	631.799
2828.2	608.56
2827.45	634.932
2826.69	605.086
2825.93	628.146
2825.18	654.504
2824.42	621.363
2823.66	581.622
2822.91	657.539
2822.15	631.018
2821.39	594.595
2820.64	677.085
2819.88	627.456
2819.12	633.974
2818.37	653.695
2817.61	620.595
2816.85	617.209
2816.09	660.026
2815.34	673.134
2814.58	620.254
2813.82	676.248
2813.06	689.349
2812.3	649.68
2811.55	656.185
2810.79	623.125
2810.03	639.522
2809.27	619.658
2808.51	642.642
2807.75	622.783
2806.99	658.939
2806.24	606.141
2805.48	632.408
2804.72	661.961
2803.96	642.113
2803.2	648.609
2802.44	622.184
2801.68	599.058
2800.92	645.051
2800.16	694.322
2799.4	684.356
2798.64	608.598
2797.88	651.275
2797.12	605.142
2796.36	601.771
2795.6	677.31
2794.84	706.804
2794.08	657.402
2793.32	723.043
2792.56	650.649
2791.8	693.273
2791.04	673.467
2790.27	679.944
2789.51	673.282
2788.75	725.731
2787.99	633.696
2787.23	623.76
2786.47	656.499
2785.71	603.896
2784.94	698.979
2784.18	656.228
2783.42	744.717
2782.66	705.252
2781.9	669.077
2781.13	747.689
2780.37	695.124
2779.61	701.586
2778.85	727.713
2778.08	707.948
2777.32	711.128
2776.56	743.796
2775.79	674.894
2775.03	730.489
2774.27	759.866
2773.5	743.387
2772.74	684.346
2771.98	730.087
2771.21	815.097
2770.45	795.347
2769.69	664.334
2768.92	788.584
2768.16	768.846
2767.39	785.096
2766.63	788.259
2765.86	758.718
2765.1	784.772
2764.34	742.162
2763.57	768.212
2762.81	774.643
2762.04	810.486
2761.28	810.374
2760.51	846.202
2759.75	849.352
2758.98	859.034
2758.21	878.511
2757.45	839.206
2756.68	910.919
2755.92	894.471
2755.15	920.461
2754.39	910.543
2753.62	985.47
2752.85	998.386
2752.09	962.364
2751.32	1092.7
2750.55	1157.78
2749.79	1141.32
2749.02	1095.51
2748.25	1284.44
2747.49	1241.89
2746.72	1235.2
2745.95	1342.57
2745.18	1264.19
2744.42	1361.75
2743.65	1384.36
2742.88	1475.36
2742.11	1494.7
2741.35	1530.31
2740.58	1559.4
2739.81	1526.63
2739.04	1581.75
2738.27	1656.38
2737.51	1678.93
2736.74	1698.22
2735.97	1684.97
2735.2	1736.78
2734.43	1713.77
2733.66	1872.86
2732.89	1872.6
2732.12	1859.34
2731.36	1862.34
2730.59	1904.33
2729.82	1998.3
2729.05	1959.04
2728.28	2075.71
2727.51	2078.67
2726.74	2091.37
2725.97	2026.14
2725.2	2126.51
2724.43	2152.19
2723.66	2142.15
2722.89	2184.05
2722.12	2102.63
2721.35	2138.02
2720.58	2137.73
2719.8	2192.57
2719.03	2218.22
2718.26	2123.88
2717.49	2087.92
2716.72	2126.53
2715.95	2058.18
2715.18	2096.78
2714.41	2067.33
2713.63	2118.88
2712.86	2170.42
2712.09	2056.76
2711.32	2221.64
2710.55	1984.96
2709.77	2221.03
2709	1987.65
2708.23	2006.79
2707.46	2051.83
2706.69	1970.65
2705.91	2031.85
2705.14	2118.91
2704.37	2005.41
2703.59	1950.16
2702.82	1940.19
2702.05	1946.39
2701.27	1971.98
2700.5	2020.19
2699.73	1906.8
2698.95	1971.17
2698.18	2067.82
2697.41	1970.62
2696.63	2012.34
2695.86	2012.07
2695.08	1934.29
2694.31	2001.83
2693.53	2008.01
2692.76	1949.63
2691.99	2001
2691.21	1978.14
2690.44	2003.68
2689.66	2042.11
2688.89	1961.19
2688.11	1806.11
2687.34	1918.73
2686.56	2008.74
2685.79	1856.95
2685.01	1950.17
2684.23	1843.54
2683.46	1846.51
2682.68	1830.15
2681.91	1791.24
2681.13	1752.33
2680.35	1797.18
2679.58	1713.21
2678.8	1790.25
2678.02	1648.35
2677.25	1580.52
2676.47	1660.77
2675.69	1596.18
2674.92	1669.96
2674.14	1528.18
2673.36	1550.48
2672.59	1498.81
2671.81	1463.23
2671.03	1517.69
2670.25	1424.24
2669.48	1427.26
2668.7	1465.63
2667.92	1407.59
2667.14	1333.49
2666.36	1336.52
2665.59	1397.37
2664.81	1416.45
2664.03	1287.79
2663.25	1297.25
2662.47	1203.96
2661.69	1290.47
2660.91	1206.84
2660.13	1245.19
2659.36	1267.48
2658.58	1219.18
2657.8	1142.02
2657.02	1186.77
2656.24	1128.88
2655.46	1260.19
2654.68	1211.92
2653.9	1166.88
2653.12	1080.17
2652.34	1112.07
2651.56	1179.21
2650.78	1169.44
2650	1130.83
2649.22	1098.65
2648.44	1021.63
2647.66	1085.54
2646.88	1034.16
2646.09	1046.82
2645.31	1081.89
2644.53	1107.34
2643.75	1084.79
2642.97	1055.84
2642.19	1033.3
2641.41	1081.14
2640.62	1026.62
2639.84	1036.07
2639.06	965.591
2638.28	1026.2
2637.5	1070.81
2636.71	961.996
2635.93	952.276
2635.15	1028.83
2634.37	964.793
2633.58	999.796
2632.8	964.527
2632.02	961.2
2631.24	938.717
2630.45	938.588
2629.67	948.034
2628.89	970.245
2628.1	931.817
2627.32	909.354
2626.54	870.945
2625.75	925.052
2624.97	960.008
2624.18	924.797
2623.4	899.161
2622.62	889.473
2621.83	914.852
2621.05	854.169
2620.26	838.117
2619.48	888.983
2618.69	892.046
2617.91	875.996
2617.12	831.285
2616.34	799.325
2615.55	767.373
2614.77	872.329
2613.98	881.758
2613.2	802.066
2612.41	846.509
2611.63	766.844
2610.84	782.646
2610.05	795.262
2609.27	823.778
2608.48	744.16
2607.7	747.237
2606.91	763.03
2606.12	769.283
2605.34	800.961
2604.55	788.138
2603.76	714.946
2602.98	746.619
2602.19	705.219
2601.4	749.589
2600.62	695.497
2599.83	698.576
2599.04	739.754
2598.25	711.081
2597.47	723.679
2596.68	695.017
2595.89	688.575
2595.1	688.48
2594.31	697.902
2593.53	688.29
2592.74	685.024
2591.95	722.981
2591.16	634.106
2590.37	732.291
2589.58	706.833
2588.79	709.905
2588.01	684.457
2587.22	697.036
2586.43	700.107
2585.64	642.996
2584.85	671.411
2584.06	690.318
2583.27	680.724
2582.48	680.63
2581.69	680.536
2580.9	661.453
2580.11	702.499
2579.32	629.631
2578.53	654.852
2577.74	680.066
2576.95	689.46
2576.16	676.716
2575.37	701.917
2574.58	701.82
2573.79	638.505
2572.99	654.219
2572.2	679.409
2571.41	644.56
2570.62	701.336
2569.83	732.826
2569.04	660.084
2568.25	618.941
2567.45	640.958
2566.66	640.869
2565.87	653.407
2565.08	643.848
2564.29	640.604
2563.49	681.533
2562.7	659.356
2561.91	640.338
2561.12	583.479
2560.32	646.468
2559.53	586.471
2558.74	684.121
2557.94	608.374
2557.15	658.718
2556.36	560.936
2555.56	645.933
2554.77	658.445
2553.98	617.404
2553.18	601.571
2552.39	664.471
2551.6	617.148
2550.8	686.325
2550.01	626.422
2549.21	594.861
2548.42	651.424
2547.62	663.92
2546.83	688.998
2546.03	648.009
2545.24	641.629
2544.44	669.843
2543.65	622.585
2542.85	584.772
2542.06	650.705
2541.26	622.327
2540.47	615.956
2539.67	659.862
2538.88	637.778
2538.08	722.506
2537.29	603.052
2536.49	615.53
2535.69	668.826
2534.9	602.802
2534.1	621.554
2533.3	637.161
2532.51	602.552
2531.71	677.777
2530.91	583.561
2530.12	624.261
2529.32	624.175
2528.52	617.816
2527.73	680.445
2526.93	642.728
2526.13	667.718
2525.33	623.744
2524.54	633.059
2523.74	654.907
2522.94	639.151
2522.14	626.532
2521.34	689.089
2520.54	642.017
2519.75	648.191
2518.95	682.542
2518.15	626.099
2517.35	582.191
2516.55	622.796
2515.75	585.16
2514.95	606.98
2514.15	569.356
2513.36	644.347
2512.56	556.689
2511.76	656.677
2510.96	653.459
2510.16	562.71
2509.36	618.896
2508.56	693.817
2507.76	653.098
2506.96	618.639
2506.16	668.538
2505.36	674.692
2504.56	705.83
2503.76	665.138
2502.96	652.556
2502.15	621.248
2501.35	655.497
2500.55	674.133
2499.75	624.111
2498.95	670.826
2498.15	645.776
2497.35	626.971
2496.55	676.785
2495.74	629.916
2494.94	595.531
2494.14	660.917
2493.34	682.645
2492.54	670.084
2491.73	629.48
2490.93	694.825
2490.13	651.114
2489.33	651.024
2488.52	607.33
2487.72	641.501
2486.92	672.549
2486.11	669.343
2485.31	635.01
2484.51	690.944
2483.71	644.17
2482.9	631.634
2482.1	675.102
2481.29	699.894
2480.49	678.025
2479.69	674.822
2478.88	705.822
2478.08	693.289
2477.27	655.891
2476.47	615.395
2475.67	683.678
2474.86	699.119
2474.06	689.702
2473.25	702.032
2472.45	658.452
2471.64	670.783
2470.84	711.056
2470.03	698.539
2469.23	751.213
2468.42	738.694
2467.61	719.972
2466.81	620.58
2466	691.851
2465.2	694.857
2464.39	645.135
2463.58	769.093
2462.78	725.576
2461.97	703.773
2461.17	697.476
2460.36	765.568
2459.55	731.372
2458.75	647.609
2457.94	731.17
2457.13	731.069
2456.32	734.065
2455.52	696.8
2454.71	675.029
2453.9	743.048
2453.09	736.754
2452.29	736.652
2451.48	680.844
2450.67	690.033
2449.86	702.313
2449.06	686.749
2448.25	729.956
2447.44	655.632
2446.63	754.491
2445.82	769.845
2445.01	618.264
2444.2	720.178
2443.39	707.716
2442.59	719.978
2441.78	664.266
2440.97	651.817
2440.16	722.768
2439.35	667.078
2438.54	663.898
2437.73	663.806
2436.92	688.41
2436.11	716.094
2435.3	654.272
2434.49	666.524
2433.68	626.322
2432.87	687.934
2432.06	663.162
2431.25	700.079
2430.44	662.979
2429.63	681.386
2428.81	662.795
2428	591.809
2427.19	647.202
2426.38	597.808
2425.57	647.023
2424.76	677.739
2423.95	631.442
2423.14	588.238
2422.32	615.87
2421.51	652.732
2420.7	575.679
2419.89	643.317
2419.07	680.16
2418.26	609.289
2417.45	621.512
2416.64	572.204
2415.82	584.429
2415.01	633.556
2414.2	627.318
2413.39	636.455
2412.57	590.253
2411.76	580.95
2410.95	639.264
2410.13	590.008
2409.32	596.071
2408.5	534.546
2407.69	611.264
2406.88	577.396
2406.06	632.59
2405.25	623.292
2404.43	577.156
2403.62	580.145
2402.8	586.203
2401.99	626.015
2401.18	601.382
2400.36	573.688
2399.55	582.81
2398.73	619.534
2397.91	637.847
2397.1	558.039
2396.28	662.196
2395.47	588.537
2394.65	539.418
2393.84	597.567
2393.02	576.036
2392.21	588.211
2391.39	588.129
2390.57	542.106
2389.76	652.275
2388.94	594.008
2388.12	557.188
2387.31	627.515
2386.49	590.701
2385.67	612.04
2384.86	608.895
2384.04	617.989
2383.22	538.371
2382.4	556.647
2381.59	568.803
2380.77	635.992
2379.95	620.618
2379.13	651.1
2378.32	595.994
2377.5	556.184
2376.68	595.829
2375.86	546.865
2375.04	583.445
2374.22	629.178
2373.41	601.606
2372.59	580.149
2371.77	589.227
2370.95	607.461
2370.13	619.585
2369.31	555.413
2368.49	558.387
2367.67	610.175
2366.85	588.737
2366.03	549.005
2365.21	622.119
2364.39	594.59
2363.57	591.459
2362.75	615.763
2361.93	560.816
2361.11	582.07
2360.29	603.319
2359.47	575.815
2358.65	624.475
2357.83	566.518
2357.01	548.167
2356.19	599.855
2355.37	551.06
2354.54	599.689
2353.72	575.256
2352.9	636.041
2352.08	596.396
2351.26	641.95
2350.44	526.265
2349.61	553.566
2348.79	516.995
2347.97	632.471
2347.15	598.94
2346.33	583.657
2345.5	562.3
2344.68	613.886
2343.86	565.183
2343.04	604.601
2342.21	568.063
2341.39	549.76
2340.57	607.386
2339.74	570.863
2338.92	649.722
2338.1	631.418
2337.27	555.449
2336.45	613.034
2335.62	576.536
2334.8	637.135
2333.98	588.51
2333.15	564.163
2332.33	588.346
2331.5	682.266
2330.68	739.777
2329.85	691.171
2329.03	685.013
2328.2	621.275
2327.38	603.007
2326.55	599.894
2325.73	614.957
2324.9	620.93
2324.08	599.644
2323.25	617.729
2322.43	599.477
2321.6	590.312
2320.77	614.445
2319.95	581.069
2319.12	587.04
2318.3	605.112
2317.47	583.852
2316.64	577.721
2315.82	604.86
2314.99	559.417
2314.16	580.504
2313.34	613.677
2312.51	568.252
2311.68	568.173
2310.85	571.116
2310.03	580.101
2309.2	516.58
2308.37	537.652
2307.54	610.06
2306.72	573.739
2305.89	582.717
2305.06	567.542
2304.23	585.573
2303.4	624.726
2302.57	594.463
2301.75	585.329
2300.92	585.248
2300.09	564.052
2299.26	609.212
2298.43	603.097
2297.6	599.998
2296.77	627.046
2295.94	581.746
2295.11	554.541
2294.28	581.584
2293.45	518.231
2292.62	581.422
2291.79	554.232
2290.96	539.097
2290.13	551.067
2289.3	566.045
2288.47	523.819
2287.64	517.727
2286.81	571.828
2285.98	637.951
2285.15	598.748
2284.32	631.756
2283.49	580.533
2282.66	562.408
2281.83	577.365
2280.99	562.251
2280.16	634.323
2279.33	598.165
2278.5	607.098
2277.67	613.024
2276.83	606.929
2276	585.816
2275.17	591.742
2274.34	600.669
2273.51	579.565
2272.67	585.49
2271.84	600.419
2271.01	552.308
2270.17	555.233
2269.34	588.165
2268.51	570.08
2267.67	585.001
2266.84	575.921
2266.01	560.845
2265.17	596.752
2264.34	611.661
2263.51	524.636
2262.67	554.538
2261.84	563.452
2261	593.34
2260.17	506.366
2259.33	620.138
2258.5	563.138
2257.67	599
2256.83	601.911
2256	634.763
2255.16	583.781
2254.33	565.74
2253.49	553.69
2252.65	553.612
2251.82	601.409
2250.98	583.375
2250.15	595.259
2249.31	556.295
2248.48	565.189
2247.64	559.13
2246.8	591.938
2245.97	591.855
2245.13	648.559
2244.29	606.632
2243.46	579.657
2242.62	591.526
2241.78	606.379
2240.95	579.415
2240.11	510.65
2239.27	585.225
2238.43	558.275
2237.6	614.912
2236.76	573.042
2235.92	611.757
2235.08	593.769
2234.25	584.736
2233.41	569.74
2232.57	599.486
2231.73	566.599
2230.89	548.63
2230.05	587.31
2229.22	593.19
2228.38	545.421
2227.54	527.464
2226.7	628.698
2225.86	634.568
2225.02	557.032
2224.18	530.149
2223.34	565.81
2222.5	604.44
2221.66	607.333
2220.82	574.504
2219.98	547.638
2219.14	616.006
2218.3	654.602
2217.46	535.508
2216.62	577.079
2215.78	582.947
2214.94	597.735
2214.1	544.13
2213.26	594.595
2212.42	600.457
2211.58	570.652
2210.74	594.346
2209.89	621.006
2209.05	552.588
2208.21	603.01
2207.37	591.045
2206.53	561.266
2205.69	590.88
2204.84	549.234
2204	608.526
2203.16	569.857
2202.32	569.778
2201.47	566.731
2200.63	569.619
2199.79	519.112
2198.95	643.609
2198.1	590.14
2197.26	604.883
2196.42	584.046
2195.57	563.214
2194.73	560.172
2193.89	566.021
2193.04	586.683
2192.2	589.564
2191.35	613.18
2190.51	568.667
2189.67	615.97
2188.82	586.274
2187.98	565.469
2187.13	559.469
2186.29	600.828
2185.44	615.541
2184.6	553.317
2183.75	556.199
2182.91	559.079
2182.06	621.113
2181.22	585.539
2180.37	603.198
2179.53	541.029
2178.68	597.118
2177.83	597.035
2176.99	543.758
2176.14	608.687
2175.3	555.424
2174.45	555.346
2173.6	564.129
2172.76	572.91
2171.91	599.405
2171.06	563.893
2170.22	593.334
2169.37	587.348
2168.52	557.755
2167.67	519.319
2166.83	590.052
2165.98	566.371
2165.13	554.494
2164.28	586.856
2163.44	577.929
2162.59	548.366
2161.74	607.245
2160.89	521.687
2160.04	568.765
2159.2	633.51
2158.35	556.822
2157.5	592.093
2156.65	642.081
2155.8	553.644
2154.95	618.346
2154.1	544.657
2153.25	562.243
2152.4	618.087
2151.55	606.229
2150.7	570.835
2149.85	600.176
2149.01	594.209
2148.16	582.361
2147.31	552.872
2146.45	541.033
2145.6	585.057
2144.75	593.794
2143.9	631.92
2143.05	555.425
2142.2	558.285
2141.35	543.518
2140.5	566.942
2139.65	602.108
2138.8	593.214
2137.95	584.322
2137.09	581.305
2136.24	575.353
2135.39	525.376
2134.54	586.931
2133.69	575.112
2132.84	621.973
2131.98	598.418
2131.13	551.407
2130.28	545.464
2129.43	560.049
2128.57	598.084
2127.72	592.138
2126.87	545.16
2126.01	600.764
2125.16	503.985
2124.31	635.753
2123.45	544.855
2122.6	609.215
2121.75	565.203
2120.89	614.901
2120.04	591.394
2119.18	570.82
2118.33	564.887
2117.48	599.925
2116.62	593.99
2115.77	611.46
2114.91	555.795
2114.06	590.816
2113.2	576.111
2112.35	590.651
2111.49	593.492
2110.64	570.023
2109.78	605.017
2108.93	587.398
2108.07	540.565
2107.22	604.763
2106.36	560.862
2105.5	525.734
2104.65	569.466
2103.79	566.466
2102.94	528.433
2102.08	551.712
2101.22	580.822
2100.37	612.842
2099.51	604.003
2098.65	560.156
2097.8	577.581
2096.94	606.666
2096.08	571.587
2095.22	574.422
2094.37	583.088
2093.51	583.007
2092.65	571.267
2091.79	568.273
2090.93	620.642
2090.08	565.201
2089.22	632.12
2088.36	594.168
2087.5	646.505
2086.64	567.796
2085.78	605.565
2084.93	599.658
2084.07	608.306
2083.21	599.49
2082.35	590.677
2081.49	573.139
2080.63	590.512
2079.77	570.07
2078.91	552.541
2078.05	558.28
2077.19	555.294
2076.33	613.354
2075.47	581.297
2074.61	610.277
2073.75	595.663
2072.89	621.727
2072.03	601.306
2071.17	560.559
2070.31	560.481
2069.45	560.403
2068.58	531.292
2067.72	595.08
2066.86	589.192
2066	522.363
2065.14	623.846
2064.28	615.055
2063.42	597.564
2062.55	580.078
2061.69	606.097
2060.83	606.012
2059.97	643.617
2059.1	576.855
2058.24	620.25
2057.38	614.367
2056.52	582.408
2055.65	651.858
2054.79	599.625
2053.93	596.645
2053.06	602.353
2052.2	599.374
2051.34	605.08
2050.47	529.733
2049.61	677.268
2048.75	544.054
2047.88	567.126
2047.02	549.688
2046.15	607.464
2045.29	624.733
2044.42	595.727
2043.56	615.884
2042.7	537.739
2041.83	534.773
2040.97	592.503
2040.1	615.539
2039.24	621.232
2038.37	569.142
2037.5	583.505
2036.64	623.859
2035.77	606.445
2034.91	609.247
2034.04	606.275
2033.18	609.076
2032.31	559.925
2031.44	562.733
2030.58	553.998
2029.71	577
2028.84	605.765
2027.98	597.028
2027.11	582.525
2026.24	570.91
2025.38	622.724
2024.51	576.515
2023.64	642.725
2022.77	582.117
2021.91	599.324
2021.04	656.859
2020.17	593.395
2019.3	581.791
2018.43	622.026
2017.57	590.266
2016.7	639.126
2015.83	581.465
2014.96	569.871
2014.09	601.446
2013.22	601.362
2012.35	607.032
2011.48	612.7
2010.62	557.967
2009.75	612.528
2008.88	618.193
2008.01	531.859
2007.14	586.4
2006.27	571.947
2005.4	597.73
2004.53	594.773
2003.66	522.867
2002.79	603.224
2001.92	560.058
2001.05	557.108
2000.17	614.455
1999.3	605.757
1998.43	637.247
1997.56	571.146
1996.69	599.762
1995.82	596.809
1994.95	605.332
1994.08	596.642
1993.2	567.877
1992.33	573.533
1991.46	579.187
1990.59	590.573
1989.72	596.224
1988.84	633.399
1987.97	570.265
1987.1	535.802
1986.23	570.105
1985.35	615.857
1984.48	587.13
1983.61	607.093
1982.74	601.281
1981.86	529.626
1980.99	612.562
1980.12	572.408
1979.24	580.913
1978.37	632.333
1977.49	635.105
1976.62	577.808
1975.75	566.286
1974.87	569.067
1974	526.098
1973.12	594.636
1972.25	548.818
1971.37	637.34
1970.5	565.81
1969.62	574.302
1968.75	617.074
1967.87	582.71
1967	602.621
1966.12	573.98
1965.25	576.755
1964.37	630.915
1963.5	616.555
1962.62	616.468
1961.74	519.358
1960.87	524.992
1959.99	567.711
1959.11	624.679
1958.24	581.811
1957.36	655.872
1956.48	650.077
1955.61	550.207
1954.73	604.288
1953.85	604.203
1952.98	621.216
1952.1	604.034
1951.22	615.344
1950.34	592.47
1949.47	583.843
1948.59	549.59
1947.71	586.526
1946.83	580.75
1945.95	611.979
1945.07	606.201
1944.2	617.499
1943.32	574.734
1942.44	574.653
1941.56	585.95
1940.68	594.4
1939.8	605.691
1938.92	619.822
1938.04	591.306
1937.16	588.381
1936.28	593.982
1935.4	616.632
1934.52	576.768
1933.64	582.369
1932.76	576.606
1931.88	576.525
1931	621.878
1930.12	570.685
1929.24	573.443
1928.36	604.586
1927.48	576.12
1926.6	564.689
1925.72	564.609
1924.84	615.593
1923.96	592.815
1923.07	530.339
1922.19	586.977
1921.31	618.082
1920.43	561.299
1919.55	572.558
1918.66	660.333
1917.78	614.901
1916.9	609.149
1916.02	543.907
1915.13	566.491
1914.25	586.235
1913.37	605.974
1912.49	608.721
1911.6	597.312
1910.72	625.532
1909.84	503.751
1908.95	614.038
1908.07	546.049
1907.19	594.063
1906.3	588.322
1905.42	602.38
1904.53	596.64
1903.65	627.656
1902.76	582.338
1901.88	590.735
1901	565.218
1900.11	610.349
1899.23	587.661
1898.34	584.753
1897.46	581.847
1896.57	593.061
1895.69	561.917
1894.8	612.658
1893.91	621.04
1893.03	598.373
1892.14	567.245
1891.26	564.344
1890.37	634.797
1889.48	578.29
1888.6	558.465
1887.71	606.328
1886.82	651.359
1885.94	569.506
1885.05	586.34
1884.16	620.08
1883.28	541.085
1882.39	591.728
1881.5	645.174
1880.62	546.49
1879.73	557.679
1878.84	546.336
1877.95	588.496
1877.06	608.121
1876.18	610.85
1875.29	546.029
1874.4	619.121
1873.51	540.248
1872.62	602.066
1871.73	551.348
1870.84	627.21
1869.96	621.497
1869.07	607.351
1868.18	581.963
1867.29	581.881
1866.4	545.261
1865.51	553.615
1864.62	553.537
1863.73	575.934
1862.84	573.044
1861.95	564.538
1861.06	589.732
1860.17	600.881
1859.28	539.032
1858.39	628.782
1857.5	617.467
1856.61	552.836
1855.71	580.817
1854.82	614.401
1853.93	605.899
1853.04	588.985
1852.15	580.49
1851.26	583.212
1850.37	599.951
1849.47	605.472
1848.58	574.557
1847.69	638.93
1846.8	608.019
1845.91	579.918
1845.01	571.432
1844.12	624.566
1843.23	534.867
1842.33	573.991
1841.44	587.908
1840.55	585.026
1839.66	548.559
1838.76	542.885
1837.87	554.001
1836.98	579.101
1836.08	584.614
1835.19	534.189
1834.29	576.06
1833.4	550.815
1832.51	592.671
1831.61	564.636
1830.72	519.839
1829.82	528.149
1828.93	561.603
1828.03	603.428
1827.14	594.964
1826.24	597.673
1825.35	575.249
1824.45	589.128
1823.56	541.586
1822.66	530.345
1821.76	549.806
1820.87	588.796
1819.97	571.972
1819.08	557.943
1818.18	616.44
1817.28	594.042
1816.39	577.227
1815.49	565.993
1814.59	588.215
1813.7	590.919
1812.8	593.623
1811.9	532.235
1811.01	560.022
1810.11	612.873
1809.21	593.288
1808.31	559.785
1807.41	576.413
1806.52	645.937
1805.62	587.386
1804.72	578.953
1803.82	609.485
1802.92	620.529
1802.03	567.579
1801.13	559.153
1800.23	559.075
1799.33	550.652
1798.43	581.162
1797.53	581.08
1796.63	600.458
1795.73	592.034
1794.83	583.614
1793.93	594.646
1793.03	614.01
1792.13	588.922
1791.23	541.621
1790.33	627.636
1789.43	585.896
1788.53	546.945
1787.63	649.579
1786.73	616.18
1785.83	566.139
1784.93	604.907
1784.03	563.205
1783.13	613.058
1782.22	618.519
1781.32	607.339
1780.42	554.569
1779.52	587.76
1778.62	604.309
1777.72	562.649
1776.81	598.596
1775.91	642.846
1775.01	592.886
1774.11	584.492
1773.2	562.252
1772.3	625.867
1771.4	639.623
1770.5	526.023
1769.59	589.616
1768.69	595.068
1767.79	630.96
1766.88	550.629
1765.98	561.617
1765.08	605.797
1764.17	605.712
1763.27	600.095
1762.36	558.535
1761.46	630.337
1760.55	635.776
1759.65	583.173
1758.75	641.123
1757.84	583.008
1756.94	624.366
1756.03	646.376
1755.13	629.714
1754.22	593.725
1753.31	585.358
1752.41	673.619
1751.5	593.473
1750.6	601.669
1749.69	648.497
1748.79	634.61
1747.88	642.796
1746.97	626.155
1746.07	606.761
1745.16	601.16
1744.25	631.404
1743.35	562.394
1742.44	603.661
1741.53	576.015
1740.63	556.644
1739.72	611.671
1738.81	625.359
1737.9	567.426
1736.99	616.92
1736.09	633.355
1735.18	572.692
1734.27	685.482
1733.36	602.809
1732.45	583.458
1731.55	586.128
1730.64	586.045
1729.73	649.235
1728.82	605.133
1727.91	585.796
1727	615.961
1726.09	596.628
1725.18	613.038
1724.27	593.711
1723.36	645.844
1722.45	560.568
1721.54	626.429
1720.63	620.846
1719.72	650.972
1718.81	598.7
1717.9	598.615
1716.99	571.075
1716.08	581.975
1715.17	650.512
1714.26	620.232
1713.35	587.216
1712.44	636.518
1711.53	644.658
1710.61	603.424
1709.7	578.657
1708.79	597.769
1707.88	616.876
1706.97	635.978
1706.06	611.22
1705.14	580.988
1704.23	586.386
1703.32	621.92
1702.41	613.614
1701.49	638.177
1700.58	597.008
1699.67	580.495
1698.75	607.791
1697.84	618.654
1696.93	566.563
1696.01	610.269
1695.1	571.875
1694.19	574.53
1693.27	648.307
1692.36	590.778
1691.44	653.593
1690.53	628.891
1689.62	590.527
1688.7	647.848
1687.79	617.692
1686.87	634.001
1685.96	554.672
1685.04	601.038
1684.13	587.294
1683.21	660.954
1682.3	639.014
1681.38	641.654
1680.46	616.993
1679.55	636.013
1678.63	608.63
1677.72	654.935
1676.8	624.829
1675.88	597.459
1674.97	698.301
1674.05	670.928
1673.13	635.383
1672.22	657.105
1671.3	583.405
1670.38	569.693
1669.47	621.396
1668.55	604.957
1667.63	656.64
1666.71	615.683
1665.79	621.044
1664.88	620.956
1663.96	615.421
1663.04	626.225
1662.12	647.915
1661.2	601.55
1660.28	628.681
1659.37	617.707
1658.45	593.132
1657.53	644.736
1656.61	647.364
1655.69	625.516
1654.77	652.619
1653.85	636.214
1652.93	619.813
1652.01	617.007
1651.09	589.742
1650.17	690.2
1649.25	665.649
1648.33	608.507
1647.41	687.19
1646.49	627.345
1645.57	686.995
1644.65	684.183
1643.73	637.937
1642.81	621.561
1641.89	673.036
1640.96	702.789
1640.04	727.107
1639.12	702.59
1638.2	667.23
1637.28	675.271
1636.36	658.906
1635.43	721.17
1634.51	721.067
1633.59	712.834
1632.67	780.483
1631.74	804.759
1630.82	764.006
1629.9	761.189
1628.98	828.793
1628.05	777.222
1627.13	847.512
1626.21	860.928
1625.28	895.996
1624.36	920.228
1623.43	1022.93
1622.51	987.612
1621.59	1060.52
1620.66	1076.6
1619.74	1081.85
1618.81	1087.11
1617.89	1035.58
1616.96	1002.99
1616.04	962.304
1615.11	1094.6
1614.19	983.649
1613.26	1037.55
1612.34	1069.82
1611.41	1123.69
1610.49	1118.13
1609.56	1109.87
1608.64	1107.01
1607.71	1120.35
1606.78	1120.2
1605.86	1147.03
1604.93	1192.74
1604	1192.57
1603.08	1278.73
1602.15	1205.72
1601.22	1237.91
1600.3	1375.26
1599.37	1442.47
1598.44	1482.7
1597.51	1646.91
1596.59	1714.05
1595.66	1732.67
1594.73	1888.7
1593.8	1993.49
1592.87	1977.05
1591.95	2238
1591.02	2490.8
1590.09	2576.6
1589.16	2823.9
1588.23	3076.51
1587.3	3444.77
1586.37	3947.47
1585.44	4307.43
1584.52	4895.95
1583.59	5244.92
1582.66	5830.44
1581.73	6184.55
1580.8	6613.85
1579.87	6852.15
1578.94	6810.86
1578.01	6506.22
1577.08	6078.06
1576.15	5596.28
1575.21	5133.45
1574.28	4716.41
1573.35	4261.89
1572.42	3823.61
1571.49	3420.36
1570.56	3108.48
1569.63	2743.02
1568.7	2586.98
1567.76	2441.72
1566.83	2242.85
1565.9	2081.58
1564.97	1837.22
1564.04	1761.87
1563.1	1726.76
1562.17	1616.6
1561.24	1522.55
1560.31	1423.17
1559.37	1428.32
1558.44	1302.19
1557.51	1291.29
1556.57	1191.99
1555.64	1218.61
1554.71	1114
1553.77	1159.36
1552.84	1068.17
1551.91	1086.75
1550.97	1065.19
1550.04	1107.85
1549.1	981.943
1548.17	976.453
1547.23	954.915
1546.3	906.639
1545.36	877.095
1544.43	882.318
1543.49	818.033
1542.56	871.375
1541.62	844.526
1540.69	839.061
1539.75	889.706
1538.82	793.409
1537.88	822.677
1536.94	793.183
1536.01	830.454
1535.07	752.909
1534.13	816.87
1533.2	790.063
1532.26	768.6
1531.32	773.828
1530.39	752.374
1529.45	813.622
1528.51	744.158
1527.58	746.719
1526.64	743.946
1525.7	815.825
1524.76	757.063
1523.82	714.31
1522.89	730.198
1521.95	716.771
1521.01	751.304
1520.07	689.929
1519.13	687.167
1518.19	756.309
1517.25	734.9
1516.32	676.225
1515.38	724.043
1514.44	676.032
1513.5	718.514
1512.56	737.038
1511.62	702.347
1510.68	680.967
1509.74	723.425
1508.8	675.455
1507.86	688.653
1506.92	728.433
1505.98	693.773
1505.04	664.439
1504.1	698.89
1503.16	720.047
1502.21	711.974
1501.27	664.061
1500.33	701.148
1499.39	653.249
1498.45	639.881
1497.51	668.992
1496.56	735.255
1495.62	666.147
1494.68	679.32
1493.74	668.611
1492.8	671.168
1491.85	705.555
1490.91	615.283
1489.97	731.871
1489.03	718.51
1488.08	726.36
1487.14	694.45
1486.2	667.849
1485.25	673.053
1484.31	651.762
1483.36	664.914
1482.42	712.496
1481.48	699.153
1480.53	661.982
1479.59	680.421
1478.64	659.146
1477.7	653.759
1476.76	701.301
1475.81	648.28
1474.87	709.038
1473.92	658.677
1472.98	661.228
1472.03	647.911
1471.08	705.99
1470.14	727.039
1469.19	650.277
1468.25	673.971
1467.3	705.587
1466.35	700.202
1465.41	692.176
1464.46	652.455
1463.52	721.032
1462.57	673.395
1461.62	646.895
1460.68	694.323
1459.73	644.071
1458.78	702.043
1457.83	715.137
1456.89	675.457
1455.94	701.742
1454.99	693.729
1454.04	706.817
1453.09	653.976
1452.15	667.066
1451.2	706.515
1450.25	661.604
1449.3	632.519
1448.35	685.131
1447.4	687.668
1446.45	661.226
1445.51	726.982
1444.56	747.947
1443.61	695.175
1442.66	689.811
1441.71	671.285
1440.76	702.774
1439.81	718.464
1438.86	676.26
1437.91	728.783
1436.96	783.922
1436.01	733.836
1435.06	670.614
1434.11	717.849
1433.15	736.151
1432.2	662.441
1431.25	680.745
1430.3	722.695
1429.35	683.178
1428.4	688.335
1427.45	688.237
1426.49	690.765
1425.54	646.022
1424.59	664.31
1423.64	674.717
1422.69	708.745
1421.73	690.272
1420.78	682.301
1419.83	658.588
1418.87	689.976
1417.92	718.732
1416.97	713.384
1416.01	736.883
1415.06	665.984
1414.11	692.105
1413.15	707.734
1412.2	699.77
1411.25	689.188
1410.29	641.928
1409.34	681.132
1408.38	717.706
1407.43	728.079
1406.47	701.789
1405.52	699.07
1404.56	698.971
1403.61	719.811
1402.65	675.217
1401.7	722.222
1400.74	724.735
1399.79	706.319
1398.83	761.146
1397.88	724.424
1396.92	703.402
1395.96	745.133
1395.01	789.467
1394.05	778.899
1393.09	773.561
1392.14	731.642
1391.18	718.474
1390.22	757.555
1389.27	814.909
1388.31	874.857
1387.35	783.342
1386.39	770.176
1385.44	796.17
1384.48	822.156
1383.52	858.574
1382.56	751.471
1381.6	853.11
1380.65	858.206
1379.69	910.246
1378.73	917.939
1377.77	969.956
1376.81	928.105
1375.85	974.892
1374.89	990.39
1373.93	925.101
1372.97	1008.35
1372.01	1057.7
1371.05	1169.55
1370.09	1161.57
1369.13	1171.82
1368.17	1260.18
1367.21	1291.24
1366.25	1231.19
1365.29	1277.86
1364.33	1371.35
1363.37	1410.19
1362.41	1438.6
1361.45	1381.17
1360.49	1412.18
1359.53	1424.98
1358.56	1505.38
1357.6	1518.16
1356.64	1528.34
1355.68	1533.32
1354.72	1616.25
1353.75	1579.64
1352.79	1587.21
1351.83	1620.75
1350.87	1667.26
1349.9	1656.64
1348.94	1617.46
1347.98	1697.7
1347.01	1627.38
1346.05	1601.19
1345.09	1580.2
1344.12	1608.52
1343.16	1546.03
1342.2	1509.5
1341.23	1553.37
1340.27	1464.99
1339.3	1459.59
1338.34	1454.2
1337.38	1378.83
1336.41	1433.05
1335.45	1362.89
1334.48	1251.29
1333.52	1328.82
1332.55	1276.83
1331.58	1299.96
1330.62	1247.99
1329.65	1167.55
1328.69	1144.09
1327.72	1128.4
1326.76	1115.3
1325.79	1138.42
1324.82	1029.61
1323.86	1055.33
1322.89	1024.14
1321.92	1047.27
1320.96	959.211
1319.99	995.265
1319.02	953.767
1318.05	917.449
1317.09	956.078
1316.12	909.435
1315.15	906.722
1314.18	829.105
1313.22	885.802
1312.25	831.45
1311.28	877.803
1310.31	815.723
1309.34	820.768
1308.37	841.296
1307.4	817.953
1306.44	771.397
1305.47	815.139
1304.5	781.492
1303.53	791.695
1302.56	861.2
1301.59	770.844
1300.62	775.889
1299.65	811.86
1298.68	775.666
1297.71	783.285
1296.74	747.105
1295.77	754.726
1294.8	713.41
1293.83	744.209
1292.85	720.929
1291.88	754.293
1290.91	736.166
1289.94	697.456
1288.97	717.942
1288	769.297
1287.03	730.599
1286.05	715.061
1285.08	653.236
1284.11	722.57
1283.14	678.759
1282.16	717.222
1281.19	724.83
1280.22	732.436
1279.25	662.952
1278.27	714.241
1277.3	631.935
1276.33	675.509
1275.35	752.455
1274.38	675.315
1273.41	698.324
1272.43	652.018
1271.46	682.724
1270.48	674.927
1269.51	631.21
1268.53	623.423
1267.56	705.418
1266.59	584.772
1265.61	715.474
1264.64	687.166
1263.66	620.412
1262.69	630.576
1261.71	645.863
1260.73	666.271
1259.76	666.175
1258.78	619.966
1257.81	650.615
1256.83	624.911
1255.85	645.307
1254.88	617.05
1253.9	581.121
1252.92	662.946
1251.95	650.055
1250.97	678.109
1249.99	660.102
1249.02	608.844
1248.04	662.47
1247.06	618.899
1246.08	613.696
1245.11	623.834
1244.13	672.315
1243.15	664.55
1242.17	636.343
1241.19	666.915
1240.21	628.496
1239.24	638.624
1238.26	584.895
1237.28	648.655
1236.3	620.474
1235.32	630.597
1234.34	661.139
1233.36	609.998
1232.38	630.326
1231.4	609.822
1230.42	607.184
1229.44	627.503
1228.46	629.963
1227.48	660.474
1226.5	606.835
1225.52	596.55
1224.54	599.013
1223.56	629.51
1222.58	552.972
1221.6	601.303
1220.61	596.121
1219.63	631.696
1218.65	659.619
1217.67	598.41
1216.69	552.495
1215.71	582.964
1214.72	580.335
1213.74	631.151
1212.76	620.881
1211.78	569.908
1210.79	597.808
1209.81	605.353
1208.83	536.601
1207.84	617.892
1206.86	559.328
1205.88	597.378
1204.89	617.626
1203.91	645.491
1202.93	650.48
1201.94	607.197
1200.96	614.73
1199.97	619.721
1198.99	573.921
1198	606.847
1197.02	619.454
1196.04	578.75
1195.05	598.971
1194.06	621.724
1193.08	555.665
1192.09	583.491
1191.11	565.651
1190.12	560.498
1189.14	623.812
1188.15	623.723
1187.16	608.422
1186.18	618.474
1185.19	643.728
1184.21	585.353
1183.22	610.606
1182.23	557.319
1181.24	630.693
1180.26	557.158
1179.27	610.254
1178.28	594.975
1177.3	617.672
1176.31	645.425
1175.32	652.925
1174.33	564.268
1173.34	602.137
1172.36	634.935
1171.37	672.783
1170.38	642.339
1169.39	591.676
1168.4	596.647
1167.41	611.728
1166.42	616.694
1165.43	657.039
1164.44	558.402
1163.45	558.322
1162.46	593.605
1161.47	626.353
1160.48	601.01
1159.49	593.349
1158.5	550.346
1157.51	580.557
1156.52	572.902
1155.53	600.577
1154.54	615.629
1153.55	560.041
1152.56	580.139
1151.57	590.143
1150.58	630.404
1149.59	597.537
1148.59	582.325
1147.6	604.926
1146.61	607.359
1145.62	624.91
1144.63	564.353
1143.63	594.501
1142.64	629.677
1141.65	629.586
1140.65	619.423
1139.66	586.605
1138.67	606.659
1137.68	601.537
1136.68	593.901
1135.69	603.88
1134.69	596.245
1133.7	608.737
1132.71	641.345
1131.71	543.178
1130.72	543.1
1129.72	600.843
1128.73	603.27
1127.73	605.697
1126.74	665.919
1125.74	638.185
1124.75	595.386
1123.75	580.229
1122.76	595.214
1121.76	625.261
1120.77	655.3
1119.77	620.06
1118.78	637.541
1117.78	657.526
1116.78	637.357
1115.79	592.104
1114.79	581.984
1113.79	622.031
1112.8	614.418
1111.8	641.912
1110.8	634.298
1109.8	629.193
1108.81	586.493
1107.81	601.445
1106.81	641.448
1105.81	656.388
1104.82	606.194
1103.82	641.171
1102.82	668.624
1101.82	653.505
1100.82	648.403
1099.82	655.819
1098.82	693.266
1097.83	593.07
1096.83	640.523
1095.83	647.935
1094.83	615.325
1093.83	632.742
1092.83	620.148
1091.83	695.065
1090.83	617.469
1089.83	614.88
1088.83	634.785
1087.83	642.189
1086.83	642.096
1085.83	609.529
1084.83	646.906
1083.82	681.776
1082.82	611.762
1081.82	696.558
1080.82	646.533
1079.82	671.398
1078.82	591.444
1077.81	598.844
1076.81	623.705
1075.81	616.132
1074.81	643.478
1073.81	700.741
1072.8	653.266
1071.8	623.255
1070.8	618.179
1069.79	613.105
1068.79	593.081
1067.79	642.827
1066.78	672.629
1065.78	657.586
1064.78	650.02
1063.77	595.143
1062.77	659.791
1061.76	632.312
1060.76	659.6
1059.76	629.64
1058.75	694.246
1057.75	621.994
1056.74	649.268
1055.74	636.738
1054.73	641.62
1053.72	656.446
1052.72	638.948
1051.71	658.742
1050.71	700.9
1049.7	695.828
1048.7	710.636
1047.69	665.814
1046.68	700.494
1045.68	747.582
1044.67	692.841
1043.66	744.883
1042.66	777.049
1041.65	757.079
1040.64	747.042
1039.63	769.267
1038.63	855.996
1037.62	836.026
1036.61	907.837
1035.6	890.345
1034.59	1009.24
1033.59	999.179
1032.58	1065.97
1031.57	1095.56
1030.56	1026.01
1029.55	1154.71
1028.54	1134.72
1027.53	1231.17
1026.52	1136.87
1025.51	1275.39
1024.5	1272.73
1023.49	1371.57
1022.48	1324.34
1021.47	1388.5
1020.46	1410.57
1019.45	1375.73
1018.44	1472.01
1017.43	1536.11
1016.42	1570.52
1015.41	1595.02
1014.4	1567.59
1013.39	1681.08
1012.38	1717.92
1011.37	1821.47
1010.35	1747.07
1009.34	1776.47
1008.33	1828.09
1007.32	1813
1006.31	1886.83
1005.29	1963.11
1004.28	2044.3
1003.27	2090.91
1002.26	2046.17
1001.24	2119.91
1000.23	2450.26
999.216	2447.43
998.202	2447.08
997.189	2508.39
996.175	2651.06
995.161	2830.67
994.147	3052.15
993.133	3192.21
992.119	3411.1
991.104	3706.32
990.09	4040.89
989.075	4234.92
988.06	4529.9
987.045	4866.66
986.03	5158.99
985.014	5337.98
983.999	5509.53
982.983	5432.43
981.967	5603.92
980.951	5568.66
979.935	5725.31
978.919	5594.1
977.903	5681.84
976.886	5636.75
975.869	5530.19
974.852	5676.91
973.835	5690.83
972.818	5542.53
971.801	5711.3
970.784	5602.36
969.766	5599.09
968.748	5630.21
967.73	5563.08
966.712	5596.65
965.694	5647.4
964.676	5634.31
963.657	5604.03
962.639	5640.03
961.62	5516.52
960.601	5532.89
959.582	5551.71
958.563	5477.32
957.544	5491.24
956.524	5311.44
955.504	5281.24
954.485	5437.37
953.465	5439.03
952.445	5389.23
951.424	5329.64
950.404	5338.66
949.383	5484.87
948.363	5346.91
947.342	5351.03
946.321	5438.4
945.3	5520.86
944.279	5539.64
943.257	5568.2
942.236	5665.28
941.214	5855.31
940.192	5592.69
939.17	5582.09
938.148	5185.06
937.125	4856.62
936.103	4562.51
935.08	4185.36
934.058	3896.32
933.035	3612.25
932.012	3318.48
930.988	3073.67
929.965	2760.53
928.942	2562.28
927.918	2303.03
926.894	2048.74
925.87	1894.62
924.846	1779.61
923.822	1625.58
922.797	1583.86
921.773	1459.18
920.748	1466.29
919.723	1348.99
918.698	1395.13
917.673	1390.05
916.648	1258.18
915.623	1289.69
914.597	1345.57
913.571	1272.25
912.545	1291.57
911.519	1269.45
910.493	1252.21
909.467	1227.67
908.44	1261.59
907.414	1200.53
906.387	1180.87
905.36	1265.91
904.333	1226.78
903.306	1231.47
902.278	1180.19
901.251	1214.08
900.223	1218.77
899.195	1189.4
898.167	1247.59
897.139	1206.08
896.111	1254.53
895.082	1213.02
894.054	1181.24
893.025	1215.1
891.996	1210.06
890.967	1195.31
889.938	1216.99
888.909	1228.96
887.879	1206.93
886.85	1182.47
885.82	1233.28
884.79	1172.42
883.76	1160.11
882.73	1201.19
881.699	1220.43
880.669	1154.75
879.638	1181.27
878.607	1149.57
877.576	1224.57
876.545	1180.75
875.514	1153.91
874.482	1095.57
873.451	1160.85
872.419	1180.06
871.387	1167.78
870.355	1167.61
869.323	1165.01
868.291	1150.31
867.258	1184.05
866.226	1133.03
865.193	1181.28
864.16	1183.53
863.127	1200.3
862.094	1166.25
861.06	1146.72
860.027	1178
858.993	1160.9
857.959	1155.89
856.925	1213.75
855.891	1104.79
854.857	1177.14
853.822	1196.31
852.788	1089.81
851.753	1142.8
850.718	1147.47
849.683	1183.53
848.648	1137.47
847.613	1202.51
846.577	1190.26
845.541	1163.53
844.506	1144.05
843.47	1184.91
842.434	1177.5
841.397	1165.27
840.361	1133.74
839.324	1184.22
838.288	1220.22
837.251	1195.93
836.214	1159.6
835.177	1238.97
834.139	1168.9
833.102	1166.32
832.064	1243.25
831.027	1211.75
829.989	1238.07
828.951	1266.79
827.912	1302.72
826.874	1251.97
825.836	1230.12
824.797	1225.13
823.758	1212.92
822.719	1253.65
821.68	1236.62
820.641	1253.28
819.601	1238.67
818.562	1293.8
817.522	1310.44
816.482	1235.72
815.442	1185.06
814.402	1196.91
813.362	1254.41
812.321	1232.6
811.28	1263.65
810.24	1232.24
809.199	1179.22
808.158	1246.29
807.116	1186.08
806.075	1233.92
805.033	1240.94
803.992	1183.16
802.95	1204.59
801.908	1113.24
800.866	1122.67
799.823	1144.09
798.781	1052.8
797.738	1114.99
796.696	1134
795.653	1088.29
794.61	1068.96
793.566	1061.61
792.523	1075.84
791.479	1130.78
790.436	1073.13
789.392	1068.18
788.348	1113.52
787.304	1070.26
786.26	995.893
785.215	1057.98
784.17	1031.5
783.126	1086.39
782.081	1014.45
781.036	1033.44
779.991	1069.17
778.945	1016.4
777.9	1047.34
776.854	1061.53
775.808	963.363
774.762	1049.27
773.716	970.25
772.67	989.224
771.623	974.745
770.577	907.718
769.53	912.362
768.483	976.706
767.436	998.052
766.389	909.575
765.342	942.86
764.294	937.949
763.247	949.743
762.199	889.956
761.151	906.525
760.103	973.179
759.054	906.26
758.006	946.664
756.957	915.531
755.909	924.933
754.86	929.565
753.811	876.999
752.762	907.848
751.712	895.803
750.663	938.55
749.613	855.051
748.563	938.275
747.513	871.468
746.463	902.29
745.413	847.41
744.363	909.166
743.312	928.07
742.261	835.141
741.21	830.261
740.159	875.333
739.108	877.584
738.057	901.234
737.005	829.775
735.954	893.839
734.902	874.693
733.85	843.67
732.798	824.537
731.746	831.544
730.693	881.308
729.641	857.427
728.588	864.426
727.535	869.049
726.482	899.785
725.429	833.188
724.375	861.547
723.322	870.913
722.268	949.085
721.215	906.243
720.161	832.578
719.106	863.288
718.052	870.276
716.998	867.777
715.943	905.58
714.888	886.485
713.834	834.217
712.779	836.464
711.723	893.204
710.668	902.548
709.613	843.203
708.557	873.866
707.501	866.634
706.445	894.917
705.389	935.028
704.333	875.721
703.276	941.853
702.22	918.054
701.163	910.822
700.106	981.652
699.049	957.857
697.992	903.328
696.934	952.848
695.877	931.432
694.819	1042.39
693.761	1054.05
692.703	985.371
691.645	987.589
690.587	1103.2
689.529	1018.01
688.47	1062.73
687.411	1069.65
686.352	1083.66
685.293	1055.18
684.234	1142.35
683.175	1156.34
682.115	1182.13
681.056	1141.85
679.996	1207.73
678.936	1087.27
677.876	1155.5
676.815	1237.85
675.755	1242.38
674.694	1294.06
673.633	1218.45
672.572	1293.68
671.511	1269.93
670.45	1373.39
669.389	1314.31
668.327	1255.24
667.265	1269.18
666.204	1299.6
665.142	1306.47
664.079	1233.32
663.017	1296.68
661.955	1178.84
660.892	1216.31
659.829	1227.89
658.766	1171.26
657.703	1211.07
656.64	1192.08
655.576	1191.91
654.513	1241.09
653.449	1161
652.385	1102.09
651.321	1144.22
650.257	1129.95
649.193	1108.65
648.128	1188.33
647.063	1105.97
645.999	1105.81
644.934	1131.47
643.868	1128.96
642.803	1131.14
641.738	1112.2
640.672	1133.15
639.606	1107.18
638.54	1107.02
637.474	1118.58
636.408	1066.84
635.342	1101.85
634.275	1164.97
633.208	1127.3
632.142	1096.67
631.075	1096.51
630.007	1154.92
628.94	1189.88
627.873	1147.55
626.805	1161.43
625.737	1198.72
624.669	1228.98
623.601	1299.01
622.533	1326.91
621.464	1324.37
620.396	1333.54
619.327	1359.07
618.258	1305.08
617.189	1372.7
616.12	1328.07
615.05	1369.96
613.981	1294.96
612.911	1301.78
611.841	1247.84
610.771	1196.26
609.701	1137.68
608.631	1149.19
607.56	1151.36
606.49	1104.49
605.419	1139.35
604.348	1129.84
603.277	1080.66
602.206	1017.49
601.134	998.675
600.063	1017.19
598.991	1024.04
597.919	1016.89
596.847	991.092
595.775	904.675
594.702	995.463
593.63	974.338
592.557	925.252
591.484	981.042
590.411	959.928
589.338	976.094
588.265	982.938
587.191	931.558
586.118	1010.59
585.044	966.207
583.97	919.507
582.896	972.905
581.822	940.181
580.747	919.101
579.673	958.517
578.598	944.419
577.523	967.538
576.448	983.674
575.373	957.952
574.297	939.213
573.222	980.915
572.146	1006.34
571.07	1057.31
569.994	1043.21
568.918	1026.8
567.842	1098.65
566.765	1089.2
565.689	1028.67
564.612	1107.45
563.535	1111.93
562.458	1093.2
561.381	1158.02
560.303	1194.97
559.226	1183.2
558.148	1166.79
557.07	1305.77
555.992	1247.61
554.914	1270.61
553.835	1251.88
552.757	1351.36
551.678	1376.66
550.599	1501.59
549.52	1459.66
548.441	1515.04
547.362	1581.99
546.282	1711.45
545.203	1782.98
544.123	1910.05
543.043	1888.94
541.963	1988.19
540.882	2129.06
539.802	2212.04
538.721	2313.51
537.641	2655.52
536.56	2729.14
535.479	3029.36
534.397	3260.13
533.316	3650.34
532.234	3959.54
531.153	4527.49
530.071	5277.83
528.989	6383.76
527.906	7454.7
526.824	9440
525.742	12556.3
524.659	17747.6
523.576	26146.5
522.493	44099.7
521.41	80022.7
520.327	132454
519.243	146489
518.159	135312
517.076	84706.6
515.992	47695.5
514.908	28271.8
513.823	18782
512.739	12935.2
511.654	9904.57
510.569	7835.83
509.485	6415.22
508.399	5255.37
507.314	4508.22
506.229	3832.69
505.143	3410.68
504.058	3108.53
502.972	2792.66
501.886	2633.42
500.799	2425.88
499.713	2241.43
498.627	2123.75
497.54	1927.88
496.453	2017.31
495.366	1830.72
494.279	1770.66
493.192	1768.1
492.104	1701.17
491.016	1620.47
489.929	1624.83
488.841	1551.06
487.753	1447.44
486.664	1520.74
485.576	1442.42
484.487	1426.13
483.398	1373.11
482.309	1372.9
481.22	1331.38
480.131	1241.68
479.042	1262.15
477.952	1300.96
476.862	1248.01
475.772	1243.24
474.682	1224.7
473.592	1167.2
472.502	1164.73
471.411	1157.68
470.321	1134.59
469.23	1180.26
468.139	1095.3
467.048	1104.3
465.956	1092.68
464.865	1060.46
463.773	1030.53
462.681	993.742
461.589	1000.46
460.497	965.98
459.405	945.239
458.312	1009.17
457.22	954.111
456.127	990.573
455.034	1004.15
453.941	1180.1
452.847	1143.34
451.754	1140.89
450.66	1181.87
449.567	1243.4
448.473	1279.79
447.379	1229.33
446.284	1334.24
445.19	1329.47
444.095	1370.39
443.001	1402.16
441.906	1470.45
440.811	1394.89
439.715	1497.4
438.62	1510.88
437.524	1517.5
436.429	1635.92
435.333	1720.08
434.237	1756.32
433.141	1749.22
432.044	1764.93
430.948	1778.34
429.851	1680.06
428.754	1732.23
427.657	1672.72
426.56	1718.05
425.463	1654
424.365	1665.15
423.267	1678.57
422.17	1625.94
421.072	1680.35
419.973	1577.65
418.875	1550.1
417.777	1558.98
416.678	1588.33
415.579	1642.7
414.48	1571.94
413.381	1605.82
412.282	1569.2
411.182	1575.78
410.083	1546
408.983	1541.22
407.883	1595.54
406.783	1533.95
405.683	1606.43
404.582	1583.47
403.482	1576.42
402.381	1576.19
401.28	1625.91
400.179	1580.26
399.078	1573.22
397.976	1584.33
396.875	1484.24
395.773	1633.79
394.671	1599.51
393.569	1619.69
392.467	1623.99
391.364	1635.09
390.262	1600.83
389.159	1673.14
388.056	1561.82
386.953	1686.25
385.85	1633.87
384.747	1610.97
383.643	1599.41
382.539	1735.08
381.436	1653.29
380.332	1720.98
379.227	1679.97
378.123	1704.62
377.018	1722.48
375.914	1785.59
374.809	1683.5
373.704	1762.43
372.599	1739.55
371.493	1829.76
370.388	1745.82
369.282	1788.52
368.176	1781.47
367.07	1747.3
365.964	1760.6
364.858	1819.1
363.751	1825.6
362.645	1850.18
361.538	1852.17
360.431	1847.38
359.324	1822.26
358.217	1821.99
357.109	1817.21
356.002	1862.08
354.894	1859.55
353.786	1866.04
352.678	1926.68
351.569	1930.9
350.461	2005.04
349.352	1822.09
348.243	1851.13
347.135	1929.75
346.025	1992.58
344.916	1944.96
343.807	2005.51
342.697	1957.9
341.587	2110.79
340.477	2033.9
339.367	2044.86
338.257	1986.01
337.147	2114.04
336.036	2066.46
334.925	2063.9
333.814	2137.85
332.703	2070.04
331.592	2150.72
330.481	2208.88
329.369	2165.82
328.257	2271.19
327.145	2194.41
326.033	2313.23
324.921	2288.16
323.809	2344
322.696	2384.1
321.583	2325.33
320.47	2360.93
319.357	2425.71
318.244	2411.88
317.131	2469.9
316.017	2557.09
314.903	2671.19
313.789	2693.23
312.675	2672.64
311.561	2703.65
310.447	2873.74
309.332	2850.89
308.217	2902.05
307.102	3143.79
305.987	3221.79
304.872	3358.06
303.757	3561.52
302.641	3688.73
301.525	3762.12
300.41	3768.29
299.294	3718.44
