3199.08	301.329
3198.38	290.694
3197.67	265.842
3196.96	276.438
3196.26	265.77
3195.55	251.561
3194.85	304.666
3194.14	258.576
3193.44	269.166
3192.73	237.259
3192.02	308.04
3191.32	361.101
3190.61	276.099
3189.91	272.522
3189.2	276.023
3188.49	247.679
3187.79	275.948
3187.08	297.134
3186.37	272.336
3185.67	279.371
3184.96	265.189
3184.25	300.507
3183.54	279.257
3182.84	300.425
3182.13	226.171
3181.42	233.207
3180.71	310.901
3180.01	310.858
3179.3	296.688
3178.59	261.332
3177.88	314.262
3177.17	289.505
3176.47	289.466
3175.76	317.663
3175.05	243.508
3174.34	321.105
3173.63	296.364
3172.92	271.63
3172.21	236.321
3171.51	310.349
3170.8	275.045
3170.09	278.533
3169.38	264.394
3168.67	289.031
3167.96	274.895
3167.25	288.952
3166.54	306.529
3165.83	302.965
3165.12	292.356
3164.41	306.404
3163.7	299.319
3162.99	253.506
3162.28	278.115
3161.57	309.756
3160.86	267.48
3160.15	334.305
3159.44	295.555
3158.73	309.587
3158.02	298.992
3157.31	270.815
3156.6	337.593
3155.89	288.321
3155.18	288.282
3154.46	270.667
3153.75	267.115
3153.04	288.164
3152.33	256.501
3151.62	295.112
3150.91	245.893
3150.19	319.617
3149.48	256.361
3148.77	284.416
3148.06	270.334
3147.35	287.849
3146.63	266.751
3145.92	280.752
3145.21	263.169
3144.5	298.217
3143.78	266.605
3143.07	238.509
3142.36	248.997
3141.65	277.015
3140.93	269.965
3140.22	283.951
3139.51	297.932
3138.79	318.919
3138.08	332.892
3137.37	283.795
3136.65	255.731
3135.94	273.21
3135.22	273.172
3134.51	255.626
3133.8	318.614
3133.08	287.064
3132.37	273.023
3131.65	293.985
3130.94	328.938
3130.23	279.909
3129.51	279.871
3128.8	283.33
3128.08	279.794
3127.37	265.768
3126.65	304.193
3125.94	258.704
3125.22	318.092
3124.51	304.068
3123.79	286.554
3123.07	293.503
3122.36	265.514
3121.64	282.943
3120.93	258.456
3120.21	279.374
3119.5	279.336
3118.78	265.333
3118.06	349.074
3117.35	328.085
3116.63	335.02
3115.91	307.059
3115.2	251.196
3114.48	258.139
3113.76	254.615
3113.05	282.48
3112.33	296.389
3111.61	271.943
3110.9	278.878
3110.18	296.267
3109.46	282.287
3108.74	296.186
3108.03	341.439
3107.31	271.72
3106.59	282.133
3105.87	306.472
3105.16	309.913
3104.44	254.163
3103.72	288.941
3103	295.863
3102.28	288.862
3101.56	309.701
3100.85	257.469
3100.13	281.786
3099.41	271.312
3098.69	285.186
3097.97	278.193
3097.25	305.97
3096.53	264.211
3095.81	319.79
3095.09	305.845
3094.37	281.478
3093.65	274.49
3092.94	302.245
3092.22	319.572
3091.5	305.636
3090.78	284.758
3090.06	329.857
3089.34	295.095
3088.62	295.055
3087.9	305.427
3087.17	326.207
3086.45	322.692
3085.73	315.709
3085.01	287.915
3084.29	312.155
3083.57	277.433
3082.85	284.33
3082.13	322.428
3081.41	270.386
3080.69	291.145
3079.97	315.364
3079.24	273.74
3078.52	297.955
3077.8	301.378
3077.08	273.628
3076.36	311.686
3075.63	283.941
3074.91	325.449
3074.19	263.093
3073.47	297.67
3072.75	301.09
3072.02	262.985
3071.3	321.767
3070.58	300.967
3069.86	262.877
3069.13	307.801
3068.41	300.843
3067.69	286.972
3066.96	286.933
3066.24	321.459
3065.52	297.223
3064.79	276.448
3064.07	304.051
3063.35	293.646
3062.62	297.06
3061.9	317.742
3061.17	296.979
3060.45	272.769
3059.73	296.897
3059	317.568
3058.28	258.851
3057.55	327.834
3056.83	296.735
3056.1	320.844
3055.38	251.811
3054.65	338.001
3053.93	306.918
3053.2	265.5
3052.48	320.625
3051.75	324.028
3051.03	313.644
3050.3	289.478
3049.58	337.678
3048.85	303.179
3048.13	306.583
3047.4	272.098
3046.67	244.51
3045.95	299.57
3045.22	306.415
3044.5	327.027
3043.77	251.26
3043.04	268.433
3042.32	292.483
3041.59	313.086
3040.86	309.603
3040.14	343.957
3039.41	309.519
3038.68	275.09
3037.96	285.367
3037.23	275.015
3036.5	305.912
3035.77	309.307
3035.05	323.01
3034.32	288.608
3033.59	340.098
3032.86	312.573
3032.13	271.317
3031.41	319.355
3030.68	329.612
3029.95	298.67
3029.22	312.359
3028.49	288.292
3027.77	305.41
3027.04	288.213
3026.31	271.02
3025.58	298.425
3024.85	339.54
3024.12	301.772
3023.39	342.876
3022.66	318.831
3021.93	335.926
3021.2	311.889
3020.47	339.261
3019.74	339.215
3019.02	301.483
3018.29	311.718
3017.56	280.851
3016.83	321.907
3016.1	311.59
3015.36	260.194
3014.63	328.621
3013.9	349.112
3013.17	325.109
3012.44	355.86
3011.71	359.232
3010.98	328.396
3010.25	345.453
3009.52	362.504
3008.79	321.422
3008.06	348.73
3007.33	331.59
3006.59	352.052
3005.86	314.411
3005.13	338.288
3004.4	324.575
3003.67	293.785
3002.94	331.317
3002.2	362.009
3001.47	327.812
3000.74	331.181
3000.01	310.653
2999.27	351.57
2998.54	310.568
2997.81	334.412
2997.08	354.838
2996.34	307.029
2995.61	344.508
2994.88	306.945
2994.14	354.644
2993.41	378.462
2992.68	337.501
2991.94	320.412
2991.21	296.511
2990.48	350.993
2989.74	333.909
2989.01	378.151
2988.28	398.537
2987.54	343.989
2986.81	337.132
2986.07	371.134
2985.34	381.297
2984.61	350.609
2983.87	374.385
2983.14	330.095
2982.4	374.283
2981.67	398.046
2980.93	418.402
2980.2	353.722
2979.46	384.28
2978.73	394.428
2977.99	401.174
2977.26	336.532
2976.52	360.278
2975.78	377.22
2975.05	397.556
2974.31	383.912
2973.58	421.226
2972.84	332.859
2972.1	393.942
2971.37	393.888
2970.63	342.908
2969.9	417.543
2969.16	386.938
2968.42	393.673
2967.69	403.798
2966.95	410.529
2966.21	420.65
2965.47	437.551
2964.74	376.446
2964	393.349
2963.26	406.857
2962.53	403.411
2961.79	403.356
2961.05	427.025
2960.31	406.634
2959.57	440.46
2958.84	369.258
2958.1	433.565
2957.36	443.666
2956.62	399.583
2955.88	369.056
2955.14	446.869
2954.41	402.804
2953.67	406.133
2952.93	406.078
2952.19	392.488
2951.45	439.797
2950.71	426.206
2949.97	443.058
2949.23	446.379
2948.49	429.412
2947.75	405.688
2947.02	361.689
2946.28	466.414
2945.54	405.521
2944.8	429.118
2944.06	418.924
2943.32	415.489
2942.58	418.809
2941.84	411.998
2941.09	371.423
2940.35	435.518
2939.61	357.818
2938.87	445.524
2938.13	442.088
2937.39	428.53
2936.65	455.462
2935.91	398.053
2935.17	438.473
2934.43	391.199
2933.69	451.84
2932.94	448.407
2932.2	418.006
2931.46	465.137
2930.72	454.963
2929.98	454.901
2929.23	421.146
2928.49	451.407
2927.75	404.19
2927.01	373.824
2926.27	390.61
2925.52	404.024
2924.78	403.968
2924.04	440.938
2923.29	413.954
2922.55	440.817
2921.81	400.382
2921.07	413.784
2920.32	403.636
2919.58	437.212
2918.84	423.702
2918.09	396.746
2917.35	376.52
2916.6	426.889
2915.86	416.748
2915.12	406.609
2914.37	396.474
2913.63	430.014
2912.88	453.468
2912.14	376.159
2911.4	446.628
2910.65	399.56
2909.91	369.29
2909.16	375.953
2908.42	419.533
2907.67	402.696
2906.93	422.773
2906.18	429.425
2905.44	385.759
2904.69	378.998
2903.95	395.713
2903.2	422.483
2902.45	409.015
2901.71	425.72
2900.96	398.848
2900.22	418.901
2899.47	398.739
2898.72	381.933
2897.98	345.032
2897.23	381.828
2896.48	385.124
2895.74	408.511
2894.99	348.191
2894.24	381.618
2893.5	411.69
2892.75	414.98
2892	394.846
2891.26	354.643
2890.51	401.428
2889.76	428.131
2889.01	438.106
2888.27	391.231
2887.52	384.491
2886.77	357.695
2886.02	401.098
2885.27	391.017
2884.53	394.305
2883.78	384.227
2883.03	384.175
2882.28	364.081
2881.53	387.409
2880.78	384.017
2880.04	430.707
2879.29	400.603
2878.54	410.562
2877.79	400.493
2877.04	343.709
2876.29	346.999
2875.54	403.664
2874.79	423.623
2874.04	403.554
2873.29	350.143
2872.54	406.777
2871.79	376.717
2871.04	416.665
2870.29	393.278
2869.54	396.557
2868.79	383.174
2868.04	393.116
2867.29	383.069
2866.54	373.025
2865.79	402.945
2865.04	359.604
2864.29	392.847
2863.54	436.067
2862.79	339.486
2862.03	405.996
2861.28	419.25
2860.53	419.193
2859.78	395.85
2859.03	395.795
2858.28	355.835
2857.52	405.662
2856.77	405.606
2856.02	362.336
2855.27	375.582
2854.52	362.237
2853.76	395.415
2853.01	368.782
2852.26	372.054
2851.51	388.61
2850.75	371.951
2850	385.183
2849.25	411.69
2848.49	404.995
2847.74	438.131
2846.99	408.202
2846.23	398.191
2845.48	384.865
2844.73	371.543
2843.97	447.781
2843.22	361.492
2842.47	397.918
2841.71	411.126
2840.96	437.59
2840.2	384.496
2839.45	397.7
2838.69	444.037
2837.94	430.723
2837.19	397.536
2836.43	364.358
2835.68	397.427
2834.92	364.258
2834.17	423.805
2833.41	420.437
2832.66	354.178
2831.9	397.154
2831.14	377.244
2830.39	387.119
2829.63	423.456
2828.88	443.245
2828.12	393.574
2827.37	419.975
2826.61	416.611
2825.85	419.86
2825.1	442.941
2824.34	396.609
2823.58	389.945
2822.83	373.371
2822.07	419.571
2821.31	419.514
2820.56	452.484
2819.8	422.701
2819.04	409.435
2818.29	406.078
2817.53	458.838
2816.77	415.868
2816.01	429.011
2815.26	445.45
2814.5	418.996
2813.74	438.73
2812.98	445.267
2812.22	448.503
2811.47	389.089
2810.71	438.489
2809.95	375.796
2809.19	392.225
2808.43	451.491
2807.67	428.363
2806.91	477.724
2806.16	431.54
2805.4	441.362
2804.64	441.301
2803.88	421.483
2803.12	470.811
2802.36	421.368
2801.6	447.642
2800.84	506.819
2800.08	480.424
2799.32	427.716
2798.56	467.134
2797.8	444.045
2797.04	483.449
2796.28	460.364
2795.52	493.18
2794.76	479.962
2794	437.166
2793.24	456.825
2792.48	473.192
2791.72	515.84
2790.96	482.918
2790.19	492.706
2789.43	482.785
2788.67	459.732
2787.91	456.386
2787.15	489.152
2786.39	495.65
2785.63	489.018
2784.86	538.174
2784.1	498.726
2783.34	505.219
2782.58	495.309
2781.82	491.961
2781.05	531.245
2780.29	557.403
2779.53	504.872
2778.77	524.47
2778	494.901
2777.24	517.772
2776.48	520.977
2775.71	573.324
2774.95	569.97
2774.19	569.891
2773.42	599.286
2772.66	559.912
2771.9	579.478
2771.13	536.844
2770.37	589.138
2769.6	641.417
2768.84	628.241
2768.08	644.512
2767.31	654.237
2766.55	690.126
2765.78	660.598
2765.02	617.999
2764.25	729.074
2763.49	670.132
2762.72	679.846
2761.96	748.381
2761.19	771.151
2760.43	692.634
2759.66	774.206
2758.9	761.035
2758.13	728.272
2757.37	773.887
2756.6	728.072
2755.84	806.318
2755.07	881.279
2754.3	841.996
2753.54	802.723
2752.77	962.482
2752.01	998.234
2751.24	890.459
2750.47	971.869
2749.71	1017.39
2748.94	994.425
2748.17	1030.15
2747.4	984.373
2746.64	1059.2
2745.87	1107.93
2745.1	1146.87
2744.34	1153.23
2743.57	1208.45
2742.8	1208.28
2742.03	1175.55
2741.27	1224.23
2740.5	1194.76
2739.73	1197.85
2738.96	1292.07
2738.19	1461.11
2737.42	1412.1
2736.66	1398.89
2735.89	1437.73
2735.12	1421.27
2734.35	1577.17
2733.58	1632.23
2732.81	1579.99
2732.04	1544.01
2731.27	1605.55
2730.5	1598.83
2729.74	1715.59
2728.97	1692.61
2728.2	1760.59
2727.43	1705.13
2726.66	1766.6
2725.89	1857.27
2725.12	1876.5
2724.35	1843.78
2723.58	1905.19
2722.81	1927.64
2722.04	1823.55
2721.26	1927.11
2720.49	1969.02
2719.72	1926.58
2718.95	2010.64
2718.18	1997.39
2717.41	1942
2716.64	2087.6
2715.87	2103.52
2715.1	2125.92
2714.32	2106.18
2713.55	2112.37
2712.78	2121.8
2712.01	2092.36
2711.24	2085.59
2710.47	2010.83
2709.69	2068.83
2708.92	2036.18
2708.15	2139.47
2707.38	2071.21
2706.6	2083.87
2705.83	2187.12
2705.06	2128.59
2704.28	2150.94
2703.51	2134.47
2702.74	2098.61
2701.97	2143.58
2701.19	2185.31
2700.42	2188.24
2699.65	2120.07
2698.87	2055.15
2698.1	2074.26
2697.32	2183.81
2696.55	2164.13
2695.78	2050.79
2695	2053.74
2694.23	2066.37
2693.45	2062.86
2692.68	2120.68
2691.9	1971.92
2691.13	2129.77
2690.35	2000.42
2689.58	2054.99
2688.8	1996.64
2688.03	2096.35
2687.25	1931.6
2686.48	2102.22
2685.7	1976.2
2684.93	2017.83
2684.15	1930.54
2683.38	1933.49
2682.6	1923.56
2681.82	1891.08
2681.05	1858.61
2680.27	1835.81
2679.5	1858.09
2678.72	1844.96
2677.94	1696.61
2677.17	1776.85
2676.39	1676.84
2675.61	1757.06
2674.83	1682.81
2674.06	1589.28
2673.28	1640.53
2672.5	1723.93
2671.73	1533.95
2670.95	1607.7
2670.17	1626.76
2669.39	1559.04
2668.62	1555.61
2667.84	1478.27
2667.06	1484.49
2666.28	1413.6
2665.5	1503.35
2664.72	1426.06
2663.95	1355.21
2663.17	1470.62
2662.39	1415.84
2661.61	1367.49
2660.83	1325.58
2660.05	1312.56
2659.27	1357.3
2658.49	1308.99
2657.71	1212.57
2656.93	1238.07
2656.16	1247.52
2655.38	1160.77
2654.6	1211.91
2653.82	1195.71
2653.04	1147.47
2652.26	1092.83
2651.48	1175.99
2650.7	1153.4
2649.92	1098.78
2649.13	1053.79
2648.35	1098.48
2647.57	1002.27
2646.79	1037.35
2646.01	989.184
2645.23	915.43
2644.45	1027.32
2643.67	950.376
2642.89	927.849
2642.11	940.517
2641.32	940.388
2640.54	917.871
2639.76	920.942
2638.98	946.393
2638.2	888.72
2637.41	885.401
2636.63	853.319
2635.85	878.766
2635.07	843.499
2634.28	811.436
2633.5	833.684
2632.72	760.113
2631.94	811.101
2631.15	817.375
2630.37	804.492
2629.59	794.805
2628.8	785.121
2628.02	785.013
2627.24	740.235
2626.45	772.035
2625.67	752.79
2624.89	797.337
2624.1	714.316
2623.32	765.233
2622.53	650.358
2621.75	694.895
2620.96	669.302
2620.18	681.956
2619.4	669.117
2618.61	707.255
2617.83	653.005
2617.04	713.43
2616.26	694.224
2615.47	636.815
2614.69	646.278
2613.9	646.189
2613.11	655.648
2612.33	601.458
2611.54	607.739
2610.76	636.288
2609.97	585.304
2609.19	613.849
2608.4	648.745
2607.61	620.039
2606.83	594.519
2606.04	556.291
2605.25	543.501
2604.47	565.672
2603.68	517.931
2602.89	571.87
2602.11	594.027
2601.32	638.412
2600.53	606.566
2599.74	552.502
2598.96	552.426
2598.17	625.362
2597.38	590.362
2596.59	558.545
2595.81	612.41
2595.02	523.491
2594.23	551.969
2593.44	570.924
2592.65	545.474
2591.87	602.475
2591.08	494.596
2590.29	475.507
2589.5	529.325
2588.71	551.436
2587.92	541.854
2587.13	525.937
2586.34	487.85
2585.55	538.462
2584.76	563.723
2583.98	544.646
2583.19	468.584
2582.4	459.023
2581.61	531.76
2580.82	493.709
2580.03	525.284
2579.24	541.031
2578.45	544.12
2577.66	487.11
2576.86	496.531
2576.07	502.787
2575.28	518.526
2574.49	483.68
2573.7	537.348
2572.91	451.942
2572.12	508.76
2571.33	480.253
2570.54	445.437
2569.75	435.899
2568.95	448.472
2568.16	479.988
2567.37	495.709
2566.58	495.64
2565.79	476.633
2564.99	536.532
2564.2	460.723
2563.41	495.367
2562.62	482.679
2561.82	476.304
2561.03	432.084
2560.24	488.786
2559.45	488.719
2558.65	494.956
2557.86	428.693
2557.07	501.123
2556.27	488.449
2555.48	472.627
2554.69	453.659
2553.89	491.396
2553.1	456.683
2552.31	437.726
2551.51	459.706
2550.72	462.791
2549.92	494.205
2549.13	487.842
2548.33	456.305
2547.54	459.389
2546.75	453.033
2545.95	506.446
2545.16	462.343
2544.36	452.845
2543.57	481.082
2542.77	427.569
2541.98	433.797
2541.18	452.595
2540.38	433.677
2539.59	421.048
2538.79	452.407
2538	483.758
2537.2	486.832
2536.4	483.624
2535.61	483.557
2534.81	423.839
2534.02	467.728
2533.22	442.554
2532.42	486.428
2531.63	505.188
2530.83	451.783
2530.03	479.953
2529.24	392.064
2528.44	476.684
2527.64	391.956
2526.84	457.741
2526.05	495.295
2525.25	416.868
2524.45	451.283
2523.65	407.352
2522.85	451.159
2522.06	407.24
2521.26	463.563
2520.46	476.025
2519.66	463.434
2518.86	488.417
2518.06	441.393
2517.27	447.592
2516.47	450.66
2515.67	422.435
2514.87	453.664
2514.07	428.575
2513.27	478.561
2512.47	453.476
2511.67	469.048
2510.87	456.477
2510.07	459.54
2509.27	493.859
2508.47	481.29
2507.67	493.722
2506.87	424.918
2506.07	427.983
2505.27	493.518
2504.47	452.849
2503.67	480.891
2502.87	502.68
2502.07	455.783
2501.27	521.269
2500.47	477.504
2499.67	480.558
2498.87	474.251
2498.06	530.339
2497.26	511.551
2496.46	483.411
2495.66	455.279
2494.86	477.042
2494.06	480.093
2493.25	467.558
2492.45	551.643
2491.65	489.242
2490.85	492.29
2490.04	551.414
2489.24	467.235
2488.44	535.689
2487.64	482.676
2486.83	460.814
2486.03	494.995
2485.23	504.265
2484.42	507.307
2483.62	525.909
2482.82	488.498
2482.01	510.208
2481.21	544.354
2480.41	528.728
2479.6	528.655
2478.8	519.254
2477.99	522.291
2477.19	469.375
2476.38	553.226
2475.58	494.106
2474.78	518.894
2473.97	580.957
2473.17	534.282
2472.36	515.573
2471.56	593.138
2470.75	509.22
2469.95	586.764
2469.14	577.371
2468.33	496.594
2467.53	620.657
2466.72	539.897
2465.92	546.027
2465.11	542.849
2464.31	592.399
2463.5	589.216
2462.69	623.242
2461.89	564.251
2461.08	567.272
2460.27	629.182
2459.47	573.313
2458.66	520.558
2457.85	548.369
2457.05	579.271
2456.24	588.482
2455.43	572.916
2454.62	560.451
2453.82	547.99
2453.01	551.01
2452.2	569.504
2451.39	569.425
2450.59	569.346
2449.78	507.391
2448.97	593.936
2448.16	550.552
2447.35	569.031
2446.54	550.399
2445.74	553.415
2444.93	528.608
2444.12	534.717
2443.31	525.371
2442.5	550.018
2441.69	531.405
2440.88	528.242
2440.07	580.677
2439.26	512.654
2438.45	500.232
2437.64	521.775
2436.83	490.832
2436.02	518.544
2435.21	521.558
2434.4	536.914
2433.59	546.096
2432.78	487.408
2431.97	508.931
2431.16	511.945
2430.35	499.54
2429.54	487.138
2428.73	465.491
2427.92	437.686
2427.11	486.935
2426.3	449.89
2425.48	459.071
2424.67	471.33
2423.86	452.784
2423.05	471.199
2422.24	428.024
2421.43	421.807
2420.61	449.454
2419.8	470.938
2418.99	458.563
2418.18	458.499
2417.36	439.975
2416.55	482.982
2415.74	489.067
2414.93	473.622
2414.11	418.206
2413.3	411.999
2412.49	418.09
2411.67	368.852
2410.86	390.314
2410.05	411.77
2409.23	460.873
2408.42	384.008
2407.6	380.883
2406.79	383.901
2405.98	439.122
2405.16	442.131
2404.35	380.671
2403.53	411.314
2402.72	368.29
2401.9	435.749
2401.09	423.416
2400.27	444.832
2399.46	420.231
2398.64	423.24
2397.83	377.183
2397.01	370.998
2396.2	416.932
2395.38	401.548
2394.57	429.076
2393.75	373.857
2392.93	376.869
2392.12	438.088
2391.3	416.585
2390.49	441.029
2389.67	431.781
2388.85	434.783
2388.04	407.17
2387.22	382.626
2386.4	422.36
2385.59	361.098
2384.77	452.84
2383.95	391.591
2383.13	461.891
2382.32	385.366
2381.5	406.718
2380.68	443.353
2379.86	440.235
2379.05	394.322
2378.23	372.873
2377.41	409.492
2376.59	403.325
2375.77	400.214
2374.96	418.486
2374.14	418.428
2373.32	396.993
2372.5	427.472
2371.68	436.571
2370.86	396.828
2370.04	381.512
2369.22	378.408
2368.4	356.997
2367.58	433.218
2366.77	362.998
2365.95	390.398
2365.13	439.136
2364.31	420.781
2363.49	390.235
2362.67	426.761
2361.85	332.217
2361.02	402.263
2360.2	374.784
2359.38	396.058
2358.56	365.541
2357.74	432.497
2356.92	411.119
2356.1	417.152
2355.28	456.673
2354.46	435.301
2353.64	423.066
2352.82	426.05
2351.99	371.221
2351.17	386.381
2350.35	377.202
2349.53	434.938
2348.71	392.302
2347.88	398.329
2347.06	392.194
2346.24	410.378
2345.42	352.572
2344.59	392.03
2343.77	373.744
2342.95	388.883
2342.13	422.244
2341.3	370.551
2340.48	355.315
2339.66	364.376
2338.83	349.145
2338.01	367.31
2337.18	382.435
2336.36	373.277
2335.54	418.741
2334.71	391.377
2333.89	385.256
2333.06	418.567
2332.24	433.672
2331.42	482.127
2330.59	527.538
2329.77	472.899
2328.94	478.896
2328.12	415.187
2327.29	412.099
2326.47	387.804
2325.64	405.926
2324.82	442.217
2323.99	420.956
2323.16	399.701
2322.34	369.369
2321.51	378.4
2320.69	366.24
2319.86	387.374
2319.04	351.009
2318.21	384.24
2317.38	369.062
2316.56	399.257
2315.73	399.202
2314.9	353.789
2314.08	353.739
2313.25	408.104
2312.42	386.889
2311.59	404.969
2310.77	374.695
2309.94	435.069
2309.11	365.528
2308.28	392.662
2307.46	383.547
2306.63	347.258
2305.8	374.383
2304.97	353.199
2304.14	413.517
2303.32	377.245
2302.49	401.332
2301.66	392.225
2300.83	346.92
2300	431.328
2299.17	370.951
2298.34	410.1
2297.51	334.667
2296.68	391.898
2295.86	388.83
2295.03	391.789
2294.2	385.708
2293.37	358.538
2292.54	412.713
2291.71	466.874
2290.88	373.447
2290.05	415.552
2289.22	397.43
2288.39	379.312
2287.55	364.209
2286.72	412.312
2285.89	415.264
2285.06	430.25
2284.23	379.048
2283.4	409.075
2282.57	363.905
2281.74	351.827
2280.91	414.917
2280.07	387.803
2279.24	384.744
2278.41	378.679
2277.58	417.691
2276.75	390.592
2275.91	414.571
2275.08	411.51
2274.25	366.403
2273.42	357.343
2272.58	408.336
2271.75	393.268
2270.92	411.224
2270.09	396.16
2269.25	384.102
2268.42	345.044
2267.59	386.995
2266.75	383.942
2265.92	446.87
2265.09	368.841
2264.25	416.763
2263.42	407.711
2262.58	368.687
2261.75	380.624
2260.92	377.575
2260.08	380.518
2259.25	392.448
2258.41	377.417
2257.58	398.329
2256.74	353.356
2255.91	398.218
2255.07	422.113
2254.24	353.208
2253.4	383.088
2252.57	389.019
2251.73	353.061
2250.9	391.903
2250.06	367.918
2249.22	388.803
2248.39	397.72
2247.55	412.614
2246.72	439.463
2245.88	370.652
2245.04	382.555
2244.21	403.42
2243.37	382.448
2242.53	382.395
2241.7	319.614
2240.86	391.248
2240.02	373.277
2239.18	349.338
2238.35	403.027
2237.51	358.196
2236.67	358.146
2235.83	387.937
2235	390.867
2234.16	408.713
2233.32	402.69
2232.48	393.686
2231.64	357.847
2230.8	393.577
2229.97	426.315
2229.13	369.621
2228.29	408.314
2227.45	402.297
2226.61	420.119
2225.77	437.935
2224.93	357.448
2224.09	393.138
2223.25	393.084
2222.41	434.714
2221.57	369.158
2220.73	372.083
2219.89	398.817
2219.05	392.81
2218.21	398.706
2217.37	371.875
2216.53	336.129
2215.69	395.565
2214.85	386.589
2214.01	416.268
2213.17	380.535
2212.33	401.29
2211.49	368.541
2210.65	395.235
2209.8	368.438
2208.96	401.066
2208.12	409.922
2207.28	386.104
2206.44	418.716
2205.6	388.966
2204.75	415.631
2203.91	365.11
2203.07	368.027
2202.23	436.23
2201.38	379.793
2200.54	442.042
2199.7	409.351
2198.86	406.328
2198.01	409.237
2197.17	409.179
2196.33	376.511
2195.48	432.779
2194.64	394.189
2193.8	391.171
2192.95	376.301
2192.11	420.688
2191.26	373.234
2190.42	429.456
2189.58	399.782
2188.73	379
2187.89	396.71
2187.04	364.094
2186.2	426.197
2185.35	446.852
2184.51	369.859
2183.66	357.974
2182.82	369.756
2181.97	428.857
2181.13	416.969
2180.28	396.213
2179.44	357.724
2178.59	354.718
2177.74	396.047
2176.9	434.409
2176.05	392.982
2175.21	398.836
2174.36	407.642
2173.51	339.654
2172.67	401.622
2171.82	386.802
2170.97	389.701
2170.13	374.887
2169.28	392.543
2168.43	448.558
2167.59	386.533
2166.74	421.881
2165.89	410.023
2165.04	412.915
2164.19	371.572
2163.35	403.954
2162.5	365.572
2161.65	421.528
2160.8	386.101
2159.95	424.357
2159.11	418.405
2158.26	356.479
2157.41	374.103
2156.56	388.777
2155.71	435.841
2154.86	447.558
2154.01	415.111
2153.16	376.786
2152.31	420.882
2151.46	420.823
2150.61	385.455
2149.76	358.923
2148.92	388.289
2148.07	388.235
2147.21	405.825
2146.36	385.186
2145.51	402.772
2144.66	358.623
2143.81	414.416
2142.96	423.174
2142.11	431.93
2141.26	378.988
2140.41	381.872
2139.56	334.826
2138.71	428.752
2137.86	402.266
2137	428.633
2136.15	405.089
2135.3	410.903
2134.45	352.153
2133.6	431.327
2132.74	393.128
2131.89	378.406
2131.04	413.549
2130.19	425.221
2129.34	419.298
2128.48	451.488
2127.63	407.455
2126.78	381.02
2125.92	380.967
2125.07	404.354
2124.22	442.384
2123.36	418.888
2122.51	401.256
2121.66	415.842
2120.8	377.72
2119.95	424.509
2119.09	403.959
2118.24	368.781
2117.39	409.699
2116.53	389.16
2115.68	392.031
2114.82	383.201
2113.97	415.32
2113.11	426.959
2112.26	435.672
2111.4	406.375
2110.55	400.472
2109.69	415.03
2108.84	426.661
2107.98	435.367
2107.13	426.542
2106.27	446.93
2105.41	417.66
2104.56	411.762
2103.7	391.265
2102.84	420.405
2101.99	411.589
2101.13	429.043
2100.28	402.719
2099.42	388.074
2098.56	385.102
2097.7	425.886
2096.85	437.493
2095.99	425.767
2095.13	399.466
2094.27	384.833
2093.42	413.929
2092.56	361.408
2091.7	410.899
2090.84	437.065
2089.99	396.217
2089.13	390.336
2088.27	384.456
2087.41	433.909
2086.55	384.349
2085.69	457.078
2084.83	422.083
2083.98	404.561
2083.12	372.493
2082.26	384.08
2081.4	442.212
2080.54	433.424
2079.68	418.821
2078.82	398.406
2077.96	398.35
2077.1	392.48
2076.24	380.797
2075.38	409.808
2074.52	430.093
2073.66	409.694
2072.8	459.025
2071.94	418.294
2071.08	426.948
2070.22	389.137
2069.35	421.022
2068.49	400.64
2067.63	412.196
2066.77	391.821
2065.91	420.786
2065.05	426.53
2064.19	458.383
2063.32	435.113
2062.46	408.949
2061.6	420.492
2060.74	434.931
2059.88	350.795
2059.01	408.72
2058.15	405.765
2057.29	411.504
2056.43	443.319
2055.56	379.521
2054.7	396.848
2053.84	428.651
2052.97	417.008
2052.11	379.308
2051.25	434.261
2050.38	411.043
2049.52	454.4
2048.65	431.185
2047.79	448.486
2046.93	425.278
2046.06	364.473
2045.2	413.59
2044.33	396.181
2043.47	445.28
2042.6	393.18
2041.74	419.14
2040.87	445.093
2040.01	421.912
2039.14	433.411
2038.28	381.348
2037.41	421.735
2036.55	421.676
2035.68	415.842
2034.82	415.783
2033.95	438.821
2033.08	461.852
2032.22	427.153
2031.35	447.294
2030.48	464.543
2029.62	438.514
2028.75	458.644
2027.88	449.927
2027.02	421.027
2026.15	446.918
2025.28	418.026
2024.42	392.025
2023.55	423.673
2022.68	426.496
2021.81	429.317
2020.95	437.9
2020.08	440.719
2019.21	457.938
2018.34	463.633
2017.47	454.93
2016.61	469.261
2015.74	434.653
2014.87	411.568
2014	431.654
2013.13	414.33
2012.26	451.671
2011.39	405.584
2010.52	434.288
2009.65	416.973
2008.78	370.91
2007.91	439.855
2007.04	491.534
2006.18	431.11
2005.31	442.544
2004.43	405.129
2003.56	410.818
2002.69	407.888
2001.82	404.959
2000.95	436.49
2000.08	442.172
1999.21	456.464
1998.34	424.825
1997.47	413.285
1996.6	424.706
1995.73	427.516
1994.86	447.537
1993.98	453.212
1993.11	441.676
1992.24	427.276
1991.37	441.552
1990.5	435.757
1989.62	412.764
1988.75	432.768
1987.88	424.111
1987.01	438.377
1986.13	504.206
1985.26	426.797
1984.39	432.465
1983.52	406.632
1982.64	440.933
1981.77	412.243
1980.9	455.121
1980.02	466.506
1979.15	426.378
1978.28	434.902
1977.4	391.929
1976.53	437.64
1975.65	420.419
1974.78	463.253
1973.9	440.315
1973.03	388.795
1972.16	451.625
1971.28	428.698
1970.41	394.347
1969.53	457.149
1968.66	445.658
1967.78	439.883
1966.91	454.101
1966.03	411.203
1965.15	419.711
1964.28	442.491
1963.4	459.555
1962.53	430.95
1961.65	448.011
1960.77	408.004
1959.9	473.561
1959.02	405.037
1958.14	439.204
1957.27	390.666
1956.39	410.569
1955.51	427.616
1954.64	433.257
1953.76	433.196
1952.88	464.48
1952.01	421.678
1951.13	455.804
1950.25	469.981
1949.37	415.804
1948.49	421.441
1947.62	449.853
1946.74	424.169
1945.86	472.498
1944.98	449.664
1944.1	452.446
1943.22	446.692
1942.35	489.301
1941.47	435.189
1940.59	429.44
1939.71	449.285
1938.83	412.261
1937.95	432.102
1937.07	443.411
1936.19	423.455
1935.31	431.92
1934.43	446.065
1933.55	431.799
1932.67	471.504
1931.79	448.717
1930.91	411.74
1930.03	408.843
1929.15	414.463
1928.27	394.536
1927.39	425.698
1926.51	405.775
1925.62	431.253
1924.74	414.172
1923.86	436.805
1922.98	436.743
1922.1	456.531
1921.22	442.291
1920.34	445.064
1919.45	425.16
1918.57	433.603
1917.69	444.876
1916.81	410.815
1915.92	402.259
1915.04	450.353
1914.16	404.978
1913.28	396.426
1912.39	421.851
1911.51	430.284
1910.63	430.224
1909.74	449.974
1908.86	407.466
1907.98	401.75
1907.09	421.496
1906.21	432.75
1905.32	460.97
1904.44	429.801
1903.56	415.604
1902.67	398.585
1901.79	446.578
1900.9	480.428
1900.02	483.186
1899.13	423.788
1898.25	454.802
1897.36	477.333
1896.48	429.257
1895.59	440.491
1894.71	437.606
1893.82	423.43
1892.93	426.193
1892.05	457.176
1891.16	380.926
1890.28	406.264
1889.39	414.67
1888.5	417.432
1887.62	397.633
1886.73	442.692
1885.84	394.702
1884.96	459.481
1884.07	428.413
1883.18	456.533
1882.3	431.11
1881.41	411.328
1880.52	439.439
1879.63	464.726
1878.75	436.499
1877.86	458.964
1876.97	458.899
1876.08	461.65
1875.19	481.286
1874.31	399.608
1873.42	427.69
1872.53	430.443
1871.64	472.577
1870.75	458.447
1869.86	435.885
1868.97	430.201
1868.08	432.951
1867.19	430.079
1866.3	460.935
1865.41	413.097
1864.52	424.278
1863.64	393.315
1862.75	441.013
1861.85	454.994
1860.96	418.423
1860.07	423.98
1859.18	463.224
1858.29	432.281
1857.4	457.48
1856.51	406.904
1855.62	451.74
1854.73	412.4
1853.84	448.807
1852.95	471.181
1852.06	431.855
1851.16	454.226
1850.27	386.878
1849.38	468.113
1848.49	468.047
1847.6	437.156
1846.7	481.925
1845.81	479.055
1844.92	431.369
1844.03	456.515
1843.13	417.246
1842.24	403.188
1841.35	425.527
1840.45	453.458
1839.56	411.414
1838.67	442.137
1837.77	444.873
1836.88	419.632
1835.99	453.139
1835.09	419.514
1834.2	427.844
1833.3	436.172
1832.41	483.635
1831.52	436.049
1830.62	458.346
1829.73	455.487
1828.83	477.774
1827.94	410.661
1827.04	455.294
1826.15	385.409
1825.25	463.543
1824.36	477.438
1823.46	466.204
1822.57	429.852
1821.67	418.628
1820.77	454.845
1819.88	432.46
1818.98	432.399
1818.08	465.81
1817.19	462.955
1816.29	387.601
1815.4	460.037
1814.5	401.43
1813.6	484.993
1812.7	501.646
1811.81	470.923
1810.91	415.134
1810.01	442.933
1809.12	459.583
1808.22	456.733
1807.32	395.408
1806.42	420.41
1805.52	453.756
1804.63	423.075
1803.73	428.581
1802.83	434.086
1801.93	442.371
1801.03	428.4
1800.13	456.154
1799.23	444.965
1798.33	444.902
1797.44	428.158
1796.54	444.777
1795.64	486.406
1794.74	475.221
1793.84	447.367
1792.94	430.634
1792.04	455.575
1791.14	444.4
1790.24	402.681
1789.34	499.809
1788.44	463.647
1787.54	458.029
1786.64	480.169
1785.73	427.373
1784.83	443.962
1783.93	457.771
1783.03	454.932
1782.13	471.51
1781.23	504.721
1780.33	438.103
1779.42	460.22
1778.52	468.471
1777.62	471.177
1776.72	451.712
1775.82	429.481
1774.91	470.977
1774.01	457.061
1773.11	462.535
1772.21	443.085
1771.3	426.409
1770.4	476.182
1769.5	489.955
1768.59	451.138
1767.69	451.074
1766.79	481.447
1765.88	445.414
1764.98	473.013
1764.08	478.477
1763.17	481.175
1762.27	436.867
1761.36	469.981
1760.46	503.085
1759.55	472.612
1758.65	472.545
1757.74	447.611
1756.84	488.988
1755.93	524.828
1755.03	519.23
1754.12	488.78
1753.22	496.995
1752.31	480.36
1751.41	469.251
1750.5	485.744
1749.6	504.992
1748.69	529.753
1747.78	540.713
1746.88	507.537
1745.97	452.306
1745.06	479.818
1744.16	526.622
1743.25	512.763
1742.34	482.371
1741.44	526.399
1740.53	465.7
1739.62	484.921
1738.71	460.059
1737.81	490.293
1736.9	495.732
1735.99	473.633
1735.08	481.825
1734.17	487.263
1733.27	569.77
1732.36	536.664
1731.45	487.057
1730.54	489.739
1729.63	495.172
1728.72	530.859
1727.81	541.785
1726.91	470.214
1726	478.395
1725.09	527.81
1724.18	483.757
1723.27	483.689
1722.36	513.847
1721.45	500.037
1720.54	477.99
1719.63	530.109
1718.72	519.049
1717.81	557.418
1716.9	532.63
1715.99	485.887
1715.07	521.5
1714.16	485.75
1713.25	551.536
1712.34	510.304
1711.43	512.975
1710.52	523.874
1709.61	490.891
1708.69	523.726
1707.78	504.46
1706.87	520.836
1705.96	476.909
1705.05	512.468
1704.13	487.734
1703.22	523.281
1702.31	484.857
1701.4	542.306
1700.48	509.367
1699.57	536.676
1698.66	479.107
1697.74	547.474
1696.83	547.396
1695.92	487.114
1695	530.824
1694.09	538.956
1693.18	511.526
1692.26	538.804
1691.35	519.585
1690.43	494.903
1689.52	508.502
1688.6	552.166
1687.69	530.223
1686.77	513.752
1685.86	513.679
1684.94	538.194
1684.03	540.849
1683.11	546.235
1682.2	499.734
1681.28	505.124
1680.37	562.383
1679.45	515.9
1678.54	534.931
1677.62	567.602
1676.7	540.237
1675.79	564.713
1674.87	531.901
1673.95	523.643
1673.04	542.658
1672.12	531.675
1671.2	553.409
1670.29	596.943
1669.37	520.547
1668.45	558.624
1667.53	550.371
1666.62	593.88
1665.7	580.177
1664.78	569.201
1663.86	577.289
1662.94	590.821
1662.02	522.68
1661.11	571.6
1660.19	579.684
1659.27	541.506
1658.35	574.078
1657.43	590.319
1656.51	592.955
1655.59	625.506
1654.67	655.329
1653.75	570.953
1652.83	603.493
1651.91	597.971
1650.99	622.346
1650.07	643.996
1649.15	614.018
1648.23	649.246
1647.31	624.709
1646.39	589.316
1645.47	678.839
1644.55	659.738
1643.63	678.646
1642.71	743.691
1641.79	702.878
1640.87	727.2
1639.95	751.514
1639.02	702.58
1638.1	819.108
1637.18	791.873
1636.26	780.914
1635.34	837.737
1634.41	834.908
1633.49	905.259
1632.57	937.65
1631.65	1026.93
1630.72	1056.59
1629.8	1124.16
1628.88	1202.54
1627.95	1362.15
1627.03	1424.23
1626.11	1656.86
1625.18	1686.4
1624.26	1661.8
1623.34	1894.29
1622.41	1931.9
1621.49	1964.09
1620.56	2017.91
1619.64	2023.04
1618.72	2079.54
1617.79	2019.76
1616.87	2000.55
1615.94	2062.43
1615.02	2016.2
1614.09	1996.99
1613.17	1891.34
1612.24	1953.2
1611.31	2033.96
1610.39	1841.92
1609.46	1976.67
1608.54	2054.69
1607.61	2046.3
1606.69	2137.79
1605.76	2196.86
1604.83	2293.69
1603.91	2482.23
1602.98	2508.86
1602.05	2627.18
1601.13	2783.23
1600.2	3036.31
1599.27	3219.22
1598.34	3232.24
1597.42	3633.39
1596.49	3735.29
1595.56	3909.91
1594.63	4176.09
1593.7	4668.47
1592.78	4745.92
1591.85	5122.28
1590.92	5555.08
1589.99	6030.83
1589.06	6253.41
1588.13	6693.94
1587.2	6932.5
1586.28	7432.01
1585.35	7729.59
1584.42	8035.16
1583.49	8181.95
1582.56	8616.45
1581.63	8706.65
1580.7	8444.63
1579.77	8274.07
1578.84	8181.51
1577.91	7914.3
1576.98	7504.76
1576.05	7033.53
1575.12	6503.35
1574.19	6086.12
1573.25	5779.11
1572.32	5394.32
1571.39	4926.42
1570.46	4630.45
1569.53	4208.41
1568.6	3818.7
1567.67	3654.48
1566.73	3361.54
1565.8	3055.26
1564.87	2931.46
1563.94	2805
1563.01	2595.47
1562.07	2493.22
1561.14	2165.85
1560.21	2119.98
1559.27	1988.37
1558.34	1910.38
1557.41	1872.61
1556.48	1826.8
1555.54	1770.3
1554.61	1566.53
1553.67	1488.67
1552.74	1491.13
1551.81	1375.82
1550.87	1351.54
1549.94	1284.45
1549	1308.35
1548.07	1353.64
1547.13	1184.93
1546.2	1232.9
1545.26	1160.53
1544.33	1144.32
1543.39	1170.89
1542.46	1045.1
1541.52	1085.04
1540.59	1010.07
1539.65	1047.33
1538.72	1041.83
1537.78	990.937
1536.84	1044.21
1535.91	931.91
1534.97	977.165
1534.04	947.662
1533.1	952.865
1532.16	886.012
1531.23	912.569
1530.29	851.077
1529.35	893.637
1528.41	914.847
1527.48	965.386
1526.54	850.592
1525.6	813.146
1524.66	813.031
1523.72	796.923
1522.79	818.129
1521.85	900.613
1520.91	831.217
1519.97	785.814
1519.03	820.327
1518.09	820.21
1517.16	777.491
1516.22	809.327
1515.28	753.313
1514.34	763.852
1513.4	737.132
1512.46	808.867
1511.52	811.412
1510.58	760.757
1509.64	776.606
1508.7	781.814
1507.76	765.749
1506.82	717.788
1505.88	802.745
1504.94	738.845
1504	722.796
1503.06	794.431
1502.11	719.933
1501.17	682.644
1500.23	802.059
1499.29	786.012
1498.35	740.764
1497.41	780.479
1496.47	719.318
1495.52	751.063
1494.58	719.113
1493.64	742.89
1492.7	740.131
1491.75	742.678
1490.81	716.052
1489.87	697.388
1488.93	705.242
1487.98	734.302
1487.04	739.498
1486.1	673.139
1485.15	670.393
1484.21	678.246
1483.27	670.202
1482.32	648.918
1481.38	715.032
1480.43	706.986
1479.49	722.771
1478.54	709.432
1477.6	680.216
1476.66	733.047
1475.71	685.315
1474.77	719.61
1473.82	714.217
1472.87	669.152
1471.93	684.924
1470.98	716.556
1470.04	684.729
1469.09	681.988
1468.15	697.748
1467.2	716.147
1466.25	686.98
1465.31	663.106
1464.36	676.219
1463.42	697.251
1462.47	683.948
1461.52	654.806
1460.57	667.913
1459.63	696.853
1458.68	723.146
1457.73	725.682
1456.79	683.363
1455.84	712.284
1454.89	712.183
1453.94	688.345
1452.99	733.075
1452.05	711.878
1451.1	717.049
1450.15	732.761
1449.2	759.011
1448.25	703.566
1447.3	714.005
1446.35	713.903
1445.4	748.043
1444.46	700.531
1443.51	726.763
1442.56	745.09
1441.61	644.95
1440.66	684.339
1439.71	773.719
1438.76	676.25
1437.81	765.606
1436.86	683.949
1435.91	673.33
1434.96	749.499
1434	681.026
1433.05	754.543
1432.1	720.262
1431.15	741.186
1430.2	754.22
1429.25	727.836
1428.3	664.68
1427.35	672.465
1426.39	753.789
1425.44	772.064
1424.49	698.434
1423.54	750.841
1422.58	742.859
1421.63	761.125
1420.68	724.277
1419.73	763.531
1418.77	787.033
1417.82	760.69
1416.87	784.186
1415.91	726.383
1414.96	700.059
1414.01	831.038
1413.05	857.131
1412.1	773.143
1411.15	814.959
1410.19	799.122
1409.24	791.149
1408.28	811.991
1407.33	769.971
1406.37	851.037
1405.42	814.261
1404.46	795.82
1403.51	845.438
1402.55	900.275
1401.6	887.063
1400.64	818.912
1399.69	939.129
1398.73	891.914
1397.77	891.787
1396.82	860.281
1395.86	949.05
1394.91	980.283
1393.95	980.143
1392.99	995.683
1392.04	1019.06
1391.08	1047.65
1390.12	1042.28
1389.16	1008.17
1388.21	1068.09
1387.25	1094.05
1386.29	1206.16
1385.33	1208.59
1384.38	1192.76
1383.42	1304.8
1382.46	1210.68
1381.5	1361.83
1380.54	1390.32
1379.59	1447.5
1378.63	1549
1377.67	1538.35
1376.71	1652.84
1375.75	1743.83
1374.79	1847.83
1373.83	1886.66
1372.87	1988
1371.91	2052.84
1370.95	2052.55
1369.99	2341.34
1369.03	2369.65
1368.07	2447.42
1367.11	2426.25
1366.15	2506.59
1365.19	2605.13
1364.23	2773.89
1363.27	2932.21
1362.31	2916.18
1361.35	3175.86
1360.39	3295.04
1359.42	3310.17
1358.46	3301.9
1357.5	3441.8
1356.54	3519.28
1355.58	3508.38
1354.61	3448.12
1353.65	3684.05
1352.69	3577.01
1351.73	3540.14
1350.77	3521.45
1349.8	3624.81
1348.84	3647.66
1347.88	3649.73
1346.91	3563.56
1345.95	3490.39
1344.99	3489.89
1344.02	3489.39
1343.06	3320.28
1342.09	3312.03
1341.13	3231.16
1340.17	3098.46
1339.2	3188.76
1338.24	2913.53
1337.27	2970.14
1336.31	2964.53
1335.34	2813.83
1334.38	2714.98
1333.41	2639.47
1332.45	2605.43
1331.48	2454.86
1330.52	2433.8
1329.55	2244.47
1328.59	2303.68
1327.62	2088.54
1326.65	2196.92
1325.69	2100.88
1324.72	2064.36
1323.75	2014.92
1322.79	1955.15
1321.82	1895.4
1320.85	1825.32
1319.89	1781.11
1318.92	1762.76
1317.95	1736.67
1316.98	1682.15
1316.02	1588.9
1315.05	1627.43
1314.08	1495.47
1313.11	1474.59
1312.14	1482.13
1311.18	1528.39
1310.21	1331.98
1309.24	1442.78
1308.27	1354.83
1307.3	1326.25
1306.33	1274.46
1305.36	1243.33
1304.39	1266.36
1303.42	1232.65
1302.46	1250.53
1301.49	1142.07
1300.52	1162.53
1299.55	1149.47
1298.58	1157.04
1297.61	1141.41
1296.63	1092.3
1295.66	1112.75
1294.69	1089.41
1293.72	1024.88
1292.75	1094.25
1291.78	1081.22
1290.81	1001.27
1289.84	972.821
1288.87	898.058
1287.89	1016.28
1286.92	946.677
1285.95	920.82
1284.98	933.547
1284.01	905.128
1283.03	930.708
1282.06	881.732
1281.09	835.341
1280.12	914.888
1279.14	883.922
1278.17	822.135
1277.2	855.412
1276.22	842.447
1275.25	857.734
1274.28	852.476
1273.3	777.901
1272.33	862.499
1271.35	831.576
1270.38	821.192
1269.41	785.152
1268.43	802.998
1267.46	820.838
1266.48	828.415
1265.51	774.444
1264.53	776.896
1263.56	815.24
1262.58	697.212
1261.61	799.628
1260.63	776.45
1259.66	773.777
1258.68	763.418
1257.7	719.764
1256.73	727.344
1255.75	763.089
1254.77	688.73
1253.8	706.551
1252.82	714.128
1251.84	734.499
1250.87	716.482
1249.89	688.236
1248.91	659.997
1247.94	759.655
1246.96	677.709
1245.98	657.156
1245	736.318
1244.02	702.98
1243.05	715.659
1242.07	710.445
1241.09	735.895
1240.11	654.035
1239.13	676.931
1238.15	666.617
1237.17	653.753
1236.2	697.066
1235.22	653.565
1234.24	684.102
1233.26	566.6
1232.28	648.179
1231.3	671.05
1230.32	676.056
1229.34	645.349
1228.36	668.21
1227.38	632.413
1226.4	670.568
1225.42	667.922
1224.44	644.885
1223.45	647.341
1222.47	606.476
1221.49	631.868
1220.51	606.302
1219.53	659.704
1218.55	631.595
1217.57	649.329
1216.58	618.683
1215.6	633.868
1214.62	595.598
1213.64	600.602
1212.65	615.783
1211.67	641.136
1210.69	597.799
1209.71	582.452
1208.72	592.541
1207.74	628.054
1206.76	584.743
1205.77	589.743
1204.79	630.324
1203.81	614.986
1202.82	607.275
1201.84	589.404
1200.85	576.618
1199.87	546.058
1198.89	584.071
1197.9	586.526
1196.92	606.751
1195.93	599.048
1194.95	619.266
1193.96	578.575
1192.98	530.284
1191.99	568.261
1191	603.69
1190.02	590.923
1189.03	578.159
1188.05	514.69
1187.06	570.387
1186.07	585.513
1185.09	608.238
1184.1	554.937
1183.11	608.063
1182.13	572.51
1181.14	582.559
1180.15	630.593
1179.17	589.988
1178.18	589.903
1177.19	546.784
1176.2	541.643
1175.22	589.648
1174.23	584.502
1173.24	551.529
1172.25	602.041
1171.26	594.367
1170.27	599.339
1169.28	553.739
1168.3	548.603
1167.31	563.691
1166.32	619.213
1165.33	606.488
1164.34	593.767
1163.35	603.787
1162.36	588.544
1161.37	623.818
1160.38	547.971
1159.39	585.765
1158.4	600.828
1157.41	565.403
1156.42	603.178
1155.43	618.232
1154.44	570.205
1153.45	613.008
1152.45	595.264
1151.46	575.002
1150.47	602.657
1149.48	544.582
1148.49	630.212
1147.5	602.396
1146.5	602.309
1145.51	604.742
1144.52	554.267
1143.53	574.339
1142.54	586.85
1141.54	601.875
1140.55	553.948
1139.56	662.124
1138.56	599.098
1137.57	604.045
1136.58	661.837
1135.58	586.258
1134.59	578.626
1133.6	578.543
1132.6	598.579
1131.61	595.978
1130.61	631.093
1129.62	595.806
1128.62	585.666
1127.63	618.254
1126.63	598.061
1125.64	620.588
1124.64	600.401
1123.65	655.573
1122.65	617.808
1121.66	587.586
1120.66	605.076
1119.67	622.561
1118.67	599.881
1117.67	572.189
1116.68	602.218
1115.68	624.71
1114.68	597.027
1113.69	637.071
1112.69	616.917
1111.69	624.35
1110.7	601.696
1109.7	591.582
1108.7	624.08
1107.7	664.085
1106.71	628.911
1105.71	606.272
1104.71	636.244
1103.71	661.197
1102.71	661.102
1101.72	558.35
1100.72	563.276
1099.72	615.76
1098.72	613.168
1097.72	633.098
1096.72	605.485
1095.72	627.912
1094.72	592.804
1093.72	617.727
1092.72	627.64
1091.72	582.546
1090.72	639.958
1089.72	627.368
1088.72	639.773
1087.72	652.175
1086.72	597.116
1085.72	602.025
1084.72	604.436
1083.72	629.322
1082.72	624.237
1081.72	611.664
1080.71	604.087
1079.71	569.057
1078.71	591.435
1077.71	596.34
1076.71	631.18
1075.7	571.223
1074.7	603.563
1073.7	576.045
1072.7	605.882
1071.69	663.133
1070.69	598.229
1069.69	588.174
1068.68	610.516
1067.68	592.987
1066.68	610.339
1065.67	590.324
1064.67	602.691
1063.67	637.465
1062.66	624.925
1061.66	592.472
1060.65	589.898
1059.65	609.722
1058.64	587.239
1057.64	569.738
1056.63	611.945
1055.63	584.497
1054.62	596.846
1053.62	599.247
1052.61	586.729
1051.61	613.988
1050.6	554.249
1049.6	618.78
1048.59	601.298
1047.58	631.023
1046.58	591.188
1045.57	658.16
1044.56	633.233
1043.56	682.799
1042.55	670.287
1041.54	610.618
1040.53	677.539
1039.53	682.404
1038.52	754.257
1037.51	766.552
1036.5	739.157
1035.5	761.37
1034.49	823.252
1033.48	880.157
1032.47	964.314
1031.46	899.731
1030.45	951.643
1029.44	986.196
1028.44	1015.78
1027.43	1030.5
1026.42	1089.79
1025.41	1032.68
1024.4	1069.67
1023.39	1151.21
1022.38	1084.21
1021.37	1185.53
1020.36	1177.93
1019.35	1190.14
1018.34	1241.92
1017.33	1268.94
1016.32	1263.81
1015.3	1382.33
1014.29	1327.73
1013.28	1423.95
1012.27	1426.22
1011.26	1443.31
1010.25	1487.58
1009.24	1447.84
1008.22	1506.92
1007.21	1568.45
1006.2	1555.87
1005.19	1711.21
1004.17	1676.4
1003.16	1802.05
1002.15	1759.83
1001.14	1811.4
1000.12	1959.19
999.109	1988.51
998.095	2064.69
997.082	2163.05
996.068	2172.6
995.054	2344.88
994.04	2544.24
993.026	2755.86
992.011	2932.91
990.997	3107.45
989.982	3439.63
988.967	3596.8
987.953	3758.85
986.937	4036.6
985.922	4242.87
984.907	4252.1
983.891	4337.65
982.876	4403.48
981.86	4309.32
980.844	4562.14
979.828	4536.88
978.811	4487.02
977.795	4584.76
976.778	4463.59
975.762	4497.36
974.745	4489.34
973.728	4545.22
972.711	4537.19
971.693	4452.98
970.676	4491.65
969.658	4549.96
968.641	4323.31
967.623	4531.44
966.605	4334.33
965.587	4368.08
964.568	4583.48
963.55	4460.08
962.531	4373.54
961.512	4552.04
960.493	4315.84
959.474	4396.16
958.455	4442.13
957.436	4426.77
956.416	4433.49
955.397	4400.97
954.377	4383.17
953.357	4377.63
952.337	4347.59
951.316	4229.34
950.296	4414.92
949.276	4284.45
948.255	4374.45
947.234	4197.49
946.213	4360.94
945.192	4279.52
944.171	4499.2
943.149	4530.37
942.128	4541.95
941.106	4666.07
940.084	4508.82
939.062	4221.97
938.04	4084.4
937.017	3768.35
935.995	3545.3
934.972	3241.65
933.949	3004.08
932.927	2791.02
931.903	2551.14
930.88	2335.76
929.857	2191.29
928.833	1976.02
927.81	1748.61
926.786	1658.01
925.762	1481.98
924.738	1428.06
923.714	1327.78
922.689	1242.18
921.665	1281.04
920.64	1146.67
919.615	1161.13
918.59	1153.65
917.565	1102.27
916.54	1065.54
915.514	1060.5
914.488	1077.41
913.463	1035.82
912.437	1111.22
911.411	1089.13
910.385	1091.4
909.358	1079.07
908.332	1027.76
907.305	1030.05
906.278	1076.16
905.251	1002.97
904.224	1051.51
903.197	1007.55
902.17	1095
901.142	1021.85
900.114	999.811
899.086	1014.26
898.058	1018.98
897.03	989.648
896.002	982.21
894.974	1042.84
893.945	1035.4
892.916	1049.83
891.887	988.928
890.858	947.484
889.829	993.499
888.8	1005.5
887.77	1032.06
886.741	983.353
885.711	1063.32
884.681	987.921
883.651	1007.19
882.621	970.648
881.59	955.949
880.56	1026.16
879.529	1009.03
878.498	984.634
877.467	892.346
876.436	943.131
875.405	976.931
874.373	969.518
873.342	942.719
872.31	993.466
871.278	1003.01
870.246	1061
869.214	1005.14
868.181	971.093
867.149	956.423
866.116	970.81
865.084	987.613
864.051	1018.93
863.018	982.486
861.984	994.44
860.951	967.684
859.917	914.328
858.884	948.054
857.85	964.843
856.816	947.778
855.782	969.397
854.747	911.245
853.713	976.365
852.678	993.137
851.644	1024.4
850.609	990.432
849.574	946.812
848.538	1011.88
847.503	922.39
846.468	1018.83
845.432	967.985
844.396	982.326
843.36	943.571
842.324	962.736
841.288	979.484
840.251	974.517
839.215	945.433
838.178	952.529
837.141	1072.95
836.104	1014.93
835.067	993.09
834.03	1012.23
832.992	997.62
831.955	963.743
830.917	980.466
829.879	1134.48
828.841	1083.74
827.803	1088.39
826.764	1016.01
825.726	1054.38
824.687	1080.7
823.648	1010.75
822.609	1025.04
821.57	1094.66
820.531	1012.71
819.491	1046.24
818.452	1048.49
817.412	1079.59
816.372	1038.57
815.332	985.534
814.292	1052.69
813.252	1062.14
812.211	1061.99
811.17	1028.2
810.13	972.805
809.089	984.671
808.048	977.324
807.006	984.384
805.965	1003.45
804.923	969.695
803.882	1015.15
802.84	974.211
801.798	933.283
800.755	909.158
799.713	921.018
798.671	952.059
797.628	853.611
796.585	975.756
795.542	877.333
794.499	874.808
793.456	920.212
792.413	936.85
791.369	900.777
790.325	898.251
789.282	893.329
788.238	909.961
787.193	890.674
786.149	847.453
785.105	859.297
784.06	842.419
783.015	938.012
781.97	878.061
780.925	865.972
779.88	875.413
778.835	872.894
777.789	848.855
776.743	851.121
775.698	867.73
774.652	822.192
773.606	843.579
772.559	807.615
771.513	814.664
770.466	790.658
769.419	761.882
768.373	838.187
767.325	809.413
766.278	792.583
765.231	840.206
764.183	751.779
763.136	813.712
762.088	796.892
761.04	772.92
759.992	744.184
758.944	791.773
757.895	758.274
756.846	758.163
755.798	791.425
754.749	796.077
753.7	726.85
752.651	748.188
751.601	707.578
750.552	697.946
749.502	726.425
748.452	735.844
747.402	795.262
746.352	721.345
745.302	740.282
744.251	718.754
743.201	701.991
742.15	778.026
741.099	706.544
740.048	715.955
738.997	711.093
737.946	718.123
736.894	682.355
735.843	713.159
734.791	739.199
733.739	717.703
732.687	743.735
731.634	738.875
730.582	769.648
729.529	738.659
728.477	738.551
727.424	750.315
726.371	740.709
725.317	700.247
724.264	697.771
723.211	749.875
722.157	737.902
721.103	740.167
720.049	699.734
718.995	723.348
717.941	716.129
716.886	742.104
715.832	772.813
714.777	727.665
713.722	734.668
712.667	751.148
711.612	760.514
710.556	731.977
709.501	772.134
708.445	755.444
707.389	793.218
706.333	816.777
705.277	733.808
704.221	792.87
703.165	778.555
702.108	771.343
701.051	773.596
699.994	775.848
698.937	785.194
697.88	782.714
696.823	770.778
695.765	839.221
694.707	824.916
693.65	824.795
692.592	848.304
691.533	815.103
690.475	883.489
689.417	873.912
688.358	944.632
687.299	906.713
686.24	904.22
685.181	908.808
684.122	911.035
683.063	934.5
682.003	998.07
680.943	983.768
679.884	993.059
678.824	1047.16
677.763	1023.42
676.703	966.687
675.643	1039.63
674.582	1048.9
673.521	1044.03
672.46	1083.94
671.399	1135.61
670.338	1041.22
669.276	1085.82
668.215	1113.92
667.153	1061.95
666.091	1090.05
665.029	1054.58
663.967	1077.96
662.905	1073.1
661.842	1025.88
660.78	1058.67
659.717	1053.81
658.654	1016.02
657.591	1013.52
656.527	1053.34
655.464	963.855
654.4	1029.53
653.337	991.774
652.273	1019.83
651.209	970.337
650.144	1012.48
649.08	967.704
648.016	1012.18
646.951	955.679
645.886	1011.89
644.821	992.957
643.756	976.382
642.691	1051.33
641.625	1011.29
640.559	957.184
639.494	968.771
638.428	959.248
637.362	959.107
636.295	989.447
635.229	977.58
634.162	989.156
633.096	991.354
632.029	956.06
630.962	1009.81
629.895	1056.51
628.827	1030.59
627.76	1070.25
626.692	1067.75
625.624	1102.71
624.556	1179.8
623.488	1156.22
622.42	1200.52
621.351	1226.08
620.283	1211.86
619.214	1260.8
618.145	1230.21
617.076	1185.6
616.007	1222.84
614.937	1222.66
613.868	1159.37
612.798	1128.82
611.728	1170.71
610.658	1128.48
609.588	1130.65
608.518	1037.06
607.447	987.864
606.377	1088.13
605.306	1001.58
604.235	1010.77
603.164	1050.3
602.092	966.135
601.021	963.66
599.949	1019.51
598.878	968.042
597.806	893.266
596.734	923.45
595.661	876.682
594.589	927.841
593.517	871.762
592.444	869.303
591.371	897.138
590.298	890.017
589.225	908.522
588.151	887.426
587.078	864.007
586.004	849.908
584.931	838.142
583.857	858.97
582.782	879.791
581.708	886.642
580.634	860.917
579.559	904.993
578.484	895.556
577.409	883.795
576.334	902.268
575.259	927.711
574.184	948.498
573.108	894.897
572.033	964.487
570.957	931.813
569.881	957.233
568.804	1066.27
567.728	1015.02
566.652	1038.09
565.575	1091.35
564.498	1058.68
563.421	1165.31
562.344	1132.64
561.267	1176.57
560.189	1197.28
559.112	1190.14
558.034	1224.76
556.956	1308.07
555.878	1277.73
554.8	1363.33
553.721	1372.41
552.643	1446.38
551.564	1478.61
550.485	1524.74
549.406	1670.48
548.327	1716.56
547.248	1815.9
546.168	1871.22
545.088	1984.4
544.009	2023.47
542.929	2180.58
541.848	2330.7
540.768	2425.24
539.688	2640.06
538.607	2741.47
537.526	2990.88
536.445	3298.04
535.364	3575.05
534.283	4127.12
533.202	4556.5
532.12	5256.19
531.038	5994.97
529.956	7103.24
528.874	8465.33
527.792	10349.1
526.71	13241.7
525.627	17740.7
524.544	25635
523.462	39762.8
522.379	68528.4
521.295	123588
520.212	146397
519.129	146376
518.045	136658
516.961	79330.7
515.877	45893.5
514.793	28827.1
513.709	19837.7
512.624	14657.1
511.54	11222.9
510.455	9068.68
509.37	7507.35
508.285	6116.96
507.2	5222.26
506.114	4592.7
505.029	4124.53
503.943	3709.46
502.857	3345.16
501.771	3093.76
500.685	2847.03
499.598	2683.23
498.512	2484.95
497.425	2456.98
496.338	2219.7
495.251	2138.87
494.164	2085.67
493.077	1922.12
491.989	1967.81
490.901	1972.12
489.814	1836.23
488.726	1790.01
487.637	1707.03
486.549	1704.48
485.461	1628.44
484.372	1591.45
483.283	1497.08
482.194	1450.94
481.105	1414
480.016	1443.63
478.927	1351.62
477.837	1294.06
476.747	1364.99
475.657	1300.56
474.567	1302.66
473.477	1316.23
472.387	1267.89
471.296	1201.22
470.205	1198.75
469.114	1189.41
468.023	1152.57
466.932	1115.74
465.841	1083.51
464.749	1122.28
463.658	1044.25
462.566	1089.89
461.474	1025.63
460.382	940.786
459.289	972.688
458.197	963.391
457.104	940.368
456.011	1008.86
454.918	1011
453.825	1093.18
452.732	1058.72
451.638	1118.01
450.545	1156.7
449.451	1126.82
448.357	1163.22
447.263	1220.17
446.169	1267.96
445.074	1247.22
443.98	1233.33
442.885	1255.98
441.79	1353.98
440.695	1422.27
439.6	1342.16
438.504	1373.92
437.409	1460.43
436.313	1487.59
435.217	1487.37
434.121	1551.02
433.025	1530.26
431.928	1527.75
430.832	1516.13
429.735	1504.51
428.638	1508.84
427.541	1513.18
426.444	1419.53
425.347	1480.83
424.249	1512.5
423.151	1443.95
422.054	1446.02
420.956	1443.53
419.857	1486.57
418.759	1383.92
417.661	1479.3
416.562	1510.94
415.463	1476.59
414.364	1396.75
413.265	1442.03
412.166	1555.53
411.066	1505.27
409.967	1539.15
408.867	1525.28
407.767	1545.51
406.667	1556.65
405.566	1429.18
404.466	1535.74
403.365	1546.87
402.265	1478.51
401.164	1503.27
400.063	1491.69
398.961	1543.68
397.86	1552.53
396.758	1463.79
395.656	1524.84
394.555	1504.2
393.453	1481.29
392.35	1501.49
391.248	1478.58
390.145	1460.23
389.043	1450.94
387.94	1482.46
386.837	1464.11
385.733	1434.43
384.63	1486.33
383.526	1506.5
382.423	1481.36
381.319	1474.35
380.215	1526.21
379.111	1548.63
378.006	1566.51
376.902	1448.58
375.797	1509.46
374.692	1495.66
373.587	1561.05
372.482	1554.03
371.377	1569.64
370.271	1555.83
369.165	1523.95
368.06	1528.24
366.954	1618.43
365.847	1525.53
364.741	1550.16
363.635	1563.49
362.528	1574.55
361.421	1594.65
360.314	1616.99
359.207	1612.24
358.1	1641.35
356.992	1620.79
355.884	1604.75
354.777	1660.93
353.669	1701.3
352.56	1685.25
351.452	1673.72
350.344	1657.69
349.235	1673.23
348.126	1715.82
347.017	1733.6
345.908	1688.26
344.799	1706.04
343.689	1791.41
342.58	1777.63
341.47	1725.55
340.36	1790.61
339.25	1797.1
338.14	1884.65
337.029	1832.59
335.919	1863.83
334.808	1829.8
333.697	1852.03
332.586	1975.5
331.474	1903.22
330.363	1893.94
329.251	1891.41
328.14	1918.11
327.028	1942.56
325.916	1897.31
324.803	1966.71
323.691	1988.89
322.578	2040.27
321.466	2073.67
320.353	2017.2
319.24	2100.01
318.126	2160.33
317.013	2164.5
315.899	2253.97
314.786	2186.3
313.672	2356.54
312.558	2300.09
311.443	2293.02
310.329	2362.22
309.214	2422.43
308.1	2478.14
306.985	2636.97
305.87	2719.54
304.754	2990.37
303.639	3075.1
302.523	3128.42
301.408	3119
300.292	3082.69
299.176	2961.27
