3199.1	1641.36
3198.4	1655.54
3197.69	1587.97
3196.99	1591.3
3196.28	1548.56
3195.58	1658.18
3194.87	1633.16
3194.16	1576.26
3193.46	1604.38
3192.75	1593.53
3192.05	1522.5
3191.34	1660.36
3190.63	1599.96
3189.93	1617.44
3189.22	1645.53
3188.51	1592.23
3187.81	1606.16
3187.1	1641.32
3186.39	1595.11
3185.69	1609.04
3184.98	1541.64
3184.27	1520.22
3183.57	1629.59
3182.86	1583.42
3182.15	1537.26
3181.44	1590.06
3180.74	1547.44
3180.03	1579.02
3179.32	1571.74
3178.61	1592.72
3177.9	1617.22
3177.2	1617
3176.49	1620.31
3175.78	1563.61
3175.07	1577.52
3174.36	1637.29
3173.65	1555.92
3172.95	1527.48
3172.24	1611.93
3171.53	1594.07
3170.82	1593.85
3170.11	1558.38
3169.4	1522.91
3168.69	1709.52
3167.98	1564.79
3167.27	1642.1
3166.56	1578.46
3165.85	1620.51
3165.14	1602.68
3164.43	1641.2
3163.72	1662.11
3163.01	1626.67
3162.3	1675.73
3161.59	1538.23
3160.88	1654.16
3160.17	1551.88
3159.46	1678.34
3158.75	1621.82
3158.04	1551.25
3157.33	1614.34
3156.62	1547.31
3155.91	1705.32
3155.2	1613.68
3154.49	1571.28
3153.77	1514.83
3153.06	1620.05
3152.35	1560.09
3151.64	1640.69
3150.93	1496.44
3150.22	1643.75
3149.5	1664.6
3148.79	1534.45
3148.08	1534.24
3147.37	1491.91
3146.66	1614.55
3145.94	1614.33
3145.23	1575.51
3144.52	1540.21
3143.81	1568.06
3143.09	1546.8
3142.38	1641.28
3141.67	1588.46
3140.95	1616.29
3140.24	1500.39
3139.53	1633.37
3138.81	1584.09
3138.1	1622.42
3137.39	1639.71
3136.67	1562.42
3135.96	1544.69
3135.25	1530.47
3134.53	1491.74
3133.82	1621.09
3133.1	1578.85
3132.39	1445.63
3131.68	1550.42
3130.96	1564.21
3130.25	1518.51
3129.53	1546.29
3128.82	1479.62
3128.1	1577.35
3127.39	1493.2
3126.67	1608.38
3125.96	1678.08
3125.24	1520.55
3124.53	1600.73
3123.81	1551.59
3123.1	1547.88
3122.38	1579.12
3121.66	1592.87
3120.95	1610.12
3120.23	1526.09
3119.52	1494.45
3118.8	1623.42
3118.08	1556.88
3117.37	1577.61
3116.65	1563.43
3115.94	1507.39
3115.22	1559.51
3114.5	1475.58
3113.79	1538.16
3113.07	1499.59
3112.35	1506.36
3111.63	1471.29
3110.92	1540.81
3110.2	1484.83
3109.48	1637.97
3108.77	1568.05
3108.05	1574.8
3107.33	1497.95
3106.61	1612.69
3105.89	1514.95
3105.18	1605.28
3104.46	1528.47
3103.74	1531.74
3103.02	1548.93
3102.3	1475.64
3101.59	1558.95
3100.87	1534.38
3100.15	1537.65
3099.43	1565.27
3098.71	1519.84
3097.99	1516.15
3097.27	1435.98
3096.55	1588.75
3095.83	1491.2
3095.12	1577.89
3094.4	1522.07
3093.68	1511.44
3092.96	1479.96
3092.24	1507.55
3091.52	1483.03
3090.8	1496.72
3090.08	1493.04
3089.36	1551.86
3088.64	1544.7
3087.92	1523.67
3087.2	1617.16
3086.48	1526.72
3085.76	1592.43
3085.03	1564.46
3084.31	1487.94
3083.59	1622.99
3082.87	1549.95
3082.15	1577.47
3081.43	1497.53
3080.71	1559.71
3079.99	1493.65
3079.27	1597.4
3078.54	1524.43
3077.82	1572.72
3077.1	1582.89
3076.38	1513.41
3075.66	1579
3074.93	1478.38
3074.21	1613.18
3073.49	1419.13
3072.77	1578.13
3072.05	1536.39
3071.32	1615.76
3070.6	1522.13
3069.88	1473.5
3069.15	1487.13
3068.43	1556.09
3067.71	1548.96
3066.99	1476.15
3066.26	1538.17
3065.54	1541.41
3064.82	1572.3
3064.09	1537.54
3063.37	1520.05
3062.64	1568.21
3061.92	1581.81
3061.2	1564.32
3060.47	1508.86
3059.75	1591.51
3059.02	1477.39
3058.3	1494.44
3057.58	1546
3056.85	1518.18
3056.13	1542.13
3055.4	1590.21
3054.68	1514.11
3053.95	1544.94
3053.23	1551.63
3052.5	1499.7
3051.78	1530.52
3051.05	1519.97
3050.33	1512.87
3049.6	1578.13
3048.87	1488.34
3048.15	1588.03
3047.42	1522.38
3046.7	1525.61
3045.97	1542.62
3045.24	1594.05
3044.52	1562.85
3043.79	1517.89
3043.07	1545.22
3042.34	1548.45
3041.61	1551.67
3040.89	1510.18
3040.16	1451.5
3039.43	1540.72
3038.7	1578.33
3037.98	1550.61
3037.25	1543.53
3036.52	1608.62
3035.8	1491.55
3035.07	1556.64
3034.34	1552.99
3033.61	1449.72
3032.88	1566.3
3032.16	1518.01
3031.43	1569.31
3030.7	1483.26
3029.97	1572.31
3029.24	1537.77
3028.52	1551.29
3027.79	1619.71
3027.06	1588.61
3026.33	1619.27
3025.6	1529.86
3024.87	1539.94
3024.14	1502.01
3023.41	1512.09
3022.68	1563.31
3021.96	1463.68
3021.23	1556.02
3020.5	1542.1
3019.77	1517.91
3019.04	1596.5
3018.31	1510.64
3017.58	1493.31
3016.85	1517.08
3016.12	1472.35
3015.39	1540.63
3014.66	1584.92
3013.93	1485.44
3013.2	1567.37
3012.47	1526.1
3011.73	1577.21
3011	1631.72
3010.27	1573.35
3009.54	1508.16
3008.81	1613.96
3008.08	1589.8
3007.35	1640.86
3006.62	1585.95
3005.88	1592.57
3005.15	1575.26
3004.42	1581.88
3003.69	1564.58
3002.96	1540.46
3002.23	1519.76
3001.49	1543.45
3000.76	1543.24
3000.03	1621.55
2999.3	1628.15
2998.56	1617.69
2997.83	1511.69
2997.1	1494.42
2996.37	1541.97
2995.63	1582.69
2994.9	1558.6
2994.17	1565.21
2993.43	1657.06
2992.7	1602.28
2991.97	1602.06
2991.23	1598.44
2990.5	1509.62
2989.77	1598
2989.03	1642.07
2988.3	1556.69
2987.56	1604.15
2986.83	1576.69
2986.1	1559.45
2985.36	1627.33
2984.63	1538.6
2983.89	1637.09
2983.16	1555.19
2982.42	1558.38
2981.69	1547.96
2980.95	1530.74
2980.22	1618.96
2979.48	1567.73
2978.75	1560.72
2978.01	1618.3
2977.28	1597.68
2976.54	1563.47
2975.81	1631.23
2975.07	1641.2
2974.33	1654.56
2973.6	1569.41
2972.86	1565.8
2972.13	1650.49
2971.39	1589.14
2970.65	1646.64
2969.92	1486.87
2969.18	1669.95
2968.44	1693.48
2967.71	1526.97
2966.97	1594.62
2966.23	1631.72
2965.5	1607.75
2964.76	1583.79
2964.02	1539.49
2963.28	1596.92
2962.55	1728.91
2961.81	1660.88
2961.07	1650.49
2960.33	1531.66
2959.6	1626.32
2958.86	1731.12
2958.12	1656.36
2957.38	1608.72
2956.64	1550.93
2955.91	1527.02
2955.17	1685.92
2954.43	1624.76
2953.69	1553.46
2952.95	1597.24
2952.21	1630.86
2951.47	1735.51
2950.73	1610.12
2950	1684.3
2949.26	1704.36
2948.52	1721.04
2947.78	1693.75
2947.04	1730.7
2946.3	1625.69
2945.56	1669.4
2944.82	1689.45
2944.08	1672.32
2943.34	1574.13
2942.6	1756.3
2941.86	1648
2941.12	1742.31
2940.38	1708.31
2939.64	1657.45
2938.9	1677.47
2938.15	1721.11
2937.41	1683.76
2936.67	1649.79
2935.93	1777.75
2935.19	1683.07
2934.45	1541.19
2933.71	1652.26
2932.97	1631.8
2932.22	1715.85
2931.48	1604.39
2930.74	1661.46
2930	1715.15
2929.26	1650.9
2928.51	1718.05
2927.77	1744.76
2927.03	1707.47
2926.29	1606.22
2925.55	1653.14
2924.8	1625.98
2924.06	1682.98
2923.32	1676.01
2922.57	1581.56
2921.83	1678.92
2921.09	1668.6
2920.34	1631.37
2919.6	1644.6
2918.86	1708.26
2918.11	1667.68
2917.37	1664.09
2916.63	1636.97
2915.88	1633.39
2915.14	1592.84
2914.4	1619.5
2913.65	1669.67
2912.91	1585.47
2912.16	1615.48
2911.42	1672.34
2910.67	1648.61
2909.93	1725.6
2909.18	1648.16
2908.44	1594.23
2907.69	1664.48
2906.95	1667.61
2906.2	1664.03
2905.46	1663.8
2904.71	1656.86
2903.97	1602.98
2903.22	1646.35
2902.48	1582.42
2901.73	1595.62
2900.98	1659.08
2900.24	1625.34
2899.49	1608.36
2898.75	1631.59
2898	1661.52
2897.25	1601
2896.51	1577.34
2895.76	1603.91
2895.01	1586.95
2894.27	1740.72
2893.52	1640.07
2892.77	1659.92
2892.03	1639.62
2891.28	1612.63
2890.53	1635.82
2889.78	1672.39
2889.04	1648.75
2888.29	1625.12
2887.54	1644.96
2886.79	1648.08
2886.05	1540.89
2885.3	1701.1
2884.55	1634.03
2883.8	1647.17
2883.05	1663.65
2882.3	1636.7
2881.56	1586.38
2880.81	1619.55
2880.06	1706.14
2879.31	1619.11
2878.56	1682.31
2877.81	1628.68
2877.06	1628.45
2876.31	1664.93
2875.56	1654.7
2874.81	1617.78
2874.06	1644.24
2873.31	1717.37
2872.56	1650.45
2871.81	1656.89
2871.06	1600
2870.31	1639.78
2869.56	1662.88
2868.81	1662.65
2868.06	1602.45
2867.31	1658.86
2866.56	1645.31
2865.81	1568.49
2865.06	1644.86
2864.31	1581.38
2863.56	1637.75
2862.81	1587.6
2862.06	1690.55
2861.31	1720.26
2860.55	1656.81
2859.8	1616.67
2859.05	1636.4
2858.3	1709.34
2857.55	1692.48
2856.8	1708.87
2856.04	1685.37
2855.29	1701.76
2854.54	1548.65
2853.79	1694.64
2853.03	1661.19
2852.28	1644.35
2851.53	1674.02
2850.78	1617.33
2850.02	1676.88
2849.27	1620.21
2848.52	1679.74
2847.76	1579.93
2847.01	1685.91
2846.26	1738.77
2845.5	1658.91
2844.75	1615.55
2844	1661.77
2843.24	1648.28
2842.49	1764.11
2841.73	1614.67
2840.98	1680.75
2840.23	1640.74
2839.47	1739.94
2838.72	1719.82
2837.96	1643.38
2837.21	1633.21
2836.45	1705.86
2835.7	1715.56
2834.94	1609.36
2834.19	1695.23
2833.43	1728.1
2832.68	1684.83
2831.92	1671.36
2831.17	1647.97
2830.41	1727.15
2829.66	1677.29
2828.9	1726.68
2828.14	1789.28
2827.39	1746.04
2826.63	1725.97
2825.88	1732.34
2825.12	1804.82
2824.36	1738.47
2823.61	1691.97
2822.85	1648.78
2822.09	1704.72
2821.34	1793.68
2820.58	1819.85
2819.82	1717.23
2819.07	1753.31
2818.31	1637.52
2817.55	1828.75
2816.79	1854.91
2816.04	1772.15
2815.28	1821.4
2814.52	1850.84
2813.76	1797.81
2813	1698.62
2812.25	1731.36
2811.49	1889.4
2810.73	1773.74
2809.97	1819.65
2809.21	1911.69
2808.45	1786.2
2807.7	1713.46
2806.94	1894.43
2806.18	1851.34
2805.42	1844.5
2804.66	1877.18
2803.9	1880.22
2803.14	1853.62
2802.38	1866.53
2801.62	1869.57
2800.86	1905.51
2800.1	1911.83
2799.34	1885.25
2798.58	1878.41
2797.82	1914.33
2797.06	1884.47
2796.3	1923.67
2795.54	1867.51
2794.78	1939.58
2794.02	1903.16
2793.26	1886.46
2792.5	1974.93
2791.74	1925.37
2790.98	2023.66
2790.22	2003.68
2789.46	1914.73
2788.69	1953.87
2787.93	1993
2787.17	2055.1
2786.41	2054.82
2785.65	2093.92
2784.89	2047.69
2784.12	2099.91
2783.36	2056.97
2782.6	2174.77
2781.84	2069.52
2781.08	2151.22
2780.31	2170.6
2779.55	2183.41
2778.79	1996.27
2778.03	2313.91
2777.26	2175.96
2776.5	2231.36
2775.74	2224.5
2774.97	2276.61
2774.21	2246.82
2773.45	2328.38
2772.68	2347.71
2771.92	2399.77
2771.16	2317.6
2770.39	2408.93
2769.63	2418.41
2768.86	2584.96
2768.1	2486.45
2767.34	2639.86
2766.57	2525.02
2765.81	2645.67
2765.04	2563.56
2764.28	2671.1
2763.51	2736.11
2762.75	2768.42
2761.98	2849.74
2761.22	2875.49
2760.45	2946.97
2759.69	3060.9
2758.92	2988.62
2758.16	3073.12
2757.39	3049.84
2756.62	3225.73
2755.86	3336.28
2755.09	3322.76
2754.33	3485.48
2753.56	3449.11
2752.79	3657.44
2752.03	3575.39
2751.26	3676.01
2750.5	3841.83
2749.73	3838.04
2748.96	4042.92
2748.19	4215.14
2747.43	4087.44
2746.66	4308.5
2745.89	4373.08
2745.13	4349.67
2744.36	4557.56
2743.59	4683.97
2742.82	4562.82
2742.06	4767.35
2741.29	4932.74
2740.52	5000.43
2739.75	5107.16
2738.98	5207.35
2738.22	5388.87
2737.45	5381.62
2736.68	5598.84
2735.91	5767.22
2735.14	5834.73
2734.37	5840.43
2733.6	5976.19
2732.84	6089.15
2732.07	6267.09
2731.3	6399.48
2730.53	6518.84
2729.76	6586.18
2728.99	6721.72
2728.22	6724.04
2727.45	6791.32
2726.68	6897.56
2725.91	7003.76
2725.14	7148.89
2724.37	7284.24
2723.6	7286.48
2722.83	7353.63
2722.06	7576.51
2721.29	7474.89
2720.52	7791.76
2719.75	7547.43
2718.98	7724.76
2718.2	7736.66
2717.43	8043.6
2716.66	7980.9
2715.89	7856.63
2715.12	7858.79
2714.35	7929
2713.58	8031.58
2712.8	8004.56
2712.03	8022.89
2711.26	8177.24
2710.49	8163.16
2709.72	8197.65
2708.94	8332.48
2708.17	8211.58
2707.4	8207.21
2706.63	8128.42
2705.85	8204.95
2705.08	8116.48
2704.31	7863.07
2703.53	8078.67
2702.76	8109.89
2701.99	8118.48
2701.22	8117.36
2700.44	8061.29
2699.67	8140.98
2698.89	7994.45
2698.12	8129.04
2697.35	7908.25
2696.57	7823.18
2695.8	7860.86
2695.02	7843.63
2694.25	7723.09
2693.48	7805.96
2692.7	7482.1
2691.93	7348.75
2691.15	7509.09
2690.38	7469.33
2689.6	7194.09
2688.83	7218.9
2688.05	7069.55
2687.28	7233.04
2686.5	7057.93
2685.73	6960.25
2684.95	6856.14
2684.17	6787.51
2683.4	6731.8
2682.62	6553.66
2681.85	6488.32
2681.07	6439.11
2680.29	6396.35
2679.52	6150.73
2678.74	6088.71
2677.97	5930.12
2677.19	5971.15
2676.41	5828.71
2675.64	5869.74
2674.86	5811.02
2674.08	5478.85
2673.3	5648.58
2672.53	5480.56
2671.75	5441.21
2670.97	5253.97
2670.19	5240.38
2669.42	5172.16
2668.64	5046.1
2667.86	4929.71
2667.08	4823
2666.3	4851.25
2665.53	4760.63
2664.75	4435.58
2663.97	4524.89
2663.19	4723.34
2662.41	4453.01
2661.63	4362.51
2660.85	4262.41
2660.08	4184.8
2659.3	4113.64
2658.52	4119.48
2657.74	3964.94
2656.96	3964.39
2656.18	3867.64
2655.4	3793.35
2654.62	3696.65
2653.84	3705.75
2653.06	3669.99
2652.28	3647.05
2651.5	3624.11
2650.72	3412.16
2649.94	3530.21
2649.16	3504.1
2648.38	3494.01
2647.6	3467.91
2646.82	3400.2
2646.03	3342.11
2645.25	3357.65
2644.47	3318.79
2643.69	3187.13
2642.91	3234.68
2642.13	3071.09
2641.35	3009.89
2640.57	3015.87
2639.78	3034.64
2639	3075.79
2638.22	3005.03
2637.44	2879.96
2636.65	2786.88
2635.87	2975.03
2635.09	2830.84
2634.31	2721.83
2633.52	2842.84
2632.74	2733.86
2631.96	2691.97
2631.18	2761.84
2630.39	2573.11
2629.61	2652.55
2628.83	2648.99
2628.04	2572.04
2627.26	2549.35
2626.48	2552.19
2625.69	2519.94
2624.91	2500.46
2624.12	2477.79
2623.34	2436
2622.56	2547.24
2621.77	2566.02
2620.99	2479.61
2620.2	2367.73
2619.42	2443.88
2618.63	2300.18
2617.85	2408.16
2617.06	2296.36
2616.28	2245.09
2615.49	2267.07
2614.71	2304.96
2613.92	2228.24
2613.14	2154.73
2612.35	2170.35
2611.57	2240.05
2610.78	2201.56
2609.99	2198.08
2609.21	2127.8
2608.42	2105.25
2607.64	2098.6
2606.85	1999.75
2606.06	2075.77
2605.28	2097.73
2604.49	2072.02
2603.7	2084.44
2602.92	2061.91
2602.13	2004.45
2601.34	1975.59
2600.56	1946.73
2599.77	1930.59
2598.98	1984.3
2598.19	1961.8
2597.41	1917.09
2596.62	1980.3
2595.83	1878.49
2595.04	1856.02
2594.25	1833.56
2593.47	1918.94
2592.68	1985.28
2591.89	1829.63
2591.1	1949.85
2590.31	1841.8
2589.52	1920.79
2588.73	1828.62
2587.94	1796.68
2587.16	1875.64
2586.37	1802.52
2585.58	1761.09
2584.79	1751.35
2584	1747.94
2583.21	1855.35
2582.42	1798.11
2581.63	1816.85
2580.84	1712.16
2580.05	1781.54
2579.26	1737
2578.47	1682.98
2577.68	1764.99
2576.89	1748.93
2576.1	1698.1
2575.31	1783.23
2574.52	1779.82
2573.73	1706.88
2572.93	1719.28
2572.14	1750.64
2571.35	1785.16
2570.56	1715.41
2569.77	1708.86
2568.98	1670.72
2568.19	1645.23
2567.39	1641.84
2566.6	1720.54
2565.81	1641.39
2565.02	1647.48
2564.23	1618.85
2563.43	1653.33
2562.64	1634.17
2561.85	1630.79
2561.06	1715.72
2560.26	1636.65
2559.47	1765.7
2558.68	1737.08
2557.88	1585.54
2557.09	1616.84
2556.3	1594.55
2555.5	1657.35
2554.71	1726.43
2553.92	1644.29
2553.12	1688.16
2552.33	1568.26
2551.53	1634.17
2550.74	1750.42
2549.95	1605.38
2549.15	1624.05
2548.36	1633.26
2547.56	1601.57
2546.77	1591.91
2545.97	1645.17
2545.18	1531.71
2544.38	1578.67
2543.59	1591.03
2542.79	1553.09
2542	1609.45
2541.2	1533.8
2540.41	1480.16
2539.61	1605.64
2538.82	1621.13
2538.02	1639.76
2537.22	1611.26
2536.43	1611.04
2535.63	1588.84
2534.84	1566.64
2534.04	1670.01
2533.24	1625.84
2532.45	1635.03
2531.65	1512.43
2530.85	1603.21
2530.06	1590.44
2529.26	1637.26
2528.46	1602.54
2527.66	1599.18
2526.87	1624.04
2526.07	1680.25
2525.27	1576.58
2524.47	1582.63
2523.68	1626.28
2522.88	1594.73
2522.08	1600.77
2521.28	1638.14
2520.48	1597.2
2519.69	1581.32
2518.89	1628.06
2518.09	1612.19
2517.29	1658.91
2516.49	1639.91
2515.69	1614.65
2514.89	1608.17
2514.09	1629.84
2513.29	1620.23
2512.5	1569.97
2511.7	1704.21
2510.9	1600.8
2510.1	1634.97
2509.3	1619.11
2508.5	1637.64
2507.7	1609.29
2506.9	1646.56
2506.1	1636.96
2505.3	1593.01
2504.5	1611.52
2503.69	1555.09
2502.89	1661.03
2502.09	1657.68
2501.29	1682.42
2500.49	1638.5
2499.69	1625.79
2498.89	1697.33
2498.09	1628.46
2497.29	1634.47
2496.48	1640.48
2495.68	1677.68
2494.88	1764.75
2494.08	1723.98
2493.28	1723.74
2492.47	1732.85
2491.67	1695.21
2490.87	1694.98
2490.07	1598.17
2489.26	1669.59
2488.46	1678.7
2487.66	1750.1
2486.86	1734.29
2486.05	1696.69
2485.25	1752.48
2484.45	1811.37
2483.64	1783.12
2482.84	1795.32
2482.04	1832.4
2481.23	1766.82
2480.43	1772.8
2479.63	1828.53
2478.82	1884.24
2478.02	1908.85
2477.21	1852.64
2476.41	1861.71
2475.6	1855.23
2474.8	1889.15
2473.99	1836.08
2473.19	1829.61
2472.38	1860.42
2471.58	1931.58
2470.77	1981
2469.97	1853.44
2469.16	1958.72
2468.36	1837.4
2467.55	1948.87
2466.75	1961.01
2465.94	1892.49
2465.14	1941.86
2464.33	1972.6
2463.52	2028.15
2462.72	1950.35
2461.91	1950.08
2461.1	2008.71
2460.3	2011.53
2459.49	1986.46
2458.68	2134.92
2457.88	1985.91
2457.07	2016.61
2456.26	2115.45
2455.46	1969.6
2454.65	2056.03
2453.84	1931.9
2453.03	2126.66
2452.23	1949.94
2451.42	1986.81
2450.61	1974.15
2449.8	2045.04
2448.99	1992.17
2448.19	1982.61
2447.38	1951.41
2446.57	1929.5
2445.76	1919.95
2444.95	1966.06
2444.14	1928.69
2443.33	1841.9
2442.52	1993.05
2441.71	1869.19
2440.91	1847.31
2440.1	1877.94
2439.29	1871.5
2438.48	1781.7
2437.67	1806.15
2436.86	1808.99
2436.05	1805.65
2435.24	1712.81
2434.43	1765.03
2433.62	1780.22
2432.81	1715.19
2432	1687.19
2431.19	1634.53
2430.37	1708.31
2429.56	1658.74
2428.75	1757.16
2427.94	1686.02
2427.13	1633.4
2426.32	1531.48
2425.51	1500.46
2424.7	1577.27
2423.88	1524.68
2423.07	1518.31
2422.26	1521.18
2421.45	1542.52
2420.64	1505.37
2419.82	1582.11
2419.01	1480.33
2418.2	1557.06
2417.39	1421.46
2416.57	1415.11
2415.76	1368.78
2414.95	1451.63
2414.14	1457.57
2413.32	1414.33
2412.51	1383.39
2411.7	1478.49
2410.88	1330.76
2410.07	1447.35
2409.26	1487.09
2408.44	1422.37
2407.63	1376.1
2406.81	1357.48
2406	1320.44
2405.19	1403.16
2404.37	1439.8
2403.56	1430.39
2402.74	1402.57
2401.93	1359.42
2401.11	1417.53
2400.3	1380.52
2399.48	1343.52
2398.67	1413.87
2397.85	1383.01
2397.04	1364.42
2396.22	1382.63
2395.41	1342.58
2394.59	1314.82
2393.77	1265.6
2392.96	1311.39
2392.14	1295.89
2391.33	1314.09
2390.51	1369.03
2389.69	1387.22
2388.88	1301.29
2388.06	1310.3
2387.24	1258.08
2386.43	1300.75
2385.61	1370.95
2384.79	1315.69
2383.98	1303.27
2383.16	1358.15
2382.34	1342.67
2381.52	1357.77
2380.71	1320.89
2379.89	1302.37
2379.07	1253.28
2378.25	1274.5
2377.43	1286.54
2376.62	1271.09
2375.8	1277.02
2374.98	1286.01
2374.16	1328.59
2373.34	1355.89
2372.52	1285.47
2371.7	1245.61
2370.89	1312.59
2370.07	1376.5
2369.25	1238.98
2368.43	1281.53
2367.61	1263.05
2366.79	1314.73
2365.97	1271.85
2365.15	1296.07
2364.33	1192.22
2363.51	1332.29
2362.69	1313.82
2361.87	1191.72
2361.05	1346.97
2360.23	1334.6
2359.41	1264.34
2358.59	1270.26
2357.77	1312.72
2356.95	1251.63
2356.12	1281.91
2355.3	1315.22
2354.48	1238.94
2353.66	1244.85
2352.84	1253.81
2352.02	1323.62
2351.2	1280.84
2350.37	1219.83
2349.55	1210.53
2348.73	1259.02
2347.91	1271.01
2347.09	1304.28
2346.26	1142.98
2345.44	1270.48
2344.62	1303.73
2343.8	1194.16
2342.97	1212.23
2342.15	1275.85
2341.33	1217.96
2340.5	1190.46
2339.68	1190.3
2338.86	1220.49
2338.03	1205.14
2337.21	1253.54
2336.39	1247.3
2335.56	1192.51
2334.74	1219.65
2333.91	1277.11
2333.09	1307.27
2332.26	1297.99
2331.44	1388.77
2330.62	1370.39
2329.79	1436.89
2328.97	1312.42
2328.14	1203.14
2327.32	1242.36
2326.49	1227.04
2325.67	1287.46
2324.84	1272.13
2324.01	1238.64
2323.19	1253.61
2322.36	1214.08
2321.54	1189.69
2320.71	1192.55
2319.89	1252.92
2319.06	1264.85
2318.23	1300.98
2317.41	1225.17
2316.58	1179.63
2315.75	1176.44
2314.93	1254.9
2314.1	1239.6
2313.27	1233.39
2312.45	1254.37
2311.62	1199.8
2310.79	1275.18
2309.96	1157.17
2309.14	1138.88
2308.31	1277.66
2307.48	1168.76
2306.65	1283.35
2305.82	1150.32
2305	1237.71
2304.17	1186.23
2303.34	1243.4
2302.51	1197.97
2301.68	1258.14
2300.85	1200.65
2300.03	1200.48
2299.2	1115.87
2298.37	1166.98
2297.54	1206.01
2296.71	1208.86
2295.88	1115.25
2295.05	1217.56
2294.22	1181.23
2293.39	1265.43
2292.56	1192.96
2291.73	1259.06
2290.9	1228.76
2290.07	1183.42
2289.24	1183.26
2288.41	1192.13
2287.58	1252.16
2286.75	1197.81
2285.92	1233.76
2285.09	1137.31
2284.26	1266.51
2283.42	1179.1
2282.59	1209.01
2281.76	1202.83
2280.93	1190.64
2280.1	1250.6
2279.27	1190.3
2278.44	1190.14
2277.6	1156.92
2276.77	1300.98
2275.94	1123.55
2275.11	1294.61
2274.27	1156.28
2273.44	1192.15
2272.61	1173.97
2271.78	1155.79
2270.94	1215.66
2270.11	1191.49
2269.28	1152.31
2268.44	1176.15
2267.61	1247.99
2266.78	1241.82
2265.94	1163.66
2265.11	1250.47
2264.28	1172.34
2263.44	1238.13
2262.61	1079.09
2261.77	1150.87
2260.94	1213.64
2260.11	1138.56
2259.27	1300.18
2258.44	1258.06
2257.6	1224.94
2256.77	1206.8
2255.93	1164.72
2255.1	1203.47
2254.26	1224.26
2253.43	1164.23
2252.59	1226.91
2251.76	1202.8
2250.92	1094.94
2250.08	1298.19
2249.25	1160.43
2248.41	1244
2247.58	1231.87
2246.74	1237.67
2245.9	1207.61
2245.07	1294.12
2244.23	1129.58
2243.39	1195.15
2242.56	1200.96
2241.72	1209.76
2240.88	1224.52
2240.05	1173.59
2239.21	1107.73
2238.37	1194.16
2237.53	1193.99
2236.7	1196.81
2235.86	1175.75
2235.02	1163.65
2234.18	1172.44
2233.34	1228.95
2232.51	1160.19
2231.67	1198.79
2230.83	1168.81
2229.99	1174.61
2229.15	1183.39
2228.31	1147.46
2227.47	1290.34
2226.63	1197.79
2225.8	1185.71
2224.96	1188.52
2224.12	1167.51
2223.28	1194.14
2222.44	1176.11
2221.6	1226.56
2220.76	1214.48
2219.92	1229.19
2219.08	1163.55
2218.24	1142.56
2217.4	1249.51
2216.56	1279.08
2215.72	1243.21
2214.88	1165.72
2214.03	1204.21
2213.19	1117.83
2212.35	1159.29
2211.51	1200.73
2210.67	1185.71
2209.83	1244.97
2208.99	1327.98
2208.15	1191.15
2207.3	1140.5
2206.46	1152.22
2205.62	1214.41
2204.78	1223.15
2203.94	1205.17
2203.09	1178.29
2202.25	1172.19
2201.41	1207.63
2200.57	1195.59
2199.72	1097.54
2198.88	1218.99
2198.04	1094.27
2197.19	1177.14
2196.35	1224.41
2195.51	1224.24
2194.66	1221.1
2193.82	1191.3
2192.98	1253.35
2192.13	1199.85
2191.29	1170.06
2190.44	1166.94
2189.6	1220.08
2188.76	1074.82
2187.91	1163.49
2187.07	1175.17
2186.22	1127.65
2185.38	1210.35
2184.53	1124.38
2183.69	1195.22
2182.84	1159.56
2182	1126.86
2181.15	1247.95
2180.31	1241.86
2179.46	1129.35
2178.62	1161.71
2177.77	1179.28
2176.92	1185.02
2176.08	1134.63
2175.23	1164.01
2174.38	1116.59
2173.54	1228.67
2172.69	1172.38
2171.85	1122.03
2171	1189.77
2170.15	1133.52
2169.3	1198.29
2168.46	1251.25
2167.61	1121.24
2166.76	1126.99
2165.91	1153.38
2165.07	1167.96
2164.22	1132.41
2163.37	1170.59
2162.52	1176.32
2161.68	1223.32
2160.83	1143.57
2159.98	1122.78
2159.13	1172.72
2158.28	1163.71
2157.43	1160.61
2156.58	1163.39
2155.74	1160.28
2154.89	1127.73
2154.04	1148.18
2153.19	1195.12
2152.34	1174.35
2151.49	1147.7
2150.64	1147.54
2149.79	1162.09
2148.94	1211.94
2148.09	1155.88
2147.24	1217.48
2146.39	1158.5
2145.54	1173.04
2144.69	1140.54
2143.84	1184.47
2142.99	1243.08
2142.14	1093.05
2141.29	1169.28
2140.43	1198.5
2139.58	1121.96
2138.73	1168.79
2137.88	1209.74
2137.03	1194.89
2136.18	1144.82
2135.33	1091.83
2134.47	1159.17
2133.62	1179.55
2132.77	1220.46
2131.92	1158.69
2131.07	1184.92
2130.21	1184.76
2129.36	1143.54
2128.51	1155.11
2127.65	1207.71
2126.8	1131.34
2125.95	1186.86
2125.1	1172.05
2124.24	1180.67
2123.39	1218.59
2122.53	1194.99
2121.68	1174.32
2120.83	1168.3
2119.97	1182.77
2119.12	1170.9
2118.27	1173.66
2117.41	1205.69
2116.56	1135.3
2115.7	1143.92
2114.85	1161.31
2113.99	1172.84
2113.14	1128.81
2112.28	1154.97
2111.43	1134.35
2110.57	1183.88
2109.72	1172.02
2108.86	1204.01
2108.01	1157.09
2107.15	1124.79
2106.29	1145.08
2105.44	1162.44
2104.58	1115.56
2103.73	1124.16
2102.87	1118.16
2102.01	1155.96
2101.16	1161.63
2100.3	1225.67
2099.44	1178.81
2098.59	1219.49
2097.73	1061.8
2096.87	1169.57
2096.01	1143.16
2095.16	1122.59
2094.3	1087.45
2093.44	1166
2092.58	1165.84
2091.73	1139.45
2090.87	1203.39
2090.01	1142.04
2089.15	1194.32
2088.29	1121.33
2087.44	1173.6
2086.58	1109.37
2085.72	1179.09
2084.86	1149.82
2084	1135.1
2083.14	1143.67
2082.28	1105.69
2081.42	1122.99
2080.56	1117.01
2079.7	1172.12
2078.84	1163.23
2077.98	1183.42
2077.12	1191.98
2076.26	1186
2075.4	1168.39
2074.54	1208.91
2073.68	1168.07
2072.82	1191.15
2071.96	1161.93
2071.1	1187.91
2070.24	1147.09
2069.38	1175.96
2068.52	1126.44
2067.66	1187.24
2066.8	1219
2065.93	1166.6
2065.07	1151.93
2064.21	1169.17
2063.35	1171.91
2062.49	1206.55
2061.63	1200.58
2060.76	1165.62
2059.9	1153.86
2059.04	1194.28
2058.18	1110.06
2057.31	1144.68
2056.45	1147.42
2055.59	1193.61
2054.72	1152.89
2053.86	1173
2053	1198.9
2052.13	1166.88
2051.27	1114.61
2050.41	1146.29
2049.54	1215.6
2048.68	1172.02
2047.82	1145.81
2046.95	1154.33
2046.09	1200.45
2045.22	1243.67
2044.36	1148.06
2043.49	1182.6
2042.63	1118.83
2041.76	1153.36
2040.9	1132.97
2040.03	1205.06
2039.17	1213.55
2038.3	1172.94
2037.44	1149.67
2036.57	1155.28
2035.71	1227.31
2034.84	1166.51
2033.97	1154.8
2033.11	1241.23
2032.24	1137.16
2031.38	1188.94
2030.51	1191.66
2029.64	1229
2028.78	1165.36
2027.91	1145.01
2027.04	1179.46
2026.18	1222.54
2025.31	1184.89
2024.44	1181.84
2023.57	1210.5
2022.71	1242.03
2021.84	1135.24
2020.97	1143.73
2020.1	1241.51
2019.24	1131.89
2018.37	1114.45
2017.5	1151.73
2016.63	1200.51
2015.76	1145.65
2014.89	1208.8
2014.02	1130.94
2013.16	1159.55
2012.29	1142.13
2011.42	1127.58
2010.55	1173.44
2009.68	1184.78
2008.81	1132.86
2007.94	1161.45
2007.07	1167.04
2006.2	1141.01
2005.33	1149.47
2004.46	1129.19
2003.59	1177.87
2002.72	1209.31
2001.85	1171.8
2000.98	1180.25
2000.11	1134.15
1999.24	1154.08
1998.37	1116.6
1997.5	1099.23
1996.62	1202.38
1995.75	1213.69
1994.88	1090.16
1994.01	1219.09
1993.14	1175.89
1992.27	1152.79
1991.39	1155.49
1990.52	1123.8
1989.65	1149.44
1988.78	1112.02
1987.91	1163.44
1987.03	1154.68
1986.16	1163.12
1985.29	1177.28
1984.41	1188.57
1983.54	1102.49
1982.67	1202.55
1981.8	1147.99
1980.92	1202.21
1980.05	1222.08
1979.17	1178.98
1978.3	1110.15
1977.43	1150.04
1976.55	1129.86
1975.68	1149.72
1974.8	1089.51
1973.93	1180.85
1973.06	1097.78
1972.18	1243.4
1971.31	1151.77
1970.43	1160.18
1969.56	1117.16
1968.68	1168.43
1967.81	1168.26
1966.93	1208.08
1966.06	1216.48
1965.18	1144.93
1964.3	1090.53
1963.43	1150.32
1962.55	1158.72
1961.68	1158.56
1960.8	1104.18
1959.92	1161.08
1959.05	1178.03
1958.17	1095.16
1957.29	1134.93
1956.42	1151.88
1955.54	1140.31
1954.66	1108.8
1953.79	1171.34
1952.91	1111.34
1952.03	1128.28
1951.15	1179.4
1950.28	1179.23
1949.4	1153.43
1948.52	1218.77
1947.64	1118.94
1946.76	1161.49
1945.89	1175.56
1945.01	1178.24
1944.13	1112.62
1943.25	1180.75
1942.37	1123.69
1941.49	1188.95
1940.61	1157.5
1939.73	1103.31
1938.85	1162.86
1937.98	1148.49
1937.1	1165.38
1936.22	1125.43
1935.34	1162.21
1934.46	1153.52
1933.58	1119.27
1932.7	1133.32
1931.82	1172.92
1930.94	1147.2
1930.05	1141.36
1929.17	1101.45
1928.29	1166.58
1927.41	1189.12
1926.53	1089.64
1925.65	1137.72
1924.77	1185.78
1923.89	1196.96
1923.01	1140.07
1922.12	1134.24
1921.24	1125.58
1920.36	1142.43
1919.48	1091.25
1918.6	1195.95
1917.71	1113.61
1916.83	1113.45
1915.95	1107.63
1915.07	1059.32
1914.18	1084.66
1913.3	1172.29
1912.42	1183.45
1911.53	1064.39
1910.65	1197.27
1909.77	1194.27
1908.88	1140.34
1908	1165.65
1907.12	1134.36
1906.23	1137.03
1905.35	1091.62
1904.47	1122.58
1903.58	1099.8
1902.7	1125.09
1901.81	1082.53
1900.93	1088.03
1900.04	1175.47
1899.16	1121.63
1898.27	1166.67
1897.39	1169.33
1896.5	1121.16
1895.62	1163.35
1894.73	1134.96
1893.85	1157.38
1892.96	1185.44
1892.07	1117.54
1891.19	1165.36
1890.3	1125.69
1889.42	1148.1
1888.53	1147.94
1887.64	1125.22
1886.76	1119.42
1885.87	1164.37
1884.98	1102.19
1884.1	1085.13
1883.21	1146.97
1882.32	1214.44
1881.43	1160.74
1880.55	1081.7
1879.66	1090
1878.77	1120.82
1877.88	1154.45
1877	1143.03
1876.11	1114.72
1875.22	1114.56
1874.33	1187.57
1873.44	1190.22
1872.55	1147.85
1871.67	1116.75
1870.78	1116.59
1869.89	1141.74
1869	1161.26
1868.11	1155.48
1867.22	1124.39
1866.33	1118.61
1865.44	1135.32
1864.55	1093.01
1863.66	1179.95
1862.77	1151.69
1861.88	1190.85
1860.99	1182.26
1860.1	1139.98
1859.21	1114.55
1858.32	1178.95
1857.43	1164.75
1856.54	1142.14
1855.65	1220.54
1854.76	1110.96
1853.86	1105.19
1852.97	1175.15
1852.08	1169.38
1851.19	1113.14
1850.3	1169.05
1849.41	1174.49
1848.51	1123.88
1847.62	1132.13
1846.73	1204.82
1845.84	1112.2
1844.94	1128.85
1844.05	1120.28
1843.16	1131.33
1842.27	1080.77
1841.37	1142.21
1840.48	1164.44
1839.59	1158.68
1838.69	1127.73
1837.8	1155.55
1836.91	1158.19
1836.01	1135.65
1835.12	1093.54
1834.22	1168.88
1833.33	1123.98
1832.44	1140.6
1831.54	1064.97
1830.65	1176.61
1829.75	1173.65
1828.86	1058.93
1827.96	1095.1
1827.07	1078.18
1826.17	1128.3
1825.28	1086.26
1824.38	1114.03
1823.49	1071.99
1822.59	1052.3
1821.7	1149.84
1820.8	1180.37
1819.9	1118.82
1819.01	1118.66
1818.11	1126.87
1817.21	1126.71
1816.32	1160.02
1815.42	1098.52
1814.52	1103.94
1813.63	1176.25
1812.73	1153.79
1811.83	1145.27
1810.94	1092.17
1810.04	1092.01
1809.14	1122.5
1808.24	1113.99
1807.35	1127.75
1806.45	1149.87
1805.55	1141.35
1804.65	1163.46
1803.75	1063.11
1802.85	1085.22
1801.96	1154.62
1801.06	1118.29
1800.16	1129.26
1799.26	1087.39
1798.36	1084.45
1797.46	1164.93
1796.56	1164.76
1795.66	1122.91
1794.76	1150.54
1793.86	1117.03
1792.96	1114.1
1792.06	1177.83
1791.16	1172.11
1790.26	1138.62
1789.36	1180.11
1788.46	1221.59
1787.56	1163.12
1786.66	1124.1
1785.76	1132.27
1784.86	1145.98
1783.96	1068.14
1783.06	1145.66
1782.16	1137.17
1781.25	1120.37
1780.35	1120.22
1779.45	1169.96
1778.55	1194.74
1777.65	1097.57
1776.74	1205.49
1775.84	1102.8
1774.94	1160.82
1774.04	1091.41
1773.13	1118.95
1772.23	1104.95
1771.33	1162.94
1770.43	1287.36
1769.52	1154.31
1768.62	1209.5
1767.72	1142.91
1766.81	1236.82
1765.91	1173.02
1765.01	1134.13
1764.1	1200.35
1763.2	1230.6
1762.29	1205.54
1761.39	1191.54
1760.48	1174.79
1759.58	1144.22
1758.68	1168.93
1757.77	1166
1756.87	1210.04
1755.96	1229.21
1755.06	1135.13
1754.15	1137.73
1753.24	1245.25
1752.34	1184.34
1751.43	1123.45
1750.53	1225.4
1749.62	1219.71
1748.72	1205.74
1747.81	1213.85
1746.9	1244.02
1746	1103.19
1745.09	1174.73
1744.18	1254.52
1743.28	1196.45
1742.37	1248.65
1741.46	1193.36
1740.56	1127.05
1739.65	1250.88
1738.74	1187.34
1737.83	1184.42
1736.93	1217.3
1736.02	1244.67
1735.11	1296.8
1734.2	1161.73
1733.29	1183.58
1732.38	1191.67
1731.48	1205.26
1730.57	1210.59
1729.66	1265.44
1728.75	1188.25
1727.84	1237.58
1726.93	1234.66
1726.02	1248.23
1725.11	1187.58
1724.2	1181.91
1723.29	1222.97
1722.38	1214.55
1721.47	1219.87
1720.56	1225.2
1719.65	1194.81
1718.74	1183.65
1717.83	1202.71
1716.92	1229.99
1716.01	1240.8
1715.1	1144.56
1714.19	1160.86
1713.28	1210.09
1712.37	1146.82
1711.46	1198.78
1710.54	1146.49
1709.63	1203.92
1708.72	1228.43
1707.81	1140.52
1706.9	1299.35
1705.99	1236.13
1705.07	1227.73
1704.16	1230.3
1703.25	1216.43
1702.34	1205.3
1701.42	1218.82
1700.51	1155.66
1699.6	1191.1
1698.68	1242.94
1697.77	1253.72
1696.86	1196.06
1695.94	1231.47
1695.03	1277.81
1694.12	1250.27
1693.2	1230.95
1692.29	1173.34
1691.37	1184.11
1690.46	1265.97
1689.54	1265.79
1688.63	1241.01
1687.72	1311.9
1686.8	1248.86
1685.89	1210.43
1684.97	1311.34
1684.06	1237.4
1683.14	1223.57
1682.22	1185.17
1681.31	1326.98
1680.39	1193.02
1679.48	1252.9
1678.56	1247.27
1677.65	1241.63
1676.73	1298.76
1675.81	1260.38
1674.9	1257.47
1673.98	1322.75
1673.06	1298.02
1672.15	1265.12
1671.23	1341.27
1670.31	1349.26
1669.39	1327.26
1668.48	1267.13
1667.56	1356.86
1666.64	1318.53
1665.72	1364.65
1664.81	1318.15
1663.89	1309.8
1662.97	1364.07
1662.05	1363.87
1661.13	1271.13
1660.21	1390.7
1659.3	1428.6
1658.38	1379.42
1657.46	1425.48
1656.54	1384.47
1655.62	1332.6
1654.7	1460.22
1653.78	1443.7
1652.86	1467.96
1651.94	1416.11
1651.02	1399.6
1650.1	1483.64
1649.18	1543.2
1648.26	1464.2
1647.34	1510.17
1646.42	1577.85
1645.5	1572.2
1644.58	1647.99
1643.66	1598.9
1642.74	1688.24
1641.81	1658.15
1640.89	1728.46
1639.97	1687.52
1639.05	1757.81
1638.13	1795.53
1637.21	1784.43
1636.28	1854.68
1635.36	1965.57
1634.44	2022.22
1633.52	2116.79
1632.6	2216.76
1631.67	2251.67
1630.75	2373.27
1629.83	2505.66
1628.9	2635.31
1627.98	2854.29
1627.06	3013.64
1626.13	3148.58
1625.21	3524.39
1624.29	3656.51
1623.36	3929.31
1622.44	4082.98
1621.52	4288.01
1620.59	4511.92
1619.67	4657.33
1618.74	5059.59
1617.82	5231.92
1616.89	5571.81
1615.97	5887.28
1615.04	6310.77
1614.12	6539.57
1613.19	7087.13
1612.27	7245.51
1611.34	7498.39
1610.42	7799.82
1609.49	7814.91
1608.56	7951.5
1607.64	8017.86
1606.71	7997.83
1605.79	7918.43
1604.86	8146.68
1603.93	7773.18
1603.01	7809.85
1602.08	7730.52
1601.15	7680.88
1600.22	7466.76
1599.3	7608.59
1598.37	7537.42
1597.44	7412.36
1596.52	7343.94
1595.59	7235.11
1594.66	7317.6
1593.73	7642.52
1592.8	7571.41
1591.87	7748.08
1590.95	7919.31
1590.02	8289.73
1589.09	8514.68
1588.16	8936.05
1587.23	9238.88
1586.3	9794.57
1585.37	9836.23
1584.44	10399.7
1583.51	10613.4
1582.58	10816.3
1581.65	10954.6
1580.73	11232.7
1579.8	11085.9
1578.86	10901.6
1577.93	10733.4
1577	10420.2
1576.07	10139.3
1575.14	9423.3
1574.21	9002.97
1573.28	8566.65
1572.35	8090.17
1571.42	7493.01
1570.49	6944.35
1569.56	6470.99
1568.62	6217.81
1567.69	5666.88
1566.76	5400.47
1565.83	4994.66
1564.9	4782.07
1563.96	4521.27
1563.03	4169.38
1562.1	3919.47
1561.17	3723.23
1560.23	3580.65
1559.3	3397.92
1558.37	3156.3
1557.44	3062.08
1556.5	3010.75
1555.57	2978.19
1554.63	2851.91
1553.7	2830.08
1552.77	2719.92
1551.83	2483.98
1550.9	2566.59
1549.96	2429.76
1549.03	2314.36
1548.1	2348.81
1547.16	2329.75
1546.23	2160.93
1545.29	2342.46
1544.36	2141.6
1543.42	2216.15
1542.49	2135.65
1541.55	2068.53
1540.61	2105.65
1539.68	2116.03
1538.74	2003.53
1537.81	2035.3
1536.87	1901.48
1535.94	1943.93
1535	1916.96
1534.06	2007.45
1533.13	1860.36
1532.19	1921.48
1531.25	1905.19
1530.31	1851.56
1529.38	1827.29
1528.44	1915.05
1527.5	1818.77
1526.57	1807.85
1525.63	1746.27
1524.69	1833.99
1523.75	1793.75
1522.81	1716.21
1521.88	1747.94
1520.94	1734.37
1520	1787.4
1519.06	1712.57
1518.12	1749.61
1517.18	1677.47
1516.24	1727.81
1515.3	1732.89
1514.36	1674.09
1513.43	1727.08
1512.49	1649.67
1511.55	1665.39
1510.61	1619.94
1509.67	1699.5
1508.73	1656.71
1507.79	1661.79
1506.85	1669.53
1505.9	1632.08
1504.96	1615.9
1504.02	1682.1
1503.08	1607.47
1502.14	1649.74
1501.2	1596.38
1500.26	1574.91
1499.32	1609.21
1498.38	1720.49
1497.43	1598.13
1496.49	1635.06
1495.55	1687.91
1494.61	1661.13
1493.67	1586.6
1492.72	1602.3
1491.78	1617.98
1490.84	1575.32
1489.9	1530.02
1488.95	1588.13
1488.01	1595.85
1487.07	1632.73
1486.12	1590.1
1485.18	1523.63
1484.24	1526.06
1483.29	1507.3
1482.35	1530.92
1481.4	1543.94
1480.46	1556.96
1479.52	1458.78
1478.57	1474.46
1477.63	1516.6
1476.68	1505.79
1475.74	1550.56
1474.79	1486.85
1473.85	1555.41
1472.9	1444.1
1471.96	1449.19
1471.01	1483.35
1470.07	1530.73
1469.12	1541.09
1468.17	1606.94
1467.23	1482.51
1466.28	1511.36
1465.34	1386.98
1464.39	1429.04
1463.44	1473.74
1462.5	1481.45
1461.55	1523.49
1460.6	1478.39
1459.65	1496.66
1458.71	1477.97
1457.76	1496.23
1456.81	1567.25
1455.86	1516.91
1454.92	1495.59
1453.97	1450.54
1453.02	1476.7
1452.07	1492.31
1451.12	1444.65
1450.18	1512.97
1449.23	1557.56
1448.28	1496.73
1447.33	1509.69
1446.38	1543.72
1445.43	1514.53
1444.48	1424.77
1443.53	1527.26
1442.58	1503.35
1441.63	1489.97
1440.68	1450.28
1439.73	1542.18
1438.78	1552.49
1437.83	1604.88
1436.88	1607.28
1435.93	1543.93
1434.98	1496.37
1434.03	1609.23
1433.08	1514.35
1432.13	1506.25
1431.18	1537.57
1430.23	1545.24
1429.28	1539.76
1428.32	1544.79
1427.37	1505.17
1426.42	1533.85
1425.47	1475.85
1424.52	1530.78
1423.56	1614.58
1422.61	1606.47
1421.66	1540.63
1420.71	1650.62
1419.75	1597.91
1418.8	1581.94
1417.85	1555.49
1416.89	1542.15
1415.94	1547.17
1414.99	1596.77
1414.03	1562.46
1413.08	1546.51
1412.13	1569.88
1411.17	1551.31
1410.22	1611.35
1409.26	1653.04
1408.31	1665.9
1407.35	1628.99
1406.4	1602.57
1405.45	1654.71
1404.49	1644
1403.54	1565.24
1402.58	1635.68
1401.62	1737.5
1400.67	1666.61
1399.71	1666.37
1398.76	1660.9
1397.8	1718.2
1396.85	1673.5
1395.89	1730.78
1394.93	1704.39
1393.98	1698.92
1393.02	1698.68
1392.06	1724.56
1391.11	1818.37
1390.15	1773.7
1389.19	1760.39
1388.23	1814.98
1387.28	1689.39
1386.32	1830.13
1385.36	1923.84
1384.4	1816.55
1383.45	1910.24
1382.49	1969.98
1381.53	1982.74
1380.57	2055.5
1379.61	2021.3
1378.65	2057.52
1377.7	2080.69
1376.74	2223.77
1375.78	2252.13
1374.82	2345.63
1373.86	2327.06
1372.9	2342.36
1371.94	2409.76
1370.98	2443.27
1370.02	2562.72
1369.06	2507.67
1368.1	2686.97
1367.14	2715.22
1366.18	2761.68
1365.22	2745.67
1364.26	2870.18
1363.3	2843.75
1362.34	2955.21
1361.37	3103.04
1360.41	3087
1359.45	3107.36
1358.49	3109.51
1357.53	3111.67
1356.57	3207.39
1355.6	3274.5
1354.64	3276.63
1353.68	3200.82
1352.72	3291.28
1351.76	3270.03
1350.79	3300.72
1349.83	3245.72
1348.87	3372.47
1347.9	3296.71
1346.94	3176.85
1345.98	3275.01
1345.01	3162.96
1344.05	3201.43
1343.09	3172.44
1342.12	3171.98
1341.16	3075.58
1340.19	2981.79
1339.23	2947.66
1338.27	2957.61
1337.3	2894.98
1336.34	2904.94
1335.37	2811.24
1334.41	2844.52
1333.44	2766.4
1332.48	2773.78
1331.51	2672.39
1330.54	2726.38
1329.58	2676.8
1328.61	2728.18
1327.65	2468.99
1326.68	2556.62
1325.71	2512.27
1324.75	2457.58
1323.78	2503.79
1322.82	2353.43
1321.85	2280.69
1320.88	2342.41
1319.91	2386.02
1318.95	2388.27
1317.98	2393.09
1317.01	2289.39
1316.04	2193.47
1315.08	2231.9
1314.11	2216.09
1313.14	2158.95
1312.17	2194.8
1311.2	2142.85
1310.24	2163.19
1309.27	2103.52
1308.3	2018.05
1307.33	2090.01
1306.36	2038.11
1305.39	2086.83
1304.42	1973.05
1303.45	2052.71
1302.48	2034.37
1301.51	1972.2
1300.54	2067.29
1299.57	1984.52
1298.6	2040.93
1297.63	1978.8
1296.66	1993.97
1295.69	1893.23
1294.72	1983.1
1293.75	1964.79
1292.78	1982.53
1291.81	1912.74
1290.84	1904.74
1289.87	1829.84
1288.89	1919.64
1287.92	1921.93
1286.95	1962.82
1285.98	1859.65
1285.01	1882.53
1284.03	1879.69
1283.06	1858.85
1282.09	1884.29
1281.12	1794.06
1280.14	1840.06
1279.17	1814.1
1278.2	1762.46
1277.22	1836.7
1276.25	1790.21
1275.28	1818.2
1274.3	1802.53
1273.33	1743.22
1272.36	1771.21
1271.38	1791.49
1270.41	1721.94
1269.43	1711.43
1268.46	1729.14
1267.48	1736.59
1266.51	1718.39
1265.54	1777.12
1264.56	1674.31
1263.58	1763.79
1262.61	1722.53
1261.63	1714.59
1260.66	1704.1
1259.68	1683.35
1258.71	1711.29
1257.73	1634.2
1256.75	1649.33
1255.78	1702.87
1254.8	1641.18
1253.83	1651.18
1252.85	1648.39
1251.87	1632.79
1250.9	1627.44
1249.92	1586.27
1248.94	1644.88
1247.96	1626.74
1246.99	1600.93
1246.01	1593.03
1245.03	1646.49
1244.05	1579.79
1243.07	1508
1242.1	1597.23
1241.12	1579.11
1240.14	1566.11
1239.16	1616.98
1238.18	1563.11
1237.2	1545.01
1236.22	1493.72
1235.24	1506.27
1234.26	1544.34
1233.29	1528.8
1232.31	1543.9
1231.33	1462.03
1230.35	1594.48
1229.37	1515.17
1228.39	1527.71
1227.41	1532.59
1226.42	1509.42
1225.44	1534.7
1224.46	1537.02
1223.48	1498.57
1222.5	1477.97
1221.52	1515.98
1220.54	1523.4
1219.56	1525.73
1218.58	1479.67
1217.59	1482
1216.61	1499.61
1215.63	1440.85
1214.65	1481.36
1213.67	1417.53
1212.68	1399.51
1211.7	1386.59
1210.72	1480.51
1209.73	1444.69
1208.75	1345.3
1207.77	1398.5
1206.78	1492.37
1205.8	1484.53
1204.82	1415.69
1203.83	1423.11
1202.85	1430.53
1201.87	1374.43
1200.88	1407.26
1199.9	1440.07
1198.91	1391.62
1197.93	1393.95
1196.94	1358.21
1195.96	1398.63
1194.97	1400.97
1193.99	1393.15
1193	1425.94
1192.02	1390.21
1191.03	1430.6
1190.05	1379.67
1189.06	1351.58
1188.07	1399.56
1187.09	1384.14
1186.1	1363.67
1185.12	1431.9
1184.13	1393.68
1183.14	1383.35
1182.16	1454.08
1181.17	1352.55
1180.18	1400.48
1179.19	1392.68
1178.21	1346.91
1177.22	1430.25
1176.23	1326.27
1175.24	1351.39
1174.26	1373.96
1173.27	1373.77
1172.28	1398.86
1171.29	1363.25
1170.3	1289.72
1169.31	1337.58
1168.32	1347.5
1167.34	1397.86
1166.35	1387.55
1165.36	1455.58
1164.37	1369.46
1163.38	1344
1162.39	1285.71
1161.4	1363.82
1160.41	1391.4
1159.42	1310.4
1158.43	1332.93
1157.44	1297.4
1156.45	1266.93
1155.46	1344.97
1154.46	1324.6
1153.47	1352.15
1152.48	1261.16
1151.49	1334.11
1150.5	1321.31
1149.51	1316.08
1148.52	1363.78
1147.52	1270.33
1146.53	1300.39
1145.54	1269.96
1144.55	1274.82
1143.56	1319.98
1142.56	1347.49
1141.57	1264.19
1140.58	1238.83
1139.58	1349.43
1138.59	1253.58
1137.6	1316.32
1136.6	1363.94
1135.61	1268.13
1134.62	1293.11
1133.62	1212.43
1132.63	1282.67
1131.64	1227.17
1130.64	1347.68
1129.65	1259.49
1128.65	1286.96
1127.66	1221.43
1126.66	1296.64
1125.67	1165.8
1124.67	1316.36
1123.68	1306.13
1122.68	1260.73
1121.69	1290.68
1120.69	1245.31
1119.69	1255.17
1118.7	1342.84
1117.7	1249.79
1116.71	1237.06
1115.71	1294.58
1114.71	1281.86
1113.72	1239.03
1112.72	1228.82
1111.72	1278.79
1110.72	1225.96
1109.73	1250.85
1108.73	1278.24
1107.73	1288.08
1106.73	1265.34
1105.74	1275.18
1104.74	1282.51
1103.74	1239.75
1102.74	1232.06
1101.74	1224.37
1100.75	1256.74
1099.75	1206.49
1098.75	1271.39
1097.75	1326.26
1096.75	1230.99
1095.75	1273.34
1094.75	1270.65
1093.75	1245.46
1092.75	1237.78
1091.75	1252.6
1090.75	1279.92
1089.75	1249.74
1088.75	1242.06
1087.75	1256.88
1086.75	1206.73
1085.75	1219.04
1084.75	1211.37
1083.75	1258.65
1082.75	1240.99
1081.74	1230.82
1080.74	1230.64
1079.74	1210.5
1078.74	1197.85
1077.74	1232.61
1076.73	1249.89
1075.73	1214.79
1074.73	1204.64
1073.73	1201.97
1072.73	1189.33
1071.72	1216.58
1070.72	1196.46
1069.72	1246.13
1068.71	1201.1
1067.71	1158.57
1066.71	1160.89
1065.7	1215.52
1064.7	1250.21
1063.69	1167.86
1062.69	1120.39
1061.69	1155.08
1060.68	1194.73
1059.68	1279.18
1058.67	1179.46
1057.67	1191.73
1056.66	1146.78
1055.66	1169
1054.65	1198.67
1053.65	1123.9
1052.64	1183.41
1051.64	1143.46
1050.63	1215.38
1049.62	1158.04
1048.62	1229.93
1047.61	1162.68
1046.6	1199.77
1045.6	1154.89
1044.59	1162.17
1043.58	1134.69
1042.58	1186.66
1041.57	1144.29
1040.56	1136.68
1039.56	1171.26
1038.55	1173.57
1037.54	1123.78
1036.53	1173.23
1035.52	1192.9
1034.52	1155.53
1033.51	1202.47
1032.5	1177.51
1031.49	1169.9
1030.48	1130.08
1029.47	1184.43
1028.46	1191.69
1027.45	1154.36
1026.45	1154.19
1025.44	1109.45
1024.43	1158.81
1023.42	1183.4
1022.41	1193.13
1021.4	1138.51
1020.39	1150.72
1019.38	1150.55
1018.37	1113.27
1017.35	1165.06
1016.34	1145.1
1015.33	1147.41
1014.32	1092.85
1013.31	1164.38
1012.3	1107.36
1011.29	1186.29
1010.28	1129.28
1009.26	1131.59
1008.25	1128.96
1007.24	1153.49
1006.23	1096.52
1005.21	1153.16
1004.2	1175.21
1003.19	1110.86
1002.18	1041.59
1001.16	1061.18
1000.15	1107.91
999.137	1144.75
998.124	1144.59
997.11	1144.42
996.096	1144.26
995.082	1131.76
994.068	1114.34
993.054	1084.6
992.04	1178.1
991.025	1123.71
990.011	1089.05
988.996	1152.95
987.981	1093.67
986.966	1142.76
985.951	1093.35
984.935	1080.88
983.92	1115.19
982.904	1115.03
981.888	1141.94
980.872	1063.03
979.856	1136.68
978.84	1134.06
977.824	1119.14
976.807	1173.08
975.79	1052.42
974.773	1116.19
973.756	1093.91
972.739	1108.49
971.722	1041.98
970.705	1122.91
969.687	1149.78
968.669	1120.13
967.651	1122.43
966.633	1078.06
965.615	1117.19
964.597	1148.94
963.578	1148.78
962.56	1111.79
961.541	1138.63
960.522	1082.03
959.503	1116.22
958.484	1086.62
957.464	1123.25
956.445	1088.76
955.425	1081.24
954.405	1081.09
953.385	1085.83
952.365	1083.22
951.345	1139.43
950.325	1063.31
949.304	1097.45
948.283	1138.93
947.263	1104.48
946.242	1074.93
945.22	1062.54
944.199	1157.85
943.178	1111.18
942.156	1125.7
941.134	1079.05
940.113	1020.18
939.091	1083.63
938.068	1061.46
937.046	1066.19
936.024	1112.5
935.001	1075.66
933.978	1097.51
932.955	1092.46
931.932	1150.95
930.909	1099.47
929.886	1072.44
928.862	1028.32
927.838	1064.8
926.815	1113.48
925.791	1088.91
924.766	1098.51
923.742	1047.1
922.718	1054.27
921.693	1029.71
920.669	1044.2
919.644	1026.97
918.619	1097.56
917.594	1124.22
916.568	1075.29
915.543	1104.39
914.517	1067.67
913.491	1050.45
912.466	1042.99
911.439	1062.33
910.413	1084.1
909.387	1027.92
908.36	1069.17
907.334	1086.06
906.307	1032.34
905.28	1078.44
904.253	1049.08
903.226	992.949
902.198	1095.01
901.171	1068.08
900.143	1038.74
899.115	1106.69
898.087	1089.5
897.059	1084.48
896.031	1045.43
895.002	1040.41
893.974	1032.97
892.945	1091.14
891.916	1018.09
890.887	1037.38
889.858	1039.65
888.829	1085.65
887.799	1117.06
886.77	993.068
885.74	1087.6
884.71	1068.03
883.68	1065.44
882.649	1036.17
881.619	1006.9
880.589	1006.76
879.558	1072.1
878.527	1047.69
877.496	1052.39
876.465	1078.91
875.434	1066.63
874.402	1018
873.371	1071.16
872.339	1049.2
871.307	1082.97
870.275	1019.83
869.243	1053.59
868.21	1067.96
867.178	1072.65
866.145	1103.97
865.112	1096.54
864.08	1064.92
863.046	1079.29
862.013	1054.93
860.98	1018.49
859.946	1086.07
858.913	1056.89
857.879	1051.9
856.845	1107.36
855.811	1104.78
854.776	1029.69
853.742	1075.45
852.707	1111.54
851.672	1067.89
850.638	1021.84
849.603	1024.11
848.567	1096.41
847.532	1031.05
846.496	1050.22
845.461	1037.99
844.425	1064.39
843.389	1069.06
842.353	1095.45
841.317	1112.18
840.28	1095.13
839.244	1109.44
838.207	1080.34
837.17	1080.18
836.133	1099.31
835.096	1034.07
834.059	1086.94
833.021	1096.42
831.984	1089.03
830.946	1110.56
829.908	1117.62
828.87	1040.39
827.832	1119.7
826.793	1066.57
825.755	1150.67
824.716	1071.07
823.677	1131.08
822.638	1037.07
821.599	1097.07
820.56	1111.34
819.52	1053.46
818.481	1072.54
817.441	1146.92
816.401	1055.4
815.361	1136.97
814.321	1110.37
813.281	1103
812.24	1100.44
811.199	1105.08
810.159	1100.11
809.118	1126.37
808.077	1087.79
807.035	1099.63
805.994	1092.27
804.952	1029.7
803.911	1111.15
802.869	1166.18
801.827	1077.24
800.785	1129.85
799.742	1115.3
798.7	1134.32
797.657	1119.77
796.614	1088.44
795.571	1143.41
794.528	1092.91
793.485	1222.16
792.442	1111.76
791.398	1178.68
790.355	1121.02
789.311	1142.41
788.267	1115.9
787.223	1142.08
786.178	1175.43
785.134	1180.04
784.089	1139.18
783.044	1136.62
781.999	1083.82
780.954	1114.76
779.909	1172
778.864	1169.44
777.818	1107.1
776.773	1197.79
775.727	1178.49
774.681	1125.74
773.635	1137.52
772.588	1170.81
771.542	1151.52
770.495	1187.19
769.449	1196.57
768.402	1184.45
767.355	1198.6
766.307	1184.1
765.26	1183.93
764.213	1245.81
763.165	1205.06
762.117	1166.71
761.069	1264.35
760.021	1163.98
758.973	1223.44
757.924	1228.03
756.876	1270.76
755.827	1311.1
754.778	1248.94
753.729	1236.84
752.68	1279.55
751.631	1238.86
750.581	1224.39
749.531	1293.28
748.482	1235.94
747.432	1283.38
746.381	1283.19
745.331	1271.1
744.281	1301.85
743.23	1327.84
742.179	1313.37
741.129	1336.97
740.078	1236.87
739.026	1334.2
737.975	1350.65
736.923	1364.71
735.872	1307.46
734.82	1369.07
733.768	1421.15
732.716	1373.42
731.664	1294.82
730.611	1408.65
729.559	1337.19
728.506	1391.61
727.453	1386.66
726.4	1433.94
725.347	1386.26
724.293	1414.53
723.24	1392.97
722.186	1456.83
721.132	1442.38
720.078	1465.89
719.024	1439.59
717.97	1437
716.916	1467.62
715.861	1415.25
714.806	1436.37
713.751	1459.86
712.696	1376.71
711.641	1487.86
710.586	1480.54
709.53	1499.27
708.475	1477.74
707.419	1442
706.363	1496.25
705.307	1505.49
704.25	1434.27
703.194	1526.35
702.137	1466.98
701.081	1509.34
700.024	1435.8
698.967	1511.27
697.909	1570.16
696.852	1461.17
695.795	1496.42
694.737	1477.29
693.679	1566.88
692.621	1483.95
691.563	1590.05
690.505	1596.9
689.446	1582.49
688.388	1492.52
687.329	1520.64
686.27	1586.52
685.211	1600.45
684.152	1576.61
683.092	1555.15
682.033	1554.92
680.973	1559.41
679.913	1599.28
678.853	1521.21
677.793	1551.65
676.733	1539.63
675.672	1603.06
674.611	1539.18
673.551	1569.59
672.49	1640.05
671.429	1585.62
670.367	1651.35
669.306	1476.81
668.244	1533.12
667.183	1622.37
666.121	1558.56
665.059	1558.33
663.997	1591.06
662.934	1520.22
661.872	1541.18
660.809	1569.18
659.746	1561.9
658.683	1648.69
657.62	1622.58
656.557	1650.55
655.494	1579.79
654.43	1511.39
653.366	1631.03
652.302	1548.54
651.238	1520.12
650.174	1592.72
649.11	1547.86
648.045	1589.91
646.98	1617.85
645.916	1594.13
644.851	1570.43
643.785	1577.24
642.72	1581.7
641.655	1541.58
640.589	1499.12
639.523	1545.82
638.457	1583.12
637.391	1444.53
636.325	1566.24
635.259	1516.78
634.192	1497.8
633.125	1537.42
632.058	1495.02
630.991	1572.12
629.924	1555.49
628.857	1466.25
627.789	1449.64
626.722	1538.41
625.654	1500.73
624.586	1521.57
623.518	1537.73
622.449	1546.87
621.381	1436.67
620.312	1457.51
619.244	1511.1
618.175	1494.51
617.106	1557.42
616.036	1501.08
614.967	1510.21
613.898	1568.43
612.828	1465.36
611.758	1514.22
610.688	1499.98
609.618	1502.09
608.547	1459.83
607.477	1518
606.406	1482.75
605.335	1559.58
604.265	1419.29
603.193	1409.74
602.122	1465.54
601.051	1486.33
599.979	1453.45
598.907	1516.21
597.835	1515.99
596.763	1473.79
595.691	1475.91
594.619	1464.03
593.546	1496.45
592.474	1472.93
591.401	1540.29
590.328	1446.86
589.255	1411.71
588.181	1472.06
587.108	1439.24
586.034	1436.7
584.96	1487.71
583.886	1454.9
582.812	1466.32
581.738	1417.24
580.664	1414.7
579.589	1407.51
578.514	1435.22
577.439	1455.94
576.364	1446.42
575.289	1460.16
574.214	1413.45
573.138	1345.84
572.062	1387.47
570.986	1389.59
569.91	1463.73
568.834	1384.54
567.758	1416.85
566.681	1402.71
565.605	1374.64
564.528	1328
563.451	1346.37
562.374	1355.46
561.297	1359.9
560.219	1375.94
559.142	1317.74
558.064	1410.33
556.986	1377.66
555.908	1310.2
554.83	1386.52
553.751	1393.27
552.673	1362.94
551.594	1346.51
550.515	1330.09
549.436	1415.62
548.357	1334.33
547.278	1357.3
546.198	1331.63
545.118	1421.74
544.039	1384.48
542.959	1349.56
541.878	1365.56
540.798	1381.56
539.718	1286.49
538.637	1399.66
537.556	1364.75
536.475	1355.3
535.394	1334.29
534.313	1364.15
533.232	1368.57
532.15	1345.26
531.068	1356.61
529.986	1402.63
528.904	1397.8
527.822	1302.88
526.74	1328.1
525.657	1362.54
524.574	1350.8
523.492	1440.64
522.409	1451.97
521.325	1668.71
520.242	1689.23
519.159	1675.14
518.075	1621.83
516.991	1473.96
515.907	1434.54
514.823	1468.92
513.739	1454.86
512.654	1360.13
511.57	1353.02
510.485	1424.26
509.4	1442.48
508.315	1391.58
507.23	1333.79
506.144	1393.48
505.059	1478.48
503.973	1337.8
502.887	1379.05
501.801	1420.28
500.715	1351.02
499.628	1394.55
498.542	1403.54
497.455	1361.93
496.368	1387.03
495.281	1356.92
494.194	1409.61
493.107	1391.01
492.019	1420.69
490.932	1452.66
489.844	1468.53
488.756	1438.44
487.668	1394.58
486.579	1376
485.491	1499.82
484.402	1455.97
483.313	1400.64
482.224	1372.89
481.135	1397.93
480.046	1377.07
478.957	1404.41
477.867	1406.49
476.777	1342.05
475.687	1403.78
474.597	1394.4
473.507	1444.64
472.417	1350.43
471.326	1391.49
470.235	1352.32
469.145	1329.2
468.053	1351.92
466.962	1363.18
465.871	1369.85
464.779	1422.32
463.688	1328.22
462.596	1348.63
461.504	1401.09
460.412	1366.55
459.319	1373.21
458.227	1377.58
457.134	1317.89
456.041	1406.92
454.948	1379.26
453.855	1344.75
452.762	1362.85
451.669	1456.38
450.575	1357.87
449.481	1316.53
448.387	1400.89
447.293	1373.26
446.199	1389.05
445.104	1324.89
444.01	1285.86
442.915	1395.29
441.82	1443.03
440.725	1388.03
439.63	1321.63
438.534	1410.44
437.439	1469.56
436.343	1410.02
435.247	1304.87
434.151	1377.67
433.055	1366.06
431.959	1379.54
430.862	1408.98
429.765	1406.49
428.668	1328.79
427.571	1385.56
426.474	1421.82
425.377	1428.44
424.279	1464.67
423.182	1371.08
422.084	1409.59
420.986	1491.35
419.888	1450.15
418.789	1404.41
417.691	1440.61
416.592	1481.36
415.493	1465.22
414.394	1499.12
413.295	1530.74
412.196	1437.27
411.097	1407.5
409.997	1484.59
408.897	1513.92
407.797	1488.7
406.697	1472.57
405.597	1492.8
404.496	1497.12
403.396	1535.52
402.295	1498.95
401.194	1575.94
400.093	1598.41
398.992	1555.04
397.89	1586.59
396.789	1634.01
395.687	1552.08
394.585	1533.7
393.483	1617.4
392.381	1592.21
391.278	1601.05
390.176	1575.87
389.073	1575.64
387.97	1500.6
386.867	1588.77
385.764	1588.53
384.66	1570.17
383.557	1481.59
382.453	1560.65
381.349	1494.74
380.245	1564.71
379.141	1571.27
378.037	1473.7
376.932	1548.17
375.827	1495.89
374.723	1547.71
373.618	1565.58
372.512	1558.56
371.407	1551.55
370.302	1521.92
369.196	1555.61
368.09	1512.42
366.984	1478.29
365.878	1505.2
364.772	1511.75
363.665	1511.53
362.558	1506.78
361.452	1572.06
360.345	1537.96
359.237	1528.69
358.13	1555.56
357.023	1586.93
355.915	1591.21
354.807	1536.81
353.699	1473.41
352.591	1513.8
351.483	1463.95
350.374	1497.56
349.266	1504.1
348.157	1582.79
347.048	1528.46
345.939	1501.18
344.829	1528
343.72	1521.01
342.61	1606.4
341.501	1565.62
340.391	1572.14
339.28	1472.82
338.17	1578.43
337.06	1600.71
335.949	1568.96
334.838	1597.98
333.727	1550.49
332.616	1566.01
331.505	1559.03
330.394	1624.02
329.282	1560.81
328.17	1594.31
327.058	1607.56
325.946	1645.54
324.834	1573.37
323.722	1611.34
322.609	1561.67
321.496	1615.36
320.383	1660.04
319.27	1569.96
318.157	1589.93
317.043	1589.7
315.93	1627.63
314.816	1634.12
313.702	1622.65
312.588	1608.95
311.474	1628.9
310.359	1666.8
309.245	1727.11
308.13	1740.31
307.015	1775.93
305.9	1791.36
304.785	1788.85
303.67	1858.06
302.554	1810.73
301.438	1947.14
300.322	1987.17
299.206	2063.04
