3199.09	233.973
3198.38	269.424
3197.67	226.852
3196.97	248.086
3196.26	194.898
3195.56	251.561
3194.85	226.728
3194.15	286.914
3193.44	255
3192.73	230.177
3192.03	237.227
3191.32	237.194
3190.62	237.162
3189.91	240.669
3189.2	230.019
3188.5	212.297
3187.79	237.032
3187.08	226.388
3186.38	226.357
3185.67	219.253
3184.96	258.118
3184.26	226.264
3183.55	250.978
3182.84	208.53
3182.13	236.773
3181.43	204.94
3180.72	236.709
3180.01	226.079
3179.3	247.24
3178.59	250.738
3177.89	229.517
3177.18	201.242
3176.47	201.214
3175.76	250.601
3175.05	236.45
3174.35	247.004
3173.64	254.026
3172.93	243.409
3172.22	222.212
3171.51	243.342
3170.8	236.257
3170.09	239.75
3169.38	285.546
3168.67	207.962
3167.96	197.36
3167.26	236.095
3166.55	221.97
3165.84	260.691
3165.13	211.342
3164.42	267.663
3163.71	214.806
3163	218.297
3162.29	242.911
3161.58	278.077
3160.87	228.766
3160.16	228.735
3159.44	232.222
3158.73	242.745
3158.02	218.089
3157.31	256.747
3156.6	242.645
3155.89	232.064
3155.18	221.485
3154.47	235.516
3153.76	231.969
3153.05	242.48
3152.33	249.474
3151.62	235.387
3150.91	252.918
3150.2	259.908
3149.49	238.802
3148.78	252.815
3148.06	266.824
3147.35	217.642
3146.64	242.182
3145.93	228.111
3145.21	217.553
3144.5	217.523
3143.79	185.922
3143.08	227.986
3142.36	252.504
3141.65	217.404
3140.94	255.941
3140.22	189.301
3139.51	262.881
3138.8	217.286
3138.08	255.801
3137.37	262.774
3136.66	227.706
3135.94	255.697
3135.23	234.648
3134.52	234.616
3133.8	227.582
3133.09	220.549
3132.37	252.022
3131.66	258.987
3130.94	213.46
3130.23	220.429
3129.51	255.382
3128.8	188.887
3128.09	241.323
3127.37	223.805
3126.66	230.767
3125.94	304.152
3125.23	251.677
3124.51	230.673
3123.79	216.663
3123.08	244.586
3122.36	227.085
3121.65	209.588
3120.93	275.92
3120.22	226.992
3119.5	226.961
3118.78	230.421
3118.07	240.861
3117.35	226.867
3116.63	240.796
3115.92	244.252
3115.2	275.618
3114.49	233.72
3113.77	268.567
3113.05	265.043
3112.33	244.085
3111.62	212.674
3110.9	237.046
3110.18	240.5
3109.47	254.407
3108.75	254.372
3108.03	261.305
3107.31	278.688
3106.6	247.302
3105.88	236.82
3105.16	254.198
3104.44	226.31
3103.72	222.798
3103.01	288.901
3102.29	208.816
3101.57	236.626
3100.85	208.759
3100.13	257.434
3099.41	260.877
3098.69	233.018
3097.97	257.328
3097.26	250.339
3096.54	271.164
3095.82	281.555
3095.1	180.726
3094.38	232.827
3093.66	236.27
3092.94	236.238
3092.22	232.732
3091.5	284.797
3090.78	211.832
3090.06	256.942
3089.34	239.548
3088.62	253.4
3087.9	229.07
3087.18	232.509
3086.46	256.766
3085.74	256.731
3085.02	253.227
3084.3	267.066
3083.58	273.965
3082.85	253.123
3082.13	308.56
3081.41	246.121
3080.69	235.689
3079.97	259.916
3079.25	256.415
3078.53	197.482
3077.8	266.737
3077.08	266.701
3076.36	259.738
3075.64	277.016
3074.92	221.583
3074.2	245.785
3073.47	266.519
3072.75	238.796
3072.03	269.906
3071.31	280.249
3070.58	294.048
3069.86	255.96
3069.14	262.842
3068.41	224.768
3067.69	231.652
3066.97	252.363
3066.24	235.045
3065.52	269.574
3064.8	234.981
3064.07	259.135
3063.35	241.826
3062.63	255.61
3061.9	259.029
3061.18	262.446
3060.45	269.316
3059.73	241.661
3059.01	276.146
3058.28	279.56
3057.56	272.62
3056.83	244.979
3056.11	248.396
3055.38	258.71
3054.66	231.083
3053.93	296.573
3053.21	268.948
3052.48	282.702
3051.76	313.687
3051.03	227.478
3050.31	251.57
3049.58	261.873
3048.86	303.18
3048.13	258.356
3047.4	244.544
3046.68	251.398
3045.95	265.137
3045.23	251.329
3044.5	261.622
3043.77	306.331
3043.05	282.199
3042.32	264.956
3041.59	313.087
3040.87	271.763
3040.14	313.001
3039.41	312.958
3038.69	251.02
3037.96	264.738
3037.23	257.827
3036.51	264.666
3035.78	285.25
3035.05	295.52
3034.32	340.145
3033.6	240.474
3032.87	271.354
3032.14	250.711
3031.41	274.714
3030.68	309.011
3029.95	281.505
3029.23	281.466
3028.5	271.132
3027.77	284.821
3027.04	271.058
3026.31	267.59
3025.58	305.285
3024.85	253.798
3024.13	260.622
3023.4	240.013
3022.67	270.835
3021.94	267.37
3021.21	253.624
3020.48	315.273
3019.75	263.834
3019.02	277.502
3018.29	291.166
3017.56	304.826
3016.83	280.812
3016.1	287.622
3015.37	314.971
3014.64	277.274
3013.91	311.463
3013.18	294.309
3012.45	290.847
3011.72	266.858
3010.99	253.139
3010.26	314.67
3009.52	273.588
3008.79	311.164
3008.06	270.095
3007.33	287.15
3006.6	293.947
3005.87	283.654
3005.14	280.198
3004.4	317.742
3003.67	290.37
3002.94	297.161
3002.21	310.781
3001.48	314.153
3000.74	314.11
3000.01	300.412
2999.28	320.851
2998.55	378.825
2997.81	327.588
2997.08	344.603
2996.35	330.91
2995.62	279.7
2994.88	368.335
2994.15	344.414
2993.42	364.824
2992.68	330.683
2991.95	323.821
2991.22	357.858
2990.48	347.586
2989.75	323.688
2989.01	286.169
2988.28	381.506
2987.55	354.207
2986.81	347.348
2986.08	340.491
2985.34	326.826
2984.61	309.762
2983.87	347.158
2983.14	353.916
2982.41	374.283
2981.67	326.602
2980.94	353.771
2980.2	370.728
2979.47	387.681
2978.73	363.826
2978	394.374
2977.26	333.133
2976.52	377.272
2975.79	421.4
2975.05	417.944
2974.32	346.54
2973.58	366.875
2972.84	407.583
2972.11	417.715
2971.37	346.35
2970.64	407.415
2969.9	410.754
2969.16	373.362
2968.43	383.492
2967.69	332.54
2966.95	379.994
2966.22	335.841
2965.48	430.768
2964.74	451.057
2964	396.74
2963.27	447.543
2962.53	359.342
2961.79	383.019
2961.05	427.025
2960.32	433.744
2959.58	437.072
2958.84	470.889
2958.1	416.629
2957.36	463.987
2956.63	396.197
2955.89	443.545
2955.15	470.567
2954.41	409.574
2953.67	426.44
2952.93	433.15
2952.19	456.775
2951.46	487.16
2950.72	476.945
2949.98	463.352
2949.24	473.433
2948.5	486.893
2947.76	490.207
2947.02	473.238
2946.28	513.731
2945.54	442.695
2944.8	466.286
2944.06	520.277
2943.32	516.828
2942.58	533.644
2941.84	493.047
2941.1	449.084
2940.36	550.306
2939.62	462.463
2938.88	475.901
2938.14	475.836
2937.4	492.642
2936.65	502.696
2935.91	485.76
2935.17	475.575
2934.43	465.392
2933.69	461.957
2932.95	525.952
2932.21	488.798
2931.46	525.807
2930.72	512.255
2929.98	454.901
2929.24	458.208
2928.5	512.044
2927.75	495.133
2927.01	491.697
2926.27	454.589
2925.53	461.261
2924.78	508.327
2924.04	427.475
2923.3	471.167
2922.56	524.943
2921.81	481.132
2921.07	467.61
2920.33	484.364
2919.58	470.845
2918.84	501.044
2918.1	494.251
2917.35	517.716
2916.61	453.78
2915.87	470.522
2915.12	406.61
2914.38	477.113
2913.63	466.969
2912.89	416.519
2912.14	460.124
2911.4	456.703
2910.66	527.151
2909.91	446.506
2909.17	443.088
2908.42	426.246
2907.68	489.948
2906.93	459.682
2906.19	486.458
2905.44	452.847
2904.7	442.723
2903.95	476.198
2903.2	435.896
2902.46	432.484
2901.71	392.199
2900.97	429.013
2900.22	385.389
2899.47	422.194
2898.73	438.888
2897.98	438.828
2897.24	395.226
2896.49	411.916
2895.74	438.647
2895	435.239
2894.25	384.966
2893.5	398.302
2892.76	435.06
2892.01	408.231
2891.26	404.829
2890.51	431.536
2889.77	408.063
2889.02	374.564
2888.27	411.295
2887.52	427.955
2886.78	377.753
2886.03	401.098
2885.28	401.043
2884.53	397.647
2883.78	380.886
2883.03	440.966
2882.29	397.483
2881.54	417.467
2880.79	430.767
2880.04	407.336
2879.29	400.603
2878.54	457.293
2877.79	380.469
2877.04	393.764
2876.29	390.374
2875.55	400.329
2874.8	410.28
2874.05	423.565
2873.3	370.152
2872.55	403.443
2871.8	366.716
2871.05	423.332
2870.3	359.95
2869.55	363.233
2868.8	349.855
2868.05	433.095
2867.3	409.718
2866.54	386.348
2865.79	416.266
2865.04	379.582
2864.29	402.835
2863.54	429.409
2862.79	406.052
2862.04	402.669
2861.29	402.614
2860.54	352.654
2859.78	412.482
2859.03	359.21
2858.28	379.114
2857.53	415.638
2856.78	369.036
2856.03	378.958
2855.27	388.877
2854.52	368.884
2853.77	398.739
2853.02	375.427
2852.26	438.492
2851.51	405.217
2850.76	395.199
2850	411.747
2849.25	464.812
2848.5	375.118
2847.75	401.62
2846.99	388.29
2846.24	404.828
2845.49	378.23
2844.73	371.543
2843.98	434.513
2843.22	378.074
2842.47	378.022
2841.72	394.548
2840.96	397.809
2840.21	397.754
2839.45	374.501
2838.7	407.586
2837.94	367.771
2837.19	298.152
2836.44	394.169
2835.68	430.546
2834.93	351.012
2834.17	377.452
2833.42	380.711
2832.66	423.689
2831.9	433.56
2831.15	360.699
2830.39	373.884
2829.64	373.833
2828.88	390.32
2828.13	363.808
2827.37	376.986
2826.61	370.321
2825.86	373.576
2825.1	347.081
2824.35	376.779
2823.59	376.727
2822.83	383.284
2822.08	386.535
2821.32	426.121
2820.56	363.309
2819.8	409.492
2819.05	442.455
2818.29	419.284
2817.53	379.614
2816.78	435.671
2816.02	376.21
2815.26	415.754
2814.5	422.295
2813.74	412.341
2812.99	392.495
2812.23	422.121
2811.47	369.305
2810.71	438.49
2809.95	405.465
2809.19	405.409
2808.44	415.24
2807.68	438.249
2806.92	448.073
2806.16	424.952
2805.4	401.837
2804.64	362.262
2803.88	375.384
2803.12	444.472
2802.36	408.2
2801.6	411.436
2800.84	401.506
2800.08	417.904
2799.33	447.457
2798.57	388.182
2797.81	440.756
2797.04	453.85
2796.28	434.058
2795.52	427.423
2794.76	420.789
2794	456.888
2793.24	437.106
2792.48	473.193
2791.72	440.272
2790.96	476.348
2790.2	502.56
2789.44	440.09
2788.68	423.611
2787.91	505.636
2787.15	433.343
2786.39	462.825
2785.63	436.506
2784.87	472.543
2784.11	462.635
2783.34	436.326
2782.58	429.706
2781.82	462.444
2781.06	452.543
2780.29	557.403
2779.53	524.543
2778.77	472.024
2778.01	527.676
2777.24	521.049
2776.48	481.659
2775.72	455.383
2774.95	504.456
2774.19	481.46
2773.43	550.165
2772.66	514.071
2771.9	572.931
2771.14	530.297
2770.37	513.859
2769.61	556.332
2768.85	566.071
2768.08	487.474
2767.32	598.628
2766.55	559.296
2765.79	552.679
2765.02	582.032
2764.26	549.258
2763.49	624.368
2762.73	607.939
2761.96	578.443
2761.2	650.251
2760.43	558.682
2759.67	614.139
2758.9	659.782
2758.14	666.222
2757.37	662.865
2756.61	666.039
2755.84	682.27
2755.07	678.912
2754.31	646.183
2753.54	695.041
2752.78	662.319
2752.01	740.521
2751.24	763.251
2750.48	730.533
2749.71	749.998
2748.94	864.009
2748.18	834.55
2747.41	880.069
2746.64	896.243
2745.88	922.189
2745.11	876.448
2744.34	964.285
2743.57	993.468
2742.81	885.856
2742.04	967.144
2741.27	957.243
2740.5	1051.52
2739.73	1051.38
2738.97	1077.27
2738.2	1106.41
2737.43	1096.49
2736.66	1154.9
2735.89	1148.24
2735.12	1157.84
2734.35	1229.22
2733.59	1229.05
2732.82	1219.13
2732.05	1267.72
2731.28	1345.55
2730.51	1371.36
2729.74	1403.66
2728.97	1383.98
2728.2	1442.26
2727.43	1451.8
2726.66	1363.92
2725.89	1444.91
2725.12	1486.91
2724.35	1476.97
2723.58	1613.08
2722.81	1560.94
2722.04	1645.09
2721.27	1641.62
2720.5	1673.83
2719.73	1624.95
2718.96	1741.47
2718.19	1728.26
2717.41	1731.27
2716.64	1721.3
2715.87	1808.58
2715.1	1827.77
2714.33	1714.11
2713.56	1840.23
2712.79	1920.96
2712.01	1936.89
2711.24	1881.57
2710.47	1955.79
2709.7	1923.14
2708.93	1942.3
2708.15	2074.74
2707.38	1990.31
2706.61	2022.39
2705.84	1934.76
2705.06	2060.66
2704.29	2053.9
2703.52	2024.51
2702.74	2079.21
2701.97	2056.29
2701.2	2094.8
2700.42	2071.88
2699.65	2168.55
2698.88	2110.09
2698.1	2245.5
2697.33	2199.96
2696.55	2164.13
2695.78	2183.21
2695.01	2237.8
2694.23	2166.46
2693.46	2130.65
2692.68	2246.56
2691.91	2272.07
2691.13	2136.23
2690.36	2161.75
2689.58	2219.52
2688.81	2167.6
2688.03	2228.58
2687.26	2208.93
2686.48	2192.5
2685.71	2085.81
2684.93	2227.35
2684.16	2133.58
2683.38	2149.4
2682.6	2087.89
2681.83	2164.92
2681.05	2087.31
2680.28	2080.58
2679.5	2070.63
2678.72	2105.77
2677.95	2128.01
2677.17	2073
2676.39	2024.43
2675.62	1982.32
2674.84	1959.52
2674.06	1968.91
2673.29	1885
2672.51	1881.52
2671.73	1878.05
2670.95	1835.99
2670.18	1768.22
2669.4	1722.98
2668.62	1851.3
2667.84	1712.86
2667.06	1709.41
2666.29	1686.69
2665.51	1702.52
2664.73	1666.95
2663.95	1650.66
2663.17	1570.16
2662.39	1586
2661.61	1531.21
2660.84	1521.37
2660.06	1482.65
2659.28	1459.98
2658.5	1488.66
2657.72	1453.17
2656.94	1414.48
2656.16	1436.73
2655.38	1391.64
2654.6	1426.72
2653.82	1307.91
2653.04	1217.98
2652.26	1233.84
2651.48	1284.94
2650.7	1281.56
2649.92	1214.11
2649.14	1252.38
2648.36	1220.18
2647.58	1255.23
2646.8	1130.2
2646.02	1149.25
2645.24	1168.29
2644.45	1168.13
2643.67	1030.38
2642.89	1091.02
2642.11	1106.87
2641.33	1026.75
2640.55	1061.79
2639.76	991.293
2638.98	1000.75
2638.2	949.46
2637.42	962.115
2636.64	936.415
2635.85	955.459
2635.07	913.791
2634.29	907.276
2633.51	894.374
2632.72	916.607
2631.94	913.287
2631.16	804.604
2630.37	887.496
2629.59	833.11
2628.81	839.378
2628.02	877.556
2627.24	839.146
2626.46	842.221
2625.67	784.689
2624.89	765.444
2624.11	746.205
2623.32	787.553
2622.54	736.435
2621.75	812.836
2620.97	758.542
2620.18	771.185
2619.4	710.539
2618.62	719.999
2617.83	723.085
2617.05	662.471
2616.26	687.856
2615.48	665.472
2614.69	652.646
2613.9	703.487
2613.12	697.024
2612.33	598.276
2611.55	700.014
2610.76	668.103
2609.98	575.762
2609.19	585.224
2608.4	645.566
2607.62	600.961
2606.83	578.623
2606.04	562.649
2605.26	568.929
2604.47	572.028
2603.68	610.079
2602.9	559.162
2602.11	594.028
2601.32	552.655
2600.54	495.416
2599.75	616.009
2598.96	593.7
2598.17	542.827
2597.39	580.84
2596.6	571.239
2595.81	536.256
2595.02	567.909
2594.23	555.142
2593.45	520.175
2592.66	494.732
2591.87	548.57
2591.08	526.301
2590.29	519.888
2589.5	526.156
2588.72	481.714
2587.93	472.142
2587.14	541.779
2586.35	551.208
2585.56	484.616
2584.77	465.547
2583.98	500.315
2583.19	487.581
2582.4	500.177
2581.61	531.76
2580.82	484.215
2580.03	480.984
2579.24	509.393
2578.45	553.611
2577.66	531.393
2576.87	537.645
2576.08	496.463
2575.29	467.938
2574.5	461.551
2573.71	534.187
2572.92	445.622
2572.12	527.72
2571.33	508.69
2570.54	486.506
2569.75	470.645
2568.96	473.738
2568.17	486.304
2567.38	416.775
2566.58	511.425
2565.79	457.694
2565	467.099
2564.21	407.077
2563.41	495.367
2562.62	460.596
2561.83	511.002
2561.04	507.777
2560.24	463.559
2559.45	463.495
2558.66	457.126
2557.87	466.519
2557.07	431.786
2556.28	482.146
2555.49	472.627
2554.69	425.306
2553.9	494.547
2553.1	396.842
2552.31	437.726
2551.52	453.409
2550.72	409.271
2549.93	424.953
2549.13	440.632
2548.34	459.452
2547.54	453.096
2546.75	478.202
2545.96	440.388
2545.16	465.489
2544.37	408.819
2543.57	437.061
2542.78	468.44
2541.98	402.363
2541.18	446.309
2540.39	446.248
2539.59	424.191
2538.8	420.991
2538	458.628
2537.21	424.015
2536.41	420.816
2535.61	464.718
2534.82	445.816
2534.02	448.894
2533.22	392.335
2532.43	414.249
2531.63	454.983
2530.83	439.233
2530.04	457.994
2529.24	423.429
2528.44	426.507
2527.65	454.669
2526.85	442.065
2526.05	445.139
2525.25	435.674
2524.46	419.944
2523.66	426.153
2522.86	435.494
2522.06	454.229
2521.26	425.977
2520.47	450.972
2519.67	447.778
2518.87	444.585
2518.07	428.872
2517.27	428.812
2516.47	460.049
2515.67	456.856
2514.87	472.437
2514.07	425.447
2513.28	428.516
2512.48	394.055
2511.68	390.874
2510.88	400.199
2510.08	428.279
2509.28	421.968
2508.48	462.539
2507.68	465.599
2506.88	409.296
2506.08	440.479
2505.28	440.418
2504.48	418.495
2503.68	443.419
2502.88	458.969
2502.07	452.662
2501.27	399.536
2500.47	458.778
2499.67	380.702
2498.87	433.691
2498.07	458.588
2497.27	458.525
2496.47	449.105
2495.66	505.173
2494.86	458.334
2494.06	436.449
2493.26	473.793
2492.46	433.211
2491.65	517.289
2490.85	401.934
2490.05	473.531
2489.25	454.776
2488.44	451.598
2487.64	454.65
2486.84	463.928
2486.03	501.222
2485.23	454.461
2484.43	494.859
2483.62	476.119
2482.82	466.719
2482.02	500.875
2481.21	472.811
2480.41	478.965
2479.61	475.789
2478.8	416.647
2478	519.182
2477.19	494.243
2476.39	487.958
2475.58	466.138
2474.78	459.859
2473.98	456.688
2473.17	428.669
2472.37	527.997
2471.56	499.975
2470.76	509.221
2469.95	512.255
2469.15	481.142
2468.34	536.943
2467.53	546.178
2466.73	518.177
2465.92	508.798
2465.12	524.238
2464.31	474.54
2463.5	552.003
2462.7	511.617
2461.89	527.048
2461.09	542.474
2460.28	573.393
2459.47	520.631
2458.67	470.982
2457.86	520.487
2457.05	492.535
2456.24	526.537
2455.44	526.464
2454.63	544.97
2453.82	501.55
2453.01	551.01
2452.21	538.553
2451.4	516.816
2450.59	532.215
2449.78	495.016
2448.97	485.667
2448.17	485.6
2447.36	500.995
2446.55	485.465
2445.74	525.59
2444.93	550.247
2444.12	537.808
2443.31	519.191
2442.51	463.499
2441.7	466.524
2440.89	481.905
2440.08	488.016
2439.27	481.772
2438.46	475.53
2437.65	490.901
2436.84	512.442
2436.03	490.765
2435.22	438.232
2434.41	475.2
2433.6	468.964
2432.79	490.493
2431.98	462.665
2431.17	481.105
2430.36	397.782
2429.54	422.392
2428.73	468.574
2427.92	456.18
2427.11	471.526
2426.3	456.054
2425.49	412.856
2424.68	431.283
2423.87	428.143
2423.05	421.924
2422.24	415.707
2421.43	397.176
2420.62	437.141
2419.81	430.924
2418.99	427.787
2418.18	360.03
2417.37	421.515
2416.56	387.617
2415.74	372.184
2414.93	384.434
2414.12	405.906
2413.3	430.447
2412.49	378.126
2411.68	439.549
2410.86	362.654
2410.05	371.823
2409.24	427.076
2408.42	331.783
2407.61	371.668
2406.8	390.044
2405.98	365.423
2405.17	371.513
2404.35	371.462
2403.54	405.175
2402.72	377.497
2401.91	411.2
2401.09	383.529
2400.28	398.815
2399.46	349.681
2398.65	404.838
2397.83	398.649
2397.02	398.594
2396.2	374.013
2395.39	380.092
2394.57	401.493
2393.76	355.471
2392.94	395.253
2392.12	315.546
2391.31	364.512
2390.49	373.65
2389.67	364.411
2388.86	379.67
2388.04	370.433
2387.22	367.321
2386.41	342.785
2385.59	370.279
2384.77	348.81
2383.96	403.829
2383.14	357.889
2382.32	382.307
2381.5	397.545
2380.69	366.913
2379.87	333.233
2379.05	363.755
2378.23	378.986
2377.42	366.71
2376.6	357.492
2375.78	369.663
2374.96	360.448
2374.14	354.289
2373.32	366.456
2372.5	403.045
2371.69	372.46
2370.87	335.778
2370.05	369.304
2369.23	360.098
2368.41	405.817
2367.59	359.998
2366.77	353.847
2365.95	396.498
2365.13	350.7
2364.31	381.142
2363.49	362.797
2362.67	359.698
2361.85	313.93
2361.03	365.693
2360.21	386.972
2359.39	350.359
2358.57	313.756
2357.75	389.857
2356.93	371.53
2356.11	359.299
2355.28	344.027
2354.46	353.111
2353.64	322.626
2352.82	368.229
2352	365.136
2351.18	368.127
2350.35	334.615
2349.53	291.987
2348.71	334.522
2347.89	328.394
2347.07	346.59
2346.24	386.06
2345.42	346.494
2344.6	358.602
2343.78	379.822
2342.95	352.426
2342.13	379.716
2341.31	340.179
2340.48	343.168
2339.66	364.376
2338.84	343.073
2338.01	388.56
2337.19	364.224
2336.37	349
2335.54	364.123
2334.72	339.801
2333.89	354.921
2333.07	342.74
2332.25	388.182
2331.42	442.709
2330.6	415.361
2329.77	403.177
2328.95	421.307
2328.12	360.637
2327.3	375.738
2326.47	354.478
2325.65	366.546
2324.82	330.148
2324	339.188
2323.17	378.505
2322.34	357.259
2321.52	345.101
2320.69	332.946
2319.87	305.662
2319.04	357.061
2318.21	341.883
2317.39	311.585
2316.56	314.566
2315.73	311.498
2314.91	356.813
2314.08	350.716
2313.25	326.484
2312.43	329.461
2311.6	383.814
2310.77	362.608
2309.94	341.409
2309.12	329.278
2308.29	377.56
2307.46	332.206
2306.63	359.337
2305.81	347.21
2304.98	359.237
2304.15	319.948
2303.32	344.047
2302.49	386.245
2301.66	362.054
2300.83	386.138
2300.01	380.051
2299.18	383.014
2298.35	331.699
2297.52	337.683
2296.69	331.606
2295.86	376.773
2295.03	364.666
2294.2	352.562
2293.37	343.474
2292.54	364.514
2291.71	337.354
2290.88	388.506
2290.05	331.238
2289.22	361.3
2288.39	316.094
2287.56	367.22
2286.73	352.121
2285.9	376.145
2285.07	370.075
2284.24	354.982
2283.41	372.98
2282.57	342.853
2281.74	321.756
2280.91	369.818
2280.08	360.748
2279.25	363.703
2278.42	327.588
2277.58	339.562
2276.75	399.606
2275.92	387.534
2275.09	318.395
2274.25	333.367
2273.42	369.355
2272.59	339.279
2271.76	354.242
2270.92	357.194
2270.09	387.157
2269.26	381.101
2268.42	333.042
2267.59	347.996
2266.76	335.949
2265.92	332.903
2265.09	332.857
2264.26	287.836
2263.42	353.75
2262.59	335.716
2261.75	347.657
2260.92	404.545
2260.09	374.526
2259.25	359.495
2258.42	344.468
2257.58	350.41
2256.75	362.34
2255.91	374.266
2255.08	326.314
2254.24	368.175
2253.41	353.159
2252.57	341.14
2251.74	374.005
2250.9	335.062
2250.06	287.156
2249.23	355.904
2248.39	343.893
2247.56	337.865
2246.72	331.839
2245.88	346.739
2245.05	352.668
2244.21	313.771
2243.37	304.764
2242.54	373.433
2241.7	331.562
2240.86	319.57
2240.03	325.497
2239.19	343.367
2238.35	337.348
2237.51	355.211
2236.68	358.146
2235.84	340.192
2235	378.933
2234.16	346.063
2233.32	378.827
2232.49	334.037
2231.65	360.829
2230.81	295.183
2229.97	375.635
2229.13	333.851
2228.29	360.628
2227.45	318.858
2226.62	360.528
2225.78	357.498
2224.94	354.47
2224.1	291.876
2223.26	345.437
2222.42	351.344
2221.58	366.181
2220.74	354.223
2219.9	375.007
2219.06	342.221
2218.22	330.272
2217.38	365.926
2216.54	356.951
2215.7	380.695
2214.86	371.72
2214.02	374.642
2213.17	359.725
2212.33	300.224
2211.49	392.318
2210.65	374.433
2209.81	359.525
2208.97	332.737
2208.13	323.779
2207.28	395.015
2206.44	365.263
2205.6	338.49
2204.76	368.13
2203.92	344.332
2203.07	353.188
2202.23	370.944
2201.39	385.728
2200.55	323.373
2199.7	326.294
2198.86	347.01
2198.02	364.755
2197.17	335.053
2196.33	326.112
2195.49	340.888
2194.64	337.877
2193.8	379.317
2192.96	385.191
2192.11	349.586
2191.27	343.613
2190.43	343.565
2189.58	325.749
2188.74	367.157
2187.89	375.987
2187.05	337.453
2186.2	337.406
2185.36	304.807
2184.51	355.065
2183.67	325.431
2182.82	381.589
2181.98	334.213
2181.13	366.696
2180.29	345.947
2179.44	342.942
2178.6	375.411
2177.75	348.758
2176.9	372.351
2176.06	342.751
2175.21	333.84
2174.37	404.688
2173.52	372.143
2172.67	366.185
2171.83	348.418
2170.98	354.274
2170.13	357.176
2169.28	389.592
2168.44	345.272
2167.59	327.52
2166.74	368.778
2165.9	348.077
2165.05	371.624
2164.2	345.031
2163.35	371.52
2162.5	339.039
2161.66	338.991
2160.81	368.418
2159.96	359.525
2159.11	356.529
2158.26	321.126
2157.41	312.244
2156.56	353.434
2155.72	320.991
2154.87	326.835
2154.02	347.398
2153.17	367.955
2152.32	297.266
2151.47	359.024
2150.62	379.571
2149.77	353.04
2148.92	332.399
2148.07	347.059
2147.22	352.892
2146.37	358.723
2145.52	376.313
2144.67	355.684
2143.82	323.304
2142.97	317.381
2142.12	352.596
2141.27	334.92
2140.41	340.748
2139.56	317.204
2138.71	370.019
2137.86	343.541
2137.01	352.301
2136.16	378.671
2135.31	331.658
2134.45	360.957
2133.6	366.775
2132.75	363.79
2131.9	387.207
2131.05	354.89
2130.19	343.11
2129.34	375.316
2128.49	331.287
2127.63	386.936
2126.78	360.504
2125.93	337.009
2125.08	348.683
2124.22	348.634
2123.37	389.595
2122.51	389.541
2121.66	345.559
2120.81	395.288
2119.95	322.042
2119.1	330.778
2118.25	368.781
2117.39	348.245
2116.54	301.38
2115.68	371.552
2114.83	371.5
2113.97	397.771
2113.12	415.262
2112.26	388.888
2111.41	344.981
2110.55	353.702
2109.7	377.034
2108.84	371.137
2107.99	359.397
2107.13	359.347
2106.27	318.401
2105.42	362.167
2104.56	344.595
2103.71	353.307
2102.85	344.499
2101.99	385.318
2101.14	321.053
2100.28	364.782
2099.42	358.895
2098.57	376.35
2097.71	367.546
2096.85	320.829
2096	370.36
2095.14	338.234
2094.28	341.102
2093.42	393.524
2092.56	378.896
2091.71	355.53
2090.85	370.049
2089.99	381.651
2089.13	326.251
2088.27	396.107
2087.42	349.457
2086.56	369.79
2085.7	326.069
2084.84	384.242
2083.98	387.098
2083.12	355.033
2082.26	375.351
2081.4	386.936
2080.54	360.702
2079.68	343.2
2078.82	386.774
2077.96	354.735
2077.1	343.056
2076.24	334.288
2075.38	380.744
2074.52	369.067
2073.66	337.053
2072.8	351.532
2071.94	380.531
2071.08	415.331
2070.22	360.097
2069.36	386.179
2068.5	359.996
2067.64	330.918
2066.78	351.188
2065.91	333.727
2065.05	322.074
2064.19	403.262
2063.33	394.503
2062.47	374.145
2061.61	374.093
2060.74	353.744
2059.88	391.383
2059.02	347.847
2058.16	362.29
2057.29	373.831
2056.43	382.471
2055.57	356.344
2054.7	370.778
2053.84	370.726
2052.98	402.529
2052.11	382.204
2051.25	385.045
2050.39	373.413
2049.52	358.889
2048.66	399.353
2047.8	384.83
2046.93	350.059
2046.07	407.863
2045.2	378.884
2044.34	384.614
2043.47	396.126
2042.61	349.814
2041.74	398.906
2040.88	410.411
2040.01	393.015
2039.15	352.508
2038.28	372.682
2037.42	352.409
2036.55	389.906
2035.69	412.954
2034.82	395.572
2033.95	401.29
2033.09	366.595
2032.22	404.064
2031.36	357.835
2030.49	406.836
2029.62	386.585
2028.76	357.685
2027.89	374.94
2027.02	395.074
2026.16	383.485
2025.29	357.485
2024.42	397.79
2023.55	400.616
2022.69	360.216
2021.82	368.81
2020.95	365.877
2020.08	377.348
2019.22	394.576
2018.35	388.761
2017.48	362.793
2016.61	354.105
2015.74	354.056
2014.87	368.396
2014	368.345
2013.14	414.33
2012.27	408.518
2011.4	388.325
2010.53	414.156
2009.66	414.098
2008.79	373.786
2007.92	393.857
2007.05	356.434
2006.18	356.384
2005.31	410.934
2004.44	419.496
2003.57	382.09
2002.7	407.889
2001.83	402.087
2000.96	402.031
2000.09	376.133
1999.22	338.76
1998.35	387.51
1997.48	401.805
1996.6	384.531
1995.73	367.262
1994.86	393.03
1993.99	401.58
1993.12	384.316
1992.25	367.056
1991.37	404.278
1990.5	415.689
1989.63	349.703
1988.76	349.654
1987.89	378.261
1987.01	401.13
1986.14	418.262
1985.27	406.746
1984.39	352.273
1983.52	392.314
1982.65	377.943
1981.77	363.576
1980.9	343.488
1980.03	374.922
1979.15	386.316
1978.28	391.984
1977.41	377.625
1976.53	411.897
1975.66	388.959
1974.78	388.904
1973.91	406.005
1973.04	405.948
1972.16	374.449
1971.29	382.97
1970.41	371.486
1969.54	402.863
1968.66	354.241
1967.79	368.473
1966.91	428.397
1966.04	396.926
1965.16	388.305
1964.28	371.121
1963.41	371.069
1962.53	390.995
1961.66	376.672
1960.78	365.207
1959.9	353.744
1959.03	379.366
1958.15	390.721
1957.27	419.182
1956.4	404.867
1955.52	413.362
1954.64	419.005
1953.77	370.497
1952.89	384.693
1952.01	390.337
1951.13	415.921
1950.26	387.379
1949.38	378.781
1948.5	441.374
1947.62	381.521
1946.74	390.008
1945.87	355.797
1944.99	398.437
1944.11	401.226
1943.23	395.48
1942.35	355.597
1941.47	369.769
1940.59	386.781
1939.71	420.85
1938.83	378.143
1937.95	400.832
1937.08	380.879
1936.2	380.825
1935.32	409.188
1934.44	369.354
1933.56	400.551
1932.68	411.856
1931.8	397.598
1930.91	386.184
1930.03	377.612
1929.15	369.043
1928.27	391.698
1927.39	420.023
1926.51	391.588
1925.63	394.37
1924.75	417.009
1923.87	394.259
1922.99	345.992
1922.1	385.642
1921.22	399.763
1920.34	388.368
1919.46	416.657
1918.58	410.931
1917.69	342.866
1916.81	427.815
1915.93	399.426
1915.05	410.7
1914.16	356.834
1913.28	404.921
1912.4	373.721
1911.51	370.837
1910.63	430.224
1909.75	362.243
1908.86	432.933
1907.98	390.434
1907.1	381.892
1906.21	401.638
1905.33	342.192
1904.45	373.248
1903.56	381.678
1902.68	404.239
1901.79	384.397
1900.91	367.386
1900.02	367.335
1899.14	353.157
1898.25	392.655
1897.37	372.829
1896.48	378.424
1895.6	369.9
1894.71	406.551
1893.83	409.316
1892.94	403.614
1892.05	412.023
1891.17	411.965
1890.28	411.907
1889.4	361.073
1888.51	377.946
1887.62	394.813
1886.74	408.856
1885.85	434.172
1884.96	397.465
1884.08	372.043
1883.19	448.079
1882.3	374.756
1881.41	405.694
1880.53	422.538
1879.64	360.515
1878.75	388.626
1877.86	382.939
1876.98	419.485
1876.09	461.65
1875.2	416.552
1874.31	388.352
1873.42	368.601
1872.53	427.63
1871.64	396.627
1870.76	433.135
1869.87	433.074
1868.98	416.142
1868.09	376.724
1867.2	368.238
1866.31	404.724
1865.42	379.375
1864.53	387.751
1863.64	393.316
1862.75	370.788
1861.86	384.779
1860.97	418.423
1860.08	395.902
1859.19	395.846
1858.3	384.562
1857.41	350.829
1856.52	404.098
1855.63	401.235
1854.73	392.762
1853.84	431.977
1852.95	409.479
1852.06	409.422
1851.17	403.756
1850.28	423.324
1849.39	440.083
1848.49	454.034
1847.6	411.936
1846.71	372.651
1845.82	392.209
1844.92	383.751
1844.03	434.109
1843.14	392.044
1842.25	394.788
1841.35	428.327
1840.46	414.271
1839.57	419.81
1838.67	352.591
1837.78	425.288
1836.89	414.037
1835.99	441.951
1835.1	391.547
1834.2	405.473
1833.31	402.62
1832.42	380.199
1831.52	371.76
1830.63	427.603
1829.73	396.805
1828.84	405.131
1827.94	407.867
1827.05	402.223
1826.15	449.645
1825.26	396.525
1824.36	402.053
1823.47	393.622
1822.57	457.765
1821.67	399.092
1820.78	418.569
1819.88	421.3
1818.99	404.503
1818.09	390.5
1817.19	409.967
1816.3	415.486
1815.4	423.792
1814.5	446.034
1813.61	393.012
1812.71	448.695
1811.81	417.98
1810.92	442.996
1810.02	431.79
1809.12	420.588
1808.22	403.819
1807.32	428.823
1806.43	434.331
1805.53	453.756
1804.63	403.591
1803.73	456.411
1802.83	403.478
1801.94	411.767
1801.04	459
1800.14	411.651
1799.24	419.936
1798.34	439.341
1797.44	419.818
1796.54	444.777
1795.64	419.699
1794.74	461.326
1793.84	455.704
1792.94	416.743
1792.04	408.351
1791.14	438.846
1790.24	399.904
1789.34	399.848
1788.44	435.884
1787.54	391.407
1786.64	452.414
1785.74	474.551
1784.84	382.917
1783.94	435.576
1783.04	457.707
1782.13	460.416
1781.23	454.804
1780.33	485.241
1779.43	402
1778.53	440.752
1777.63	412.973
1776.72	404.601
1775.82	443.336
1774.92	501.453
1774.02	445.981
1773.11	398.833
1772.21	412.623
1771.31	454.098
1770.41	473.414
1769.5	512.101
1768.6	431.764
1767.7	448.307
1766.79	415.041
1765.89	442.648
1764.98	450.884
1764.08	472.946
1763.18	414.806
1762.27	458.988
1761.37	409.16
1760.46	475.443
1759.56	461.557
1758.65	467.019
1757.75	466.953
1756.85	447.548
1755.94	475.108
1755.03	447.422
1754.13	433.551
1753.22	455.579
1752.32	449.993
1751.41	455.45
1750.51	471.945
1749.6	502.233
1748.69	441.461
1747.79	513.126
1746.88	485.47
1745.98	490.918
1745.07	501.878
1744.16	446.664
1743.26	452.114
1742.35	468.589
1741.44	463.011
1740.53	454.678
1739.63	457.369
1738.72	482.098
1737.81	468.258
1736.9	457.175
1736	468.125
1735.09	509.359
1734.18	490.016
1733.27	506.462
1732.36	456.852
1731.46	489.809
1730.55	451.221
1729.64	500.674
1728.73	519.857
1727.82	473.031
1726.91	486.713
1726	522.386
1725.09	560.798
1724.18	467.266
1723.27	472.696
1722.36	486.369
1721.45	472.563
1720.54	461.508
1719.63	486.162
1718.72	546.512
1717.81	505.246
1716.9	453.01
1715.99	524.319
1715.08	532.479
1714.17	546.126
1713.26	507.633
1712.35	513.048
1711.44	496.517
1710.52	482.732
1709.61	490.891
1708.7	520.984
1707.79	512.686
1706.88	509.872
1705.96	518.022
1705.05	509.728
1704.14	512.395
1703.23	498.624
1702.31	531.426
1701.4	534.089
1700.49	490.197
1699.58	514.771
1698.66	547.551
1697.75	533.787
1696.84	517.29
1695.92	558.265
1695.01	549.978
1694.09	549.9
1693.18	516.997
1692.27	536.069
1691.35	541.462
1690.44	552.323
1689.52	541.309
1688.61	579.502
1687.69	535.69
1686.78	502.821
1685.86	549.2
1684.95	557.318
1684.03	521.729
1683.12	570.816
1682.2	589.851
1681.29	622.532
1680.37	543.273
1679.46	578.682
1678.54	529.473
1677.62	594.891
1676.71	504.767
1675.79	551.073
1674.88	572.817
1673.96	605.463
1673.04	589.016
1672.12	594.386
1671.21	588.849
1670.29	605.12
1669.37	591.408
1668.46	594.049
1667.54	593.965
1666.62	670.159
1665.7	596.52
1664.78	588.265
1663.87	599.074
1662.95	598.989
1662.03	650.628
1661.11	620.595
1660.19	634.115
1659.27	702.053
1658.36	663.863
1657.44	639.286
1656.52	720.795
1655.6	658.142
1654.68	679.802
1653.76	709.613
1652.84	728.542
1651.92	714.848
1651	695.723
1650.08	717.363
1649.16	703.677
1648.24	782.356
1647.32	749.651
1646.4	784.85
1645.48	760.3
1644.56	787.342
1643.64	776.372
1642.71	830.546
1641.79	846.711
1640.87	909
1639.95	914.297
1639.03	933.156
1638.11	965.572
1637.19	908.485
1636.26	951.74
1635.34	1030.23
1634.42	1054.48
1633.5	1181.72
1632.57	1149.03
1631.65	1278.93
1630.73	1286.87
1629.81	1408.59
1628.88	1486.93
1627.96	1630.25
1627.04	1627.31
1626.11	1862.61
1625.19	2043.71
1624.27	2002.82
1623.34	2129.73
1622.42	2167.3
1621.49	2245.45
1620.57	2285.71
1619.65	2363.82
1618.72	2466.24
1617.8	2476.71
1616.87	2379.03
1615.95	2470.6
1615.02	2370.25
1614.1	2359.1
1613.17	2302.03
1612.25	2344.93
1611.32	2220.34
1610.39	2336.16
1609.47	2373.63
1608.54	2316.6
1607.62	2337.86
1606.69	2270.05
1605.76	2388.48
1604.84	2466.39
1603.91	2452.55
1602.98	2449.51
1602.06	2586.72
1601.13	2640.29
1600.2	2753.17
1599.28	2906.47
1598.35	3035.45
1597.42	3215.61
1596.49	3322.95
1595.57	3548.83
1594.64	3618.38
1593.71	3857.62
1592.78	4139.89
1591.85	4244.33
1590.93	4564.16
1590	4700.82
1589.07	5066.26
1588.14	5329.32
1587.21	5664.96
1586.28	6008.58
1585.35	6257.93
1584.42	6544.88
1583.49	6794.09
1582.56	6887.25
1581.63	7200.87
1580.7	7342.34
1579.77	7247.21
1578.84	7184.36
1577.91	7269.34
1576.98	6900.19
1576.05	6775.62
1575.12	6535.59
1574.19	6150.58
1573.26	5988.58
1572.33	5735.33
1571.4	5259.33
1570.47	4957.94
1569.54	4742.52
1568.6	4503.01
1567.67	4145.5
1566.74	4024.19
1565.81	3739.28
1564.88	3395.45
1563.94	3199.21
1563.01	3129.04
1562.08	2997.23
1561.15	2833.29
1560.21	2706.93
1559.28	2492.16
1558.35	2427.5
1557.41	2336.07
1556.48	2172.35
1555.55	2054.19
1554.61	2013.73
1553.68	1970.61
1552.75	1833.8
1551.81	1771.97
1550.88	1755.66
1549.94	1653.73
1549.01	1658.84
1548.07	1634.53
1547.14	1524.63
1546.21	1478.95
1545.27	1484.09
1544.34	1409.02
1543.4	1403.47
1542.46	1416.63
1541.53	1346.95
1540.59	1287.97
1539.66	1239.69
1538.72	1234.17
1537.79	1239.34
1536.85	1271.21
1535.91	1193.59
1534.98	1225.46
1534.04	1198.59
1533.1	1150.38
1532.17	1115.52
1531.23	1139.38
1530.29	1115.2
1529.36	1168.4
1528.42	1024.2
1527.48	1152.06
1526.54	1087.91
1525.61	1079.75
1524.67	1028.95
1523.73	1007.48
1522.79	1002.01
1521.85	1009.86
1520.92	1020.37
1519.98	980.271
1519.04	1052.04
1518.1	926.732
1517.16	931.925
1516.22	947.766
1515.28	952.955
1514.34	984.757
1513.4	915.428
1512.46	947.226
1511.52	1000.3
1510.58	981.536
1509.64	898.949
1508.7	930.731
1507.76	935.917
1506.82	879.955
1505.88	946.282
1504.94	914.255
1504	858.321
1503.06	911.338
1502.12	892.612
1501.18	892.485
1500.24	852.52
1499.3	833.811
1498.35	900.069
1497.41	873.393
1496.47	902.466
1495.53	843.951
1494.59	920.784
1493.64	883.509
1492.7	870.119
1491.76	864.69
1490.82	888.435
1489.87	909.522
1488.93	861.669
1487.99	882.754
1487.04	874.676
1486.1	856
1485.16	855.878
1484.21	866.354
1483.27	892.721
1482.33	852.864
1481.38	887.17
1480.44	836.734
1479.49	849.852
1478.55	900.026
1477.61	836.376
1476.66	889.184
1475.72	870.535
1474.77	849.246
1473.83	817.382
1472.88	838.425
1471.94	840.95
1470.99	806.456
1470.04	851.285
1469.1	800.939
1468.15	837.827
1467.21	805.996
1466.26	795.312
1465.31	879.738
1464.37	884.896
1463.42	829.307
1462.47	845.033
1461.53	844.912
1460.58	884.391
1459.63	812.996
1458.69	918.449
1457.74	878.735
1456.79	854.864
1455.84	867.932
1454.9	862.533
1453.95	801.751
1453	880.746
1452.05	867.437
1451.1	943.763
1450.15	880.369
1449.21	853.889
1448.26	882.753
1447.31	869.453
1446.36	869.329
1445.41	869.205
1444.46	845.379
1443.51	842.625
1442.56	803.012
1441.61	905.563
1440.66	908.066
1439.71	886.883
1438.76	963.065
1437.81	870.844
1436.86	918.07
1435.91	862.705
1434.96	904.659
1434.01	883.494
1433.06	859.706
1432.11	925.301
1431.16	867.346
1430.21	919.781
1429.25	861.843
1428.3	872.229
1427.35	950.909
1426.4	887.738
1425.45	921.751
1424.49	937.373
1423.54	908.361
1422.59	895.106
1421.64	994.712
1420.68	973.577
1419.73	931.456
1418.78	991.663
1417.83	957.421
1416.87	965.152
1415.92	993.86
1414.97	1038.29
1414.01	988.333
1413.06	969.843
1412.1	933.013
1411.15	1035.08
1410.2	1029.69
1409.24	1071.46
1408.29	1047.73
1407.33	1105.2
1406.38	1071
1405.42	1055.14
1404.47	1044.51
1403.51	1149.06
1402.56	1096.56
1401.6	1185.37
1400.65	1096.24
1399.69	1171.95
1398.74	1161.32
1397.78	1182.08
1396.82	1213.28
1395.87	1226.18
1394.91	1189.41
1393.95	1220.61
1393	1296.22
1392.04	1251.61
1391.08	1282.78
1390.13	1342.68
1389.17	1433.91
1388.21	1441.53
1387.26	1391.72
1386.3	1467.23
1385.34	1521.84
1384.38	1584.26
1383.42	1670.15
1382.47	1740.36
1381.51	1776.64
1380.55	1807.68
1379.59	1885.67
1378.63	2052.29
1377.67	2046.79
1376.71	2135.13
1375.76	2252.12
1374.8	2293.5
1373.84	2545.94
1372.88	2582.06
1371.92	2680.68
1370.96	2857.42
1370	2942.96
1369.04	3176.9
1368.08	3275.38
1367.12	3412.89
1366.16	3532.13
1365.2	3713.81
1364.24	3903.23
1363.27	4110.81
1362.31	4258.51
1361.35	4302.12
1360.39	4488.75
1359.43	4716.93
1358.47	4783.85
1357.51	5035.33
1356.54	5234.74
1355.58	5410.71
1354.62	5459.31
1353.66	5596.22
1352.7	5787.65
1351.73	5810.2
1350.77	6079.45
1349.81	6034.44
1348.85	6178.96
1347.88	6126.16
1346.92	6073.37
1345.96	6059.53
1344.99	6302.56
1344.03	6210.86
1343.06	5989.48
1342.1	6063.84
1341.14	5759.56
1340.17	5686.14
1339.21	5716.43
1338.24	5456.4
1337.28	5320.85
1336.31	5314.9
1335.35	5055.04
1334.38	4810.8
1333.42	4776.44
1332.45	4565.97
1331.49	4363.34
1330.52	4165.94
1329.56	4030.72
1328.59	3921.43
1327.63	3667.24
1326.66	3565.8
1325.69	3477.32
1324.73	3254.35
1323.76	3111.62
1322.79	3095.66
1321.83	2978.85
1320.86	2789.69
1319.89	2825.48
1318.93	2509.74
1317.96	2607.59
1316.99	2444.42
1316.02	2250.3
1315.05	2265.48
1314.09	2195.42
1313.12	2107.3
1312.15	2078.59
1311.18	1915.65
1310.21	1946.35
1309.25	2028.66
1308.28	1759.99
1307.31	1741.67
1306.34	1666.61
1305.37	1668.95
1304.4	1627.44
1303.43	1593.68
1302.46	1454.22
1301.49	1441.12
1300.52	1371.32
1299.55	1309.27
1298.58	1324.54
1297.61	1347.54
1296.64	1326.74
1295.67	1295.64
1294.7	1274.85
1293.73	1236.04
1292.76	1215.26
1291.79	1186.77
1290.82	1163.44
1289.84	1147.83
1288.87	1175.97
1287.9	1137.21
1286.93	1111.32
1285.96	1113.73
1284.98	1023.56
1284.01	1095.41
1283.04	1018.12
1282.07	1020.55
1281.09	1069.24
1280.12	968.857
1279.15	1020.11
1278.18	994.271
1277.2	940.183
1276.23	983.712
1275.26	963.026
1274.28	973.158
1273.31	944.778
1272.33	965.178
1271.36	908.574
1270.39	931.54
1269.41	908.314
1268.44	908.183
1267.46	849.055
1266.49	884.84
1265.51	856.504
1264.54	871.766
1263.56	853.695
1262.59	851.009
1261.61	861.138
1260.64	837.952
1259.66	860.891
1258.69	871.015
1257.71	852.96
1256.73	898.936
1255.76	842.472
1254.78	768.101
1253.8	785.91
1252.83	798.596
1251.85	747.296
1250.87	754.865
1249.9	785.459
1248.92	821.16
1247.94	767.329
1246.96	774.891
1245.99	718.525
1245.01	782.338
1244.03	710.65
1243.05	746.33
1242.07	743.668
1241.1	741.006
1240.12	687.248
1239.14	692.258
1238.16	715.145
1237.18	748.241
1236.2	730.26
1235.22	714.837
1234.24	737.708
1233.26	755.468
1232.28	676.25
1231.3	699.117
1230.32	693.914
1229.34	716.771
1228.36	665.66
1227.38	693.615
1226.4	713.913
1225.42	662.824
1224.44	698.414
1223.46	660.084
1222.48	721.147
1221.5	672.634
1220.52	652.157
1219.53	669.893
1218.55	616.315
1217.57	677.34
1216.59	661.966
1215.61	666.962
1214.63	710.136
1213.64	666.771
1212.66	681.942
1211.68	633.504
1210.7	679.202
1209.71	607.887
1208.73	617.972
1207.75	607.712
1206.76	630.506
1205.78	643.126
1204.8	663.366
1203.81	637.858
1202.83	632.684
1201.84	622.431
1200.86	652.824
1199.88	637.491
1198.89	655.175
1197.91	591.604
1196.92	619.445
1195.94	672.661
1194.95	596.425
1193.97	583.651
1192.98	641.923
1192	608.852
1191.01	646.812
1190.02	659.399
1189.04	573.088
1188.05	603.43
1187.07	631.229
1186.08	575.375
1185.09	651.322
1184.11	656.296
1183.12	628.332
1182.13	645.974
1181.15	580.027
1180.16	633.126
1179.17	592.52
1178.18	600.03
1177.2	627.789
1176.21	615.044
1175.22	617.486
1174.23	594.624
1173.24	619.838
1172.26	650.104
1171.27	586.779
1170.28	629.685
1169.29	579.025
1168.3	561.245
1167.31	626.886
1166.32	591.412
1165.33	616.597
1164.34	588.715
1163.36	596.209
1162.37	608.752
1161.38	626.344
1160.39	595.951
1159.4	595.865
1158.41	595.779
1157.41	605.79
1156.42	603.179
1155.43	615.709
1154.44	577.775
1153.45	643.281
1152.46	635.621
1151.47	602.744
1150.48	587.528
1149.49	600.049
1148.49	567.192
1147.5	569.63
1146.51	599.79
1145.52	599.703
1144.53	607.175
1143.53	591.973
1142.54	607
1141.55	584.248
1140.56	614.379
1139.56	581.561
1138.57	571.409
1137.58	553.708
1136.58	624.09
1135.59	530.903
1134.6	566.048
1133.6	593.635
1132.61	573.429
1131.61	563.288
1130.62	558.178
1129.62	578.209
1128.63	558.017
1127.64	588.095
1126.64	572.933
1125.65	633.151
1124.65	605.426
1123.65	577.709
1122.66	605.251
1121.66	607.675
1120.67	567.416
1119.67	562.314
1118.68	552.193
1117.68	587.247
1116.68	567.089
1115.69	604.64
1114.69	607.061
1113.69	584.4
1112.7	599.363
1111.7	571.694
1110.7	604.204
1109.71	584.063
1108.71	611.548
1107.71	581.388
1106.71	568.776
1105.71	568.694
1104.72	581.136
1103.72	596.08
1102.72	575.96
1101.72	588.396
1100.72	560.773
1099.72	580.717
1098.73	510.557
1097.73	583.052
1096.73	562.951
1095.73	575.378
1094.73	595.305
1093.73	575.212
1092.73	582.631
1091.73	540.043
1090.73	544.965
1089.73	539.887
1088.73	527.313
1087.73	554.724
1086.73	544.65
1085.73	542.073
1084.73	519.516
1083.72	521.938
1082.72	481.911
1081.72	541.76
1080.72	534.193
1079.72	554.083
1078.72	546.516
1077.71	541.447
1076.71	563.822
1075.71	548.774
1074.71	531.236
1073.71	568.565
1072.7	561.002
1071.7	528.512
1070.7	565.825
1069.69	505.929
1068.69	518.316
1067.69	515.749
1066.68	513.183
1065.68	508.128
1064.68	500.583
1063.67	488.06
1062.67	537.784
1061.66	547.664
1060.66	517.716
1059.65	475.334
1058.65	522.543
1057.65	507.54
1056.64	549.756
1055.64	492.47
1054.63	492.399
1053.62	522.166
1052.62	489.77
1051.61	507.1
1050.61	489.628
1049.6	514.408
1048.6	501.91
1047.59	489.416
1046.58	566.349
1045.58	491.758
1044.57	531.419
1043.56	533.825
1042.56	551.126
1041.55	585.797
1040.54	555.93
1039.53	580.664
1038.53	635.164
1037.52	632.592
1036.51	592.814
1035.5	654.729
1034.49	681.911
1033.49	664.457
1032.48	629.655
1031.47	708.879
1030.46	711.255
1029.45	740.886
1028.44	730.869
1027.43	765.443
1026.42	765.333
1025.41	799.892
1024.4	794.824
1023.39	834.321
1022.38	821.823
1021.37	910.804
1020.36	876.027
1019.35	885.798
1018.34	962.361
1017.33	964.696
1016.32	979.395
1015.31	1060.86
1014.3	1008.78
1013.29	1067.97
1012.28	1018.38
1011.26	1047.89
1010.25	1072.44
1009.24	1163.71
1008.23	1143.77
1007.22	1183.13
1006.2	1138.5
1005.19	1177.85
1004.18	1145.58
1003.17	1355.24
1002.15	1359.98
1001.14	1295.62
1000.13	1384.26
999.115	1477.81
998.101	1531.87
997.088	1511.92
996.074	1659.66
995.06	1725.99
994.046	1853.94
993.032	1907.9
992.017	2072.76
991.003	2284.38
989.988	2370.29
988.973	2552.25
987.958	2677.5
986.943	2787.94
985.928	2942.68
984.913	3104.75
983.897	3027.98
982.882	3140.77
981.866	3142.78
980.85	3235.83
979.834	3232.9
978.817	3254.57
977.801	3308.21
976.784	3199.52
975.768	3206.43
974.751	3294.48
973.734	3321.04
972.717	3259.11
971.699	3243.89
970.682	3199.19
969.664	3198.73
968.647	3210.55
967.629	3261.66
966.611	3212.07
965.593	3066.74
964.574	3152.22
963.556	3146.85
962.537	3200.39
961.518	3121.4
960.499	3189.65
959.48	3199
958.461	3083.25
957.442	3126.95
956.422	3062.74
955.403	3045.13
954.383	3142.74
953.363	3083.46
952.343	3048.7
951.322	3102.17
950.302	3055.17
949.282	3071.87
948.261	3093.47
947.24	3070.98
946.219	3102.37
945.198	3153.33
944.177	3160.22
943.155	3245.42
942.134	3173.98
941.112	3352.14
940.09	3170.61
939.068	3150.58
938.046	2920.23
937.023	2685.04
936.001	2657.76
934.978	2344.45
933.955	2168.12
932.933	1950.29
931.909	1947.56
930.886	1690.74
929.863	1648.96
928.839	1455.76
927.816	1269.94
926.792	1220.92
925.768	1074.26
924.744	995.983
923.72	998.279
922.695	912.719
921.671	880.865
920.646	846.581
919.621	934.275
918.596	887.798
917.571	836.458
916.546	885.102
915.52	794.769
914.494	794.654
913.469	779.915
912.443	762.743
911.417	752.886
910.391	794.192
909.364	767.282
908.338	767.171
907.311	779.235
906.284	820.512
905.257	786.311
904.23	771.593
903.203	752.011
902.176	744.602
901.148	729.895
900.12	671.406
899.092	771.032
898.064	727.145
897.036	680.839
896.008	719.64
894.98	763.291
893.951	704.847
892.922	729.046
891.893	755.668
890.864	748.27
889.835	694.721
888.806	752.91
887.776	781.941
886.747	716.27
885.717	750.153
884.687	730.626
883.657	725.665
882.627	740.119
881.596	771.553
880.566	732.626
879.535	771.329
878.504	751.815
877.473	688.659
876.442	758.869
875.411	719.972
874.379	734.41
873.348	736.727
872.316	688.158
871.284	695.326
870.252	719.448
869.22	670.903
868.188	714.396
867.155	757.875
866.122	685.136
865.09	747.972
864.057	721.24
863.024	725.975
861.99	711.352
860.957	737.86
859.923	708.726
858.89	740.063
857.856	715.774
856.822	720.505
855.788	746.992
854.753	720.295
853.719	720.19
852.684	715.253
851.65	712.732
850.615	727.123
849.58	671.464
848.544	724.496
847.509	705.073
846.474	717.042
845.438	695.212
844.402	683.043
843.366	702.249
842.33	738.34
841.294	740.645
840.257	701.942
839.221	670.486
838.184	776.493
837.147	754.68
836.11	706.354
835.073	735.176
834.036	725.429
832.998	715.684
831.961	742.083
830.923	766.065
829.885	739.458
828.847	751.391
827.809	707.939
826.77	727.096
825.732	796.801
824.693	767.802
823.654	760.47
822.615	707.423
821.576	760.248
820.537	796.22
819.497	791.293
818.458	781.559
817.418	750.187
816.378	788.543
815.338	730.738
814.298	773.892
813.258	752.152
812.217	764.056
811.176	687.069
810.136	775.843
809.095	703.68
808.054	729.992
807.012	734.687
805.971	736.981
804.929	708.07
803.888	710.367
802.846	674.27
801.804	650.18
800.762	700.46
799.719	678.772
798.677	681.071
797.634	702.551
796.591	688.064
795.548	663.993
794.505	687.863
793.462	651.817
792.419	634.95
791.375	639.648
790.331	670.694
789.288	692.151
788.244	771.073
787.199	658.429
786.155	675.09
785.111	639.088
784.066	631.815
783.021	696.331
781.976	643.593
780.931	653.068
779.886	645.797
778.841	607.439
777.795	590.612
776.75	616.824
775.704	607.172
774.658	604.694
773.612	587.877
772.565	592.57
771.519	640.264
770.472	623.45
769.426	609.029
768.379	563.568
767.332	596.912
766.284	575.339
765.237	584.803
764.189	579.944
763.142	577.473
762.094	625.107
761.046	584.461
759.998	560.524
758.95	565.212
757.901	569.898
756.853	574.583
755.804	550.661
754.755	543.43
753.706	552.883
752.657	550.419
751.607	552.721
750.558	555.022
749.508	535.888
748.458	521.521
747.408	523.826
746.358	547.556
745.308	537.954
744.258	552.156
743.207	556.834
742.156	523.443
741.105	535.261
740.054	530.425
739.003	535.104
737.952	573.072
736.9	565.856
735.849	530.115
734.797	551.429
733.745	556.101
732.693	548.891
731.64	482.289
730.588	532.103
729.535	553.401
728.483	539.071
727.43	579.357
726.377	512.799
725.324	531.713
724.27	486.541
723.217	538.677
722.163	524.362
721.109	536.147
720.055	488.629
719.001	535.99
717.947	538.282
716.892	552.429
715.838	507.307
714.783	511.973
713.728	545.077
712.673	478.65
711.618	537.81
710.563	535.362
709.507	551.863
708.451	618.091
707.396	591.955
706.34	539.783
705.283	558.641
704.227	530.158
703.171	544.279
702.114	544.199
701.057	567.777
700	553.501
698.943	562.881
697.886	584.08
696.829	643.104
695.771	602.821
694.714	600.369
693.656	635.731
692.598	638.001
691.54	654.446
690.481	621.278
689.423	656.616
688.364	682.497
687.305	691.842
686.247	649.244
685.187	693.999
684.128	700.978
683.069	670.197
682.009	722.008
680.95	695.952
679.89	714.72
678.83	740.558
677.77	688.571
676.709	697.901
675.649	744.948
674.588	784.909
673.527	761.226
672.466	794.104
671.405	831.684
670.344	812.717
669.283	777.267
668.221	791.283
667.159	758.202
666.097	767.508
665.035	776.811
663.973	715.503
662.911	802.469
661.848	762.352
660.786	750.477
659.723	766.833
658.66	759.664
657.597	757.201
656.534	686.554
655.47	735.821
654.407	740.414
653.343	686.252
652.279	700.25
651.215	714.244
650.151	721.187
649.086	690.546
648.022	688.097
646.957	734.958
645.892	678.504
644.827	715.963
643.762	744.022
642.697	685.245
641.631	706.262
640.566	713.196
639.5	708.4
638.434	673.116
637.368	668.327
636.302	668.229
635.235	675.164
634.169	682.096
633.102	764.023
632.035	698.299
630.968	745.055
629.901	744.946
628.833	683.938
627.766	756.436
626.698	711.836
625.63	756.214
624.562	732.694
623.494	814.505
622.426	830.767
621.358	886.801
620.289	786.072
619.22	785.957
618.151	823.262
617.082	799.757
616.013	808.992
614.944	787.833
613.874	745.643
612.804	796.949
611.734	759.444
610.664	726.623
609.594	742.869
608.524	705.388
607.453	702.949
606.383	744.876
605.312	700.407
604.241	648.949
603.17	665.191
602.099	623.088
601.027	667.329
599.956	636.902
598.884	555.166
597.812	613.392
596.74	601.642
595.668	652.849
594.595	589.809
593.523	645.664
592.45	605.949
591.377	624.502
590.304	636.06
589.231	596.364
588.158	621.897
587.084	607.833
586.011	584.458
584.937	602.997
583.863	602.909
582.789	630.75
581.714	612.04
580.64	581.701
579.565	593.248
578.491	628.052
577.416	609.354
576.341	632.518
575.265	602.199
574.19	599.786
573.114	648.51
572.039	583.341
570.963	627.406
569.887	645.9
568.811	652.774
567.734	661.969
566.658	685.095
565.581	645.52
564.504	645.425
563.427	712.648
562.35	812.346
561.273	693.873
560.196	740.177
559.118	779.508
558.04	760.836
556.962	772.32
555.884	804.672
554.806	830.058
553.728	829.935
552.649	855.31
551.57	903.853
550.491	892.134
549.412	949.925
548.333	968.317
547.254	1016.81
546.174	995.822
545.095	1053.56
544.015	1108.97
542.935	1187.51
541.855	1222.06
540.774	1258.9
539.694	1372.09
538.613	1438.98
537.533	1582.19
536.452	1727.66
535.371	1794.46
534.289	1930.61
533.208	2117.58
532.126	2339.17
531.045	2750.2
529.963	3188.84
528.881	3671.24
527.798	4675.58
526.716	5864.4
525.633	7745.69
524.551	10607.8
523.468	16334.1
522.385	26696.3
521.302	47213
520.218	73077.5
519.135	80411
518.051	60358.2
516.967	35949.4
515.883	20810
514.799	13079.5
513.715	9132.65
512.631	6643.88
511.546	5093.97
510.461	4028.48
509.376	3428.77
508.291	2792.38
507.206	2368.1
506.12	2190.4
505.035	1869.97
503.949	1752.27
502.863	1572.43
501.777	1480.12
500.691	1344.11
499.605	1277.18
498.518	1196.46
497.431	1212.39
496.344	1145.5
495.257	1037.24
494.17	1060.08
493.083	1076.02
491.995	1011.49
490.908	995.254
489.82	935.354
488.732	923.727
487.644	937.376
486.555	877.511
485.467	870.491
484.378	856.584
483.29	828.904
482.201	821.894
481.112	798.818
480.022	833.127
478.933	803.172
477.843	796.17
476.753	745.582
475.664	747.765
474.574	736.188
473.483	720.028
472.393	687.823
471.302	758.786
470.212	726.585
469.121	650.85
468.03	669.085
466.938	655.24
465.847	662.015
464.756	604.658
463.664	668.69
462.572	643.404
461.48	599.811
460.388	618.035
459.296	643.119
458.203	594.969
457.11	583.441
456.018	649.697
454.925	702.209
453.831	706.679
452.738	731.728
451.645	676.748
450.551	731.512
449.457	767.974
448.363	815.851
447.269	813.446
446.175	829.318
445.08	831.479
443.986	849.628
442.891	844.935
441.796	904.175
440.701	904.041
439.606	897.06
438.51	947.137
437.415	949.278
436.319	994.77
435.223	1012.87
434.127	1015
433.031	1067.31
431.935	1069.43
430.838	1053.31
429.741	1025.8
428.645	1062.12
427.547	1093.86
426.45	982.053
425.353	1036.58
424.255	1027.32
423.158	1006.67
422.06	995.135
420.962	967.665
419.864	969.798
418.765	1010.63
417.667	976.339
416.568	1021.7
415.469	960.123
414.37	948.607
413.271	1005.33
412.172	1005.18
411.073	986.841
409.973	1000.34
408.873	1013.83
407.773	945.491
406.673	1024.89
405.573	986.11
404.472	958.702
403.372	988.089
402.271	1012.93
401.17	953.735
400.069	987.65
398.968	946.642
397.866	1021.4
396.765	957.708
395.663	1005.22
394.561	1011.88
393.459	973.162
392.357	1043.33
391.254	1049.98
390.152	1024.88
389.049	1033.8
387.946	979.241
386.843	1035.76
385.74	1074.13
384.636	1037.72
383.533	989.988
382.429	1007.96
381.325	1016.87
380.221	1028.04
379.117	1027.89
378.013	991.518
376.908	998.161
375.803	1061.38
374.699	1047.64
373.594	1081.43
372.488	1031.5
371.383	1096.94
370.277	1078.68
369.172	1060.43
368.066	1143.92
366.96	1112.11
365.854	1062.22
364.747	1086.92
363.641	1095.8
362.534	1109.19
361.427	1131.61
360.32	1113.38
359.213	1113.21
358.106	1151.43
356.998	1117.4
355.891	1169.14
354.783	1087.73
353.675	1139.46
352.567	1139.29
351.459	1168.45
350.35	1073.55
349.241	1190.65
348.133	1192.73
347.024	1167.75
345.915	1194.63
344.805	1176.42
343.696	1194.27
342.586	1191.84
341.476	1266.01
340.366	1254.56
339.256	1270.13
338.146	1215.91
337.036	1204.47
335.925	1283.07
334.814	1296.39
333.703	1278.19
332.592	1318.5
331.481	1300.31
330.369	1349.6
329.258	1342.65
328.146	1301.98
327.034	1387.22
325.922	1391.51
324.81	1413.78
323.697	1391.1
322.585	1375.16
321.472	1480.55
320.359	1399.46
319.246	1525.03
318.133	1522.56
317.019	1452.73
315.906	1600.68
314.792	1454.54
313.678	1586.74
312.564	1624.65
311.45	1687.23
310.335	1713.9
309.221	1700.19
308.106	1749.27
306.991	1849.92
305.876	1881.03
304.761	2051.12
303.645	2129.26
302.53	2135.67
301.414	2189.12
300.298	2233.61
299.182	2087.67
298.066	1955.22
296.949	1959.41
295.833	1809.11
294.716	1842.42
293.599	1801.85
292.482	1768.02
291.365	1725.24
290.247	1637.73
289.13	1711.3
288.012	1621.58
286.894	1681.72
285.776	1603.21
284.658	1585.09
283.54	1551.32
282.421	1555.56
281.302	1591.08
280.183	1526.05
279.064	1521.36
277.945	1525.6
276.826	1456.14
275.706	1440.29
274.586	1471.33
273.466	1468.88
272.346	1533.39
271.226	1466.21
270.106	1399.05
268.985	1434.54
267.864	1391.94
266.743	1420.73
265.622	1404.91
264.501	1433.69
263.38	1355.44
262.258	1435.49
261.136	1406.3
260.015	1370.44
258.893	1454.9
257.77	1363.35
256.648	1367.6
255.525	1394.12
254.403	1367.19
253.28	1393.7
252.157	1395.72
251.033	1402.19
249.91	1350.8
248.786	1348.37
247.663	1350.4
246.539	1263.44
245.415	1378.91
244.29	1367.58
243.166	1380.72
242.041	1293.81
240.917	1284.73
239.792	1337.88
238.667	1299.9
237.541	1266.38
236.416	1301.74
235.29	1348.18
234.165	1288.02
233.039	1285.61
231.913	1272.1
230.786	1276.35
229.66	1282.82
228.533	1320.35
227.407	1273.56
226.28	1284.46
225.152	1204.42
224.025	1261.9
222.898	1192.97
221.77	1188.36
220.642	1021.93
219.514	1028.42
218.386	1041.57
217.258	1070.21
216.13	1041.25
215.001	985.722
213.872	954.568
212.743	989.856
211.614	945.426
210.485	996.202
209.355	980.559
208.226	956.069
207.096	931.585
205.966	964.633
204.836	999.883
203.706	913.474
202.575	919.972
201.444	950.791
200.314	977.178
199.183	939.454
