3199.14	347.418
3198.44	336.783
3197.73	311.925
3197.02	361.5
3196.32	364.994
3195.61	347.229
3194.91	375.523
3194.2	343.592
3193.5	371.878
3192.79	410.781
3192.08	410.725
3191.38	350.485
3190.67	371.675
3189.97	375.164
3189.26	399.884
3188.55	339.678
3187.85	375.01
3187.14	357.272
3186.43	399.666
3185.73	442.048
3185.02	388.949
3184.31	371.219
3183.6	332.284
3182.9	374.652
3182.19	374.601
3181.48	356.882
3180.77	402.762
3180.07	406.24
3179.36	356.736
3178.65	399.066
3177.94	406.074
3177.23	360.12
3176.53	381.252
3175.82	370.611
3175.11	405.852
3174.4	349.338
3173.69	377.516
3172.98	395.102
3172.28	391.521
3171.57	387.941
3170.86	412.572
3170.15	338.474
3169.44	334.903
3168.73	405.353
3168.02	422.92
3167.31	373.528
3166.6	366.43
3165.89	369.903
3165.18	373.375
3164.47	362.758
3163.76	390.88
3163.05	355.617
3162.34	383.732
3161.63	401.28
3160.92	394.186
3160.21	387.094
3159.5	390.56
3158.79	362.362
3158.08	344.724
3157.37	397.434
3156.66	386.83
3155.95	383.261
3155.24	372.661
3154.52	404.247
3153.81	354.986
3153.1	347.909
3152.39	333.807
3151.68	382.947
3150.97	389.92
3150.26	347.719
3149.54	386.302
3148.83	344.113
3148.12	344.066
3147.41	358.06
3146.69	358.011
3145.98	357.962
3145.27	421.075
3144.56	375.407
3143.84	312.212
3143.13	343.737
3142.42	336.676
3141.71	385.722
3140.99	294.511
3140.28	392.627
3139.57	357.523
3138.85	343.455
3138.14	353.921
3137.43	367.887
3136.71	304.779
3136	346.77
3135.29	315.203
3134.57	357.181
3133.86	360.633
3133.14	364.085
3132.43	364.035
3131.71	412.983
3131	416.426
3130.29	374.383
3129.57	405.817
3128.86	402.264
3128.14	321.767
3127.43	353.196
3126.71	391.609
3126	328.627
3125.28	370.529
3124.57	363.488
3123.85	363.439
3123.14	387.848
3122.42	356.352
3121.7	366.783
3120.99	356.255
3120.27	408.589
3119.56	408.533
3118.84	335.161
3118.12	363.041
3117.41	383.934
3116.69	376.902
3115.97	348.935
3115.26	352.376
3114.54	338.375
3113.82	383.671
3113.11	345.257
3112.39	397.514
3111.67	359.109
3110.96	383.462
3110.24	338.097
3109.52	358.961
3108.8	355.428
3108.09	383.252
3107.37	358.814
3106.65	344.833
3105.93	407.474
3105.22	358.667
3104.5	386.472
3103.78	351.607
3103.06	407.251
3102.34	344.55
3101.63	347.983
3100.91	361.852
3100.19	407.028
3099.47	323.491
3098.75	417.351
3098.03	344.267
3097.31	410.283
3096.59	365.032
3095.87	399.743
3095.15	351.03
3094.44	340.557
3093.72	406.528
3093	385.627
3092.28	375.154
3091.56	364.683
3090.84	354.215
3090.12	392.361
3089.4	402.723
3088.68	381.84
3087.96	378.317
3087.24	343.562
3086.52	301.877
3085.79	357.346
3085.07	381.579
3084.35	357.248
3083.63	395.346
3082.91	384.89
3082.19	329.365
3081.47	391.718
3080.75	360.47
3080.03	356.955
3079.31	401.952
3078.58	388.039
3077.86	353.344
3077.14	349.832
3076.42	346.321
3075.7	346.274
3074.97	356.613
3074.25	411.953
3073.53	349.593
3072.81	387.615
3072.08	377.181
3071.36	363.289
3070.64	325.186
3069.92	394.321
3069.19	373.516
3068.47	352.717
3067.75	397.616
3067.02	452.875
3066.3	373.312
3065.58	373.26
3064.85	400.855
3064.13	355.883
3063.41	383.471
3062.68	393.782
3061.96	373.005
3061.24	352.235
3060.51	431.601
3059.79	407.376
3059.06	358.994
3058.34	414.167
3057.61	410.659
3056.89	355.396
3056.17	386.397
3055.44	386.344
3054.72	369.046
3053.99	406.93
3053.27	358.601
3052.54	389.581
3051.82	392.974
3051.09	392.921
3050.36	392.867
3049.64	396.259
3048.91	385.869
3048.19	375.482
3047.46	409.874
3046.74	392.598
3046.01	420.092
3045.28	364.948
3044.56	402.765
3043.83	416.477
3043.1	388.888
3042.38	344.102
3041.65	426.628
3040.93	385.289
3040.2	392.115
3039.47	398.94
3038.74	364.499
3038.02	378.201
3037.29	422.84
3036.56	439.969
3035.84	364.299
3035.11	419.23
3034.38	405.43
3033.65	388.197
3032.92	364.1
3032.2	394.96
3031.47	425.811
3030.74	357.083
3030.01	391.365
3029.28	377.581
3028.56	363.801
3027.83	374.046
3027.1	373.995
3026.37	418.542
3025.64	408.195
3024.91	414.998
3024.18	322.351
3023.45	411.456
3022.72	397.686
3022	455.905
3021.27	353.021
3020.54	428.365
3019.81	421.454
3019.08	459.082
3018.35	424.764
3017.62	380.18
3016.89	400.676
3016.16	397.197
3015.43	386.871
3014.7	376.549
3013.97	462.065
3013.24	417.513
3012.51	400.347
3011.77	420.82
3011.04	383.133
3010.31	407.023
3009.58	393.288
3008.85	482.139
3008.12	454.721
3007.39	399.963
3006.66	427.253
3005.92	461.37
3005.19	413.467
3004.46	433.91
3003.73	444.099
3003	457.701
3002.27	406.41
3001.53	460.991
3000.8	433.613
3000.07	443.796
2999.34	413.015
2998.6	385.655
2997.87	399.252
2997.14	440.141
2996.41	433.257
2995.67	429.787
2994.94	416.086
2994.21	433.079
2993.47	398.924
2992.74	412.506
2992.01	415.858
2991.27	460.108
2990.54	473.676
2989.81	466.797
2989.07	456.512
2988.34	456.45
2987.6	504.069
2986.87	486.973
2986.14	500.526
2985.4	459.604
2984.67	469.753
2983.93	483.303
2983.2	459.415
2982.46	493.379
2981.73	486.507
2980.99	510.252
2980.26	540.793
2979.52	516.914
2978.79	489.641
2978.05	550.77
2977.32	492.906
2976.58	523.428
2975.85	540.349
2975.11	475.714
2974.37	499.431
2973.64	526.539
2972.9	543.449
2972.17	529.791
2971.43	580.652
2970.69	492.299
2969.96	560.125
2969.22	580.414
2968.48	563.365
2967.75	573.468
2967.01	566.604
2966.27	556.349
2965.54	552.881
2964.8	525.674
2964.06	583.248
2963.33	593.34
2962.59	644.11
2961.85	562.671
2961.11	576.151
2960.37	599.792
2959.64	626.816
2958.9	548.812
2958.16	589.384
2957.42	541.888
2956.68	609.541
2955.95	639.93
2955.21	626.301
2954.47	626.215
2953.73	582.131
2952.99	642.963
2952.25	653.026
2951.51	673.235
2950.77	649.464
2950.04	652.758
2949.3	652.668
2948.56	601.86
2947.82	666.012
2947.08	638.879
2946.34	632.031
2945.6	652.221
2944.86	621.722
2944.12	625.015
2943.38	621.551
2942.64	692.394
2941.9	628.135
2941.16	658.438
2940.42	654.972
2939.68	590.744
2938.94	614.29
2938.19	654.703
2937.45	678.233
2936.71	657.897
2935.97	647.687
2935.23	674.581
2934.49	654.254
2933.75	627.189
2933.01	623.731
2932.26	603.419
2931.52	664.007
2930.78	650.436
2930.04	582.953
2929.3	694.057
2928.56	633.325
2927.81	643.343
2927.07	703.875
2926.33	592.656
2925.59	646.445
2924.84	673.288
2924.1	636.17
2923.36	622.621
2922.61	649.456
2921.87	615.721
2921.13	676.191
2920.39	612.188
2919.64	571.746
2918.9	625.472
2918.16	628.748
2917.41	655.557
2916.67	557.987
2915.92	601.602
2915.18	621.682
2914.44	581.277
2913.69	597.995
2912.95	547.527
2912.2	594.473
2911.46	601.108
2910.71	614.456
2909.97	607.657
2909.22	610.931
2908.48	607.491
2907.73	577.205
2906.99	577.126
2906.24	540.142
2905.5	556.841
2904.75	526.578
2904.01	583.516
2903.26	539.846
2902.52	610.177
2901.77	620.15
2901.03	610.01
2900.28	576.414
2899.53	562.932
2898.79	552.803
2898.04	606.325
2897.29	569.399
2896.55	626.253
2895.8	559.197
2895.05	609.341
2894.31	569.086
2893.56	572.356
2892.81	602.397
2892.07	615.699
2891.32	545.354
2890.57	555.315
2889.82	551.894
2889.08	575.229
2888.33	581.838
2887.58	585.102
2886.83	551.592
2886.09	541.488
2885.34	591.545
2884.59	594.805
2883.84	564.654
2883.09	608.005
2882.34	484.333
2881.6	537.703
2880.85	544.308
2880.1	534.217
2879.35	520.79
2878.6	577.463
2877.85	574.047
2877.1	513.901
2876.35	523.841
2875.6	567.138
2874.85	600.417
2874.11	553.642
2873.36	593.583
2872.61	596.835
2871.86	593.42
2871.11	540.005
2870.36	579.925
2869.61	616.503
2868.86	563.106
2868.1	576.355
2867.35	612.918
2866.6	599.511
2865.85	576.118
2865.1	549.401
2864.35	569.301
2863.6	545.922
2862.85	575.802
2862.1	632.297
2861.35	605.59
2860.6	552.276
2859.84	578.812
2859.09	602.015
2858.34	628.537
2857.59	588.549
2856.84	635.014
2856.08	578.415
2855.33	548.422
2854.58	558.317
2853.83	588.146
2853.08	594.71
2852.32	604.594
2851.57	624.44
2850.82	601.107
2850.06	620.948
2849.31	614.222
2848.56	587.581
2847.8	614.054
2847.05	604.013
2846.3	637.113
2845.54	587.258
2844.79	610.399
2844.04	587.097
2843.28	630.131
2842.53	659.888
2841.78	580.224
2841.02	663.022
2840.27	643.043
2839.51	676.097
2838.76	593.161
2838	656.032
2837.25	589.685
2836.49	692.288
2835.74	635.89
2834.98	668.917
2834.23	685.381
2833.47	642.249
2832.72	662.022
2831.96	645.382
2831.21	608.893
2830.45	678.293
2829.7	681.508
2828.94	661.567
2828.19	608.558
2827.43	717.603
2826.67	704.279
2825.92	664.51
2825.16	634.669
2824.4	687.463
2823.65	690.673
2822.89	763.271
2822.13	690.484
2821.38	687.086
2820.62	696.9
2819.86	683.595
2819.11	739.634
2818.35	723.025
2817.59	746.032
2816.83	703.023
2816.08	752.428
2815.32	752.324
2814.56	814.906
2813.8	705.935
2813.05	728.926
2812.29	807.975
2811.53	761.7
2810.77	768.189
2810.01	777.973
2809.25	725.13
2808.5	823.898
2807.74	840.26
2806.98	820.377
2806.22	757.674
2805.46	777.332
2804.7	764.052
2803.94	790.29
2803.18	839.568
2802.42	770.321
2801.66	730.717
2800.9	891.879
2800.14	895.047
2799.38	825.831
2798.62	891.512
2797.86	779.554
2797.1	864.956
2796.34	815.512
2795.58	887.734
2794.82	841.588
2794.06	956.517
2793.3	956.385
2792.54	923.393
2791.78	952.837
2791.02	923.139
2790.26	978.853
2789.5	949.16
2788.74	949.029
2787.97	962.033
2787.21	955.335
2786.45	994.593
2785.69	971.482
2784.93	997.601
2784.17	1109.02
2783.4	1056.38
2782.64	1075.92
2781.88	1013.45
2781.12	1072.34
2780.35	1045.96
2779.59	1078.6
2778.83	1117.79
2778.07	1140.58
2777.3	1196.13
2776.54	1150.1
2775.78	1267.88
2775.01	1172.71
2774.25	1254.43
2773.49	1303.38
2772.72	1270.46
2771.96	1348.86
2771.2	1283.2
2770.43	1299.39
2769.67	1384.3
2768.91	1420.1
2768.14	1462.44
2767.38	1527.66
2766.61	1501.29
2765.85	1648.24
2765.08	1615.32
2764.32	1552.98
2763.55	1703.14
2762.79	1719.24
2762.02	1758.23
2761.26	1793.93
2760.49	1881.89
2759.73	1904.5
2758.96	2012.03
2758.2	2106.46
2757.43	2184.54
2756.67	2249.54
2755.9	2347.16
2755.13	2490.46
2754.37	2532.54
2753.6	2721.46
2752.84	2854.85
2752.07	2874.03
2751.3	3101.96
2750.54	3130.89
2749.77	3257.63
2749	3358.26
2748.24	3670.76
2747.47	3693.07
2746.7	3852.26
2745.94	4027.69
2745.17	4111.85
2744.4	4306.75
2743.63	4328.96
2742.87	4536.81
2742.1	4529.67
2741.33	4857.9
2740.56	5081.86
2739.79	5227.64
2739.03	5383.14
2738.26	5447.49
2737.49	5814.41
2736.72	5777.82
2735.95	6037.25
2735.18	6322.63
2734.42	6347.78
2733.65	6711.07
2732.88	6804.43
2732.11	6845.75
2731.34	7176.32
2730.57	7454.81
2729.8	7554.51
2729.03	7839.37
2728.26	7828.54
2727.49	7749.51
2726.72	8138.14
2725.95	8227.94
2725.18	8424.85
2724.41	8524.32
2723.64	8824.99
2722.87	8882.19
2722.1	8861.5
2721.33	9132.81
2720.56	8943.41
2719.79	8945.42
2719.02	9304.16
2718.25	9020.78
2717.48	9223.79
2716.7	9329.49
2715.93	9308.76
2715.16	9096.83
2714.39	9034.01
2713.62	9201.24
2712.85	9125.47
2712.07	8981.7
2711.3	9019.33
2710.53	9131.42
2709.76	8971.52
2708.99	8912.01
2708.21	8871.94
2707.44	8870.72
2706.67	8765.95
2705.9	8641.8
2705.12	8559.74
2704.35	8636.19
2703.58	8602.66
2702.8	8452.73
2702.03	8280.2
2701.26	8476.26
2700.48	8471.86
2699.71	8344.65
2698.94	8156.08
2698.16	8303.58
2697.39	8315.36
2696.62	8107.49
2695.84	8087
2695.07	7982.55
2694.29	7926.56
2693.52	7944.84
2692.74	7882.42
2691.97	7891.02
2691.19	7806.03
2690.42	7850.12
2689.64	7803.88
2688.87	7564.11
2688.09	7624.34
2687.32	7597.5
2686.54	7602.9
2685.77	7447.11
2684.99	7507.33
2684.22	7428.94
2683.44	7179.78
2682.67	7233.57
2681.89	7058.6
2681.11	6809.6
2680.34	6808.66
2679.56	6711.12
2678.78	6842.21
2678.01	6503.22
2677.23	6380.01
2676.45	6308.32
2675.68	6307.45
2674.9	6184.31
2674.12	5974.34
2673.35	5922.05
2672.57	5844.04
2671.79	5695.31
2671.01	5527.32
2670.24	5442.97
2669.46	5175.41
2668.68	5451.11
2667.9	5244.69
2667.13	5121.86
2666.35	5085.82
2665.57	4930.93
2664.79	4830.68
2664.01	4717.61
2663.23	4704.12
2662.45	4491.57
2661.68	4413.91
2660.9	4313.8
2660.12	4364.56
2659.34	4158.59
2658.56	4158.02
2657.78	4029.13
2657	3829.71
2656.22	3845.22
2655.44	3719.63
2654.66	3712.71
2653.88	3523.06
2653.1	3612.32
2652.32	3413.13
2651.54	3479.95
2650.76	3312.86
2649.98	3293.19
2649.2	3119.77
2648.42	3122.54
2647.64	3160.54
2646.86	2977.6
2646.08	3022.01
2645.3	2931.97
2644.52	2928.36
2643.73	2799.96
2642.95	2713.19
2642.17	2687.22
2641.39	2741.23
2640.61	2635.31
2639.83	2609.37
2639.04	2609.01
2638.26	2394.46
2637.48	2560.34
2636.7	2502.46
2635.92	2307.19
2635.13	2389.94
2634.35	2280.99
2633.57	2287.07
2632.79	2226.07
2632	2110.8
2631.22	2158.4
2630.44	2078.3
2629.65	2071.62
2628.87	2138.36
2628.09	2102.96
2627.3	2105.87
2626.52	1946.06
2625.74	2038.3
2624.95	1939.15
2624.17	1855.97
2623.38	1791.94
2622.6	1865.02
2621.82	1829.7
2621.03	1714.71
2620.25	1755.9
2619.46	1621.83
2618.68	1669.4
2617.89	1544.93
2617.11	1630.71
2616.32	1608.2
2615.54	1550.66
2614.75	1480.41
2613.97	1515.22
2613.18	1457.72
2612.4	1489.34
2611.61	1470.05
2610.82	1393.49
2610.04	1504.63
2609.25	1399.46
2608.47	1431.07
2607.68	1376.82
2606.89	1268.53
2606.11	1341.47
2605.32	1398.5
2604.53	1258.48
2603.75	1267.83
2602.96	1159.64
2602.17	1254.78
2601.39	1194.26
2600.6	1209.97
2599.81	1130.42
2599.02	1085.82
2598.24	1111.06
2597.45	1110.91
2596.66	1190.09
2595.87	1101.08
2595.08	1031.13
2594.3	1081.74
2593.51	1094.28
2592.72	1021.19
2591.93	1093.98
2591.14	1030.42
2590.35	1020.77
2589.57	1055.49
2588.78	934.916
2587.99	1023.51
2587.2	1017.04
2586.41	906.018
2585.62	962.908
2584.83	969.109
2584.04	1025.97
2583.25	864.358
2582.46	927.553
2581.67	930.59
2580.88	952.616
2580.09	886.032
2579.3	996.648
2578.51	888.951
2577.72	901.48
2576.93	907.681
2576.14	860.123
2575.35	812.577
2574.56	897.821
2573.77	869.249
2572.98	881.771
2572.19	853.209
2571.4	897.326
2570.6	840.337
2569.81	814.951
2569.02	786.414
2568.23	833.673
2567.44	868.29
2566.65	830.286
2565.85	827.015
2565.06	789.027
2564.27	807.852
2563.48	779.344
2562.68	750.843
2561.89	810.672
2561.1	760.097
2560.31	841.983
2559.51	756.734
2558.72	829.14
2557.93	753.373
2557.13	787.938
2556.34	809.889
2555.55	746.759
2554.75	737.205
2553.96	781.203
2553.17	784.245
2552.37	765.242
2551.58	774.582
2550.78	739.844
2549.99	746.037
2549.2	780.556
2548.4	742.684
2547.61	726.849
2546.81	720.456
2546.02	792.707
2545.22	745.419
2544.43	764.185
2543.63	745.213
2542.84	776.55
2542.04	704.142
2541.25	700.902
2540.45	732.231
2539.66	769.836
2538.86	744.596
2538.06	750.775
2537.27	785.221
2536.47	700.321
2535.68	725.344
2534.88	740.942
2534.08	759.674
2533.29	671.685
2532.49	721.805
2531.69	718.567
2530.9	743.567
2530.1	734.054
2529.3	708.86
2528.51	705.626
2527.71	714.935
2526.91	724.242
2526.11	711.603
2525.32	702.101
2524.52	702.004
2523.72	739.509
2522.92	764.472
2522.12	711.111
2521.33	742.335
2520.53	742.232
2519.73	738.998
2518.93	773.336
2518.13	726.272
2517.33	729.302
2516.53	682.257
2515.74	732.229
2514.94	760.287
2514.14	741.412
2513.34	760.077
2512.54	719.315
2511.74	769.248
2510.94	762.888
2510.14	737.773
2509.34	753.3
2508.54	700.066
2507.74	762.466
2506.94	837.347
2506.14	749.759
2505.34	774.644
2504.54	752.675
2503.74	768.185
2502.94	833.646
2502.14	736.754
2501.34	792.837
2500.54	745.913
2499.73	786.377
2498.93	776.908
2498.13	845.433
2497.33	754.858
2496.53	760.991
2495.73	820.135
2494.92	810.668
2494.12	823.026
2493.32	782.39
2492.52	825.915
2491.72	866.312
2490.91	791.413
2490.11	825.572
2489.31	834.803
2488.51	906.321
2487.7	875.055
2486.9	815.775
2486.1	893.492
2485.29	936.947
2484.49	899.47
2483.69	930.464
2482.88	967.674
2482.08	902.207
2481.28	898.972
2480.47	985.933
2479.67	951.589
2478.87	923.473
2478.06	985.524
2477.26	1004.04
2476.45	1066.06
2475.65	1003.76
2474.84	978.764
2474.04	1009.7
2473.23	1043.73
2472.43	1139.86
2471.62	1099.34
2470.82	1127.13
2470.01	1036.94
2469.21	1064.73
2468.4	1123.56
2467.6	1020.99
2466.79	1104.63
2465.99	1116.89
2465.18	1181.87
2464.37	1160
2463.57	1159.84
2462.76	1184.48
2461.96	1128.51
2461.15	1165.56
2460.34	1224.28
2459.54	1183.83
2458.73	1134.09
2457.92	1183.5
2457.11	1146.16
2456.31	1232.73
2455.5	1114.88
2454.69	1139.49
2453.89	1170.3
2453.08	1170.13
2452.27	1173.07
2451.46	1216.23
2450.65	1194.4
2449.85	1215.9
2449.04	1181.7
2448.23	1156.79
2447.42	1212.3
2446.61	1255.42
2445.8	1131.58
2445	1177.79
2444.19	1159.08
2443.38	1143.47
2442.57	1090.78
2441.76	1158.6
2440.95	1161.53
2440.14	1105.77
2439.33	1056.2
2438.52	1074.58
2437.71	1068.26
2436.9	1077.37
2436.09	1089.57
2435.28	1024.61
2434.47	1021.38
2433.66	974.962
2432.85	919.299
2432.04	885.242
2431.23	863.531
2430.42	820.241
2429.61	817.044
2428.8	789.186
2427.99	822.982
2427.18	829.032
2426.36	736.473
2425.55	705.56
2424.74	730.108
2423.93	689.964
2423.12	668.31
2422.31	671.297
2421.49	711.23
2420.68	729.602
2419.87	711.033
2419.06	686.313
2418.24	670.832
2417.43	633.817
2416.62	627.577
2415.81	612.11
2414.99	615.101
2414.18	559.664
2413.37	531.915
2412.55	614.845
2411.74	568.653
2410.93	562.427
2410.11	546.985
2409.3	562.271
2408.49	516.112
2407.67	516.041
2406.86	528.254
2406.04	540.464
2405.23	580.304
2404.42	549.524
2403.6	564.796
2402.79	555.51
2401.97	527.815
2401.16	536.946
2400.34	530.736
2399.53	539.865
2398.71	487.651
2397.9	530.515
2397.08	508.979
2396.27	518.105
2395.45	564.013
2394.64	514.897
2393.82	533.212
2393	523.946
2392.19	514.683
2391.37	496.232
2390.56	535.979
2389.74	480.783
2388.92	511.335
2388.11	517.387
2387.29	480.583
2386.47	550.911
2385.66	480.45
2384.84	468.144
2384.02	452.783
2383.2	492.486
2382.39	516.885
2381.57	467.885
2380.75	532.03
2379.93	501.384
2379.12	498.258
2378.3	528.752
2377.48	461.448
2376.66	488.884
2375.84	442.99
2375.02	479.584
2374.21	491.735
2373.39	464.182
2372.57	473.278
2371.75	552.59
2370.93	555.566
2370.11	466.977
2369.29	506.584
2368.47	482.103
2367.65	442.375
2366.83	533.827
2366.01	506.303
2365.19	497.084
2364.38	497.015
2363.56	484.751
2362.73	524.312
2361.91	478.521
2361.09	408.362
2360.27	524.094
2359.45	511.834
2358.63	463.024
2357.81	405.09
2356.99	450.714
2356.17	499.37
2355.35	471.9
2354.53	465.747
2353.71	468.726
2352.88	453.444
2352.06	450.339
2351.24	480.7
2350.42	474.549
2349.6	483.608
2348.78	483.541
2347.95	456.108
2347.13	504.689
2346.31	489.42
2345.49	452.878
2344.66	489.284
2343.84	486.177
2343.02	489.148
2342.19	464.778
2341.37	464.713
2340.55	504.129
2339.73	464.584
2338.9	488.808
2338.08	461.419
2337.25	473.496
2336.43	540.196
2335.61	485.502
2334.78	494.537
2333.96	476.267
2333.13	494.399
2332.31	579.247
2331.49	639.812
2330.66	533.608
2329.84	512.314
2329.01	506.18
2328.19	448.529
2327.36	503.01
2326.54	499.91
2325.71	499.84
2324.89	517.945
2324.06	475.474
2323.23	490.548
2322.41	463.231
2321.58	457.112
2320.76	447.968
2319.93	463.038
2319.11	450.87
2318.28	444.756
2317.45	423.518
2316.63	462.781
2315.8	429.449
2314.97	471.724
2314.15	465.611
2313.32	465.546
2312.49	423.165
2311.66	447.284
2310.84	459.309
2310.01	438.096
2309.18	453.139
2308.35	498.384
2307.53	495.295
2306.7	431.813
2305.87	443.83
2305.04	476.975
2304.21	482.946
2303.39	446.663
2302.56	467.724
2301.73	488.779
2300.9	476.644
2300.07	476.577
2299.24	476.511
2298.41	470.414
2297.58	397.987
2296.75	419.034
2295.93	461.175
2295.1	470.152
2294.27	430.913
2293.44	473.035
2292.61	472.969
2291.78	451.818
2290.95	481.873
2290.12	478.794
2289.29	457.652
2288.46	439.525
2287.62	484.615
2286.79	436.393
2285.96	478.461
2285.13	406.184
2284.3	427.186
2283.47	469.238
2282.64	457.143
2281.81	448.058
2280.98	457.016
2280.14	435.908
2279.31	459.894
2278.48	486.879
2277.65	441.736
2276.82	447.684
2275.98	477.664
2275.15	402.503
2274.32	450.501
2273.49	432.42
2272.66	456.38
2271.82	495.344
2270.99	429.238
2270.16	465.194
2269.32	465.129
2268.49	462.064
2267.66	500.999
2266.82	428.94
2265.99	449.874
2265.16	446.813
2264.32	458.744
2263.49	470.672
2262.65	446.626
2261.82	455.555
2260.99	395.559
2260.15	440.447
2259.32	461.357
2258.48	428.343
2257.65	443.259
2256.81	464.159
2255.98	497.03
2255.14	434.092
2254.31	481.925
2253.47	448.936
2252.64	442.889
2251.8	436.843
2250.97	415.84
2250.13	415.783
2249.29	457.596
2248.46	466.504
2247.62	451.489
2246.79	463.384
2245.95	439.406
2245.11	460.266
2244.28	460.202
2243.44	430.259
2242.6	439.162
2241.77	445.075
2240.93	480.853
2240.09	486.758
2239.25	477.733
2238.42	489.608
2237.58	426.855
2236.74	498.426
2235.9	483.435
2235.07	477.401
2234.23	453.467
2233.39	432.524
2232.55	450.359
2231.71	465.206
2230.88	456.196
2230.04	447.189
2229.2	423.28
2228.36	461.967
2227.52	455.942
2226.68	464.818
2225.84	417.086
2225	414.049
2224.16	449.732
2223.32	393.088
2222.48	449.606
2221.64	452.521
2220.8	467.341
2219.96	470.253
2219.12	437.452
2218.28	514.753
2217.44	461.131
2216.6	493.787
2215.76	461.002
2214.92	454.991
2214.08	469.794
2213.24	451.891
2212.4	523.169
2211.56	499.319
2210.72	460.617
2209.88	508.094
2209.03	451.576
2208.19	516.864
2207.35	475.211
2206.51	492.962
2205.67	457.263
2204.82	436.417
2203.98	489.788
2203.14	495.656
2202.3	489.651
2201.46	445.076
2200.61	492.482
2199.77	519.11
2198.93	456.753
2198.08	486.345
2197.24	492.207
2196.4	450.633
2195.55	441.677
2194.71	423.832
2193.87	474.152
2193.02	485.938
2192.18	503.646
2191.34	488.765
2190.49	494.62
2189.65	408.671
2188.8	473.755
2187.96	458.887
2187.11	420.341
2186.27	470.598
2185.42	470.532
2184.58	440.877
2183.73	455.608
2182.89	449.629
2182.04	422.947
2181.2	470.204
2180.35	416.915
2179.51	458.247
2178.66	508.436
2177.82	478.809
2176.97	443.279
2176.12	457.991
2175.28	463.836
2174.43	451.956
2173.59	434.171
2172.74	466.595
2171.89	407.476
2171.05	493.036
2170.2	439.833
2169.35	528.316
2168.5	430.857
2167.66	433.748
2166.81	480.891
2165.96	457.225
2165.11	477.808
2164.27	474.792
2163.42	421.651
2162.57	462.867
2161.72	474.593
2160.87	424.422
2160.03	415.522
2159.18	450.822
2158.33	424.244
2157.48	424.185
2156.63	415.29
2155.78	427.011
2154.93	479.953
2154.08	479.886
2153.24	376.79
2152.39	512.128
2151.54	453.199
2150.69	429.596
2149.84	444.246
2148.99	435.36
2148.14	482.358
2147.29	447.001
2146.44	411.654
2145.59	408.657
2144.74	458.572
2143.89	420.299
2143.03	455.505
2142.18	428.997
2141.33	490.633
2140.48	425.94
2139.63	481.685
2138.78	431.694
2137.93	493.296
2137.08	469.74
2136.22	446.191
2135.37	437.323
2134.52	463.674
2133.67	413.727
2132.82	401.934
2131.96	469.346
2131.11	466.348
2130.26	442.822
2129.41	457.421
2128.55	457.357
2127.7	477.813
2126.85	483.608
2126	460.096
2125.14	454.172
2124.29	459.968
2123.44	492.126
2122.58	497.915
2121.73	474.417
2120.87	445.07
2120.02	462.574
2119.17	444.946
2118.31	436.103
2117.46	453.601
2116.6	459.39
2115.75	468.102
2114.89	444.635
2114.04	438.723
2113.18	435.737
2112.33	461.993
2111.47	456.081
2110.62	456.017
2109.76	438.417
2108.91	441.278
2108.05	499.655
2107.2	452.841
2106.34	514.122
2105.49	455.635
2104.63	458.492
2103.77	440.908
2102.92	461.283
2102.06	475.814
2101.2	461.154
2100.35	501.946
2099.49	472.697
2098.63	507.64
2097.78	431.726
2096.92	434.582
2096.06	446.186
2095.21	484.03
2094.35	422.738
2093.49	492.639
2092.63	451.766
2091.77	492.502
2090.92	472.036
2090.06	434.096
2089.2	451.513
2088.34	509.702
2087.48	538.752
2086.62	454.236
2085.77	518.222
2084.91	474.485
2084.05	468.598
2083.19	488.903
2082.33	442.279
2081.47	468.401
2080.61	447.973
2079.75	538.074
2078.89	485.653
2078.03	450.693
2077.17	447.723
2076.31	514.518
2075.45	465.036
2074.59	523.093
2073.73	441.661
2072.87	476.462
2072.01	479.3
2071.15	461.807
2070.29	453.03
2069.43	484.906
2068.57	438.387
2067.71	484.771
2066.84	513.727
2065.98	452.713
2065.12	472.961
2064.26	513.511
2063.4	496.035
2062.54	527.87
2061.67	533.596
2060.81	521.923
2059.95	460.967
2059.09	463.802
2058.22	486.923
2057.36	495.549
2056.5	527.353
2055.64	509.896
2054.77	504.031
2053.91	570.576
2053.05	495.202
2052.18	555.939
2051.32	532.7
2050.46	532.626
2049.59	558.6
2048.73	561.416
2047.86	462.958
2047	509.183
2046.14	561.18
2045.27	540.855
2044.41	558.131
2043.54	552.27
2042.68	569.539
2041.81	537.662
2040.95	546.257
2040.08	520.172
2039.22	577.888
2038.35	557.584
2037.49	508.399
2036.62	514.104
2035.75	522.696
2034.89	528.397
2034.02	551.42
2033.16	534.023
2032.29	559.924
2031.42	582.932
2030.56	577.079
2029.69	551.033
2028.82	591.341
2027.96	568.184
2027.09	524.848
2026.22	576.675
2025.36	516.052
2024.49	547.688
2023.62	518.79
2022.75	510.072
2021.89	558.983
2021.02	541.619
2020.15	515.618
2019.28	550.108
2018.42	547.151
2017.55	544.195
2016.68	598.819
2015.81	604.492
2014.94	578.504
2014.07	555.401
2013.2	607.115
2012.33	540.861
2011.47	532.155
2010.6	514.824
2009.73	557.888
2008.86	569.311
2007.99	546.232
2007.12	549.029
2006.25	511.589
2005.38	583.36
2004.51	571.785
2003.64	565.959
2002.77	608.967
2001.9	502.615
2001.03	493.929
2000.16	496.731
1999.29	585.659
1998.41	545.39
1997.54	551.054
1996.67	513.671
1995.8	568.115
1994.93	568.035
1994.06	539.271
1993.19	550.667
1992.31	530.516
1991.44	576.318
1990.57	584.838
1989.7	556.091
1988.83	527.353
1987.95	527.279
1987.08	521.475
1986.21	515.672
1985.34	521.328
1984.46	549.896
1983.59	555.546
1982.72	509.656
1981.84	578.292
1980.97	503.788
1980.1	560.958
1979.22	537.986
1978.35	552.217
1977.48	557.861
1976.6	532.039
1975.73	592.025
1974.85	563.346
1973.98	511.801
1973.1	557.47
1972.23	551.675
1971.35	560.172
1970.48	591.527
1969.6	551.443
1968.73	557.079
1967.85	499.872
1966.98	565.491
1966.1	516.866
1965.23	545.345
1964.35	585.236
1963.48	579.445
1962.6	562.24
1961.72	570.722
1960.85	522.137
1959.97	579.12
1959.1	567.629
1958.22	607.478
1957.34	538.954
1956.47	555.985
1955.59	573.012
1954.71	527.325
1953.83	575.701
1952.96	561.372
1952.08	541.349
1951.2	552.668
1950.32	526.955
1949.45	532.577
1948.57	538.198
1947.69	540.969
1946.81	546.587
1945.93	557.896
1945.06	500.897
1944.18	540.665
1943.3	503.602
1942.42	517.755
1941.54	489.238
1940.66	577.334
1939.78	520.381
1938.9	528.837
1938.02	534.448
1937.14	523.004
1936.26	534.298
1935.38	537.065
1934.5	531.307
1933.62	531.232
1932.74	568.083
1931.86	528.243
1930.98	533.848
1930.1	547.969
1929.22	479.761
1928.34	488.208
1927.46	530.71
1926.58	524.96
1925.7	547.584
1924.82	527.65
1923.94	567.285
1923.05	527.501
1922.17	496.235
1921.29	493.33
1920.41	521.609
1919.53	541.377
1918.65	546.969
1917.76	487.386
1916.88	495.817
1916	464.586
1915.12	518.337
1914.23	478.616
1913.35	504.033
1912.47	535.106
1911.58	489.737
1910.7	492.499
1909.82	523.56
1908.93	514.998
1908.05	506.438
1907.17	492.222
1906.28	528.923
1905.4	492.084
1904.51	489.187
1903.63	497.6
1902.75	503.184
1901.86	505.939
1900.98	559.564
1900.09	494.494
1899.21	508.551
1898.32	494.355
1897.44	463.216
1896.55	542.226
1895.67	488.499
1894.78	513.84
1893.9	505.299
1893.01	513.696
1892.12	513.624
1891.24	522.016
1890.35	516.3
1889.47	488.019
1888.58	535.899
1887.69	476.601
1886.81	468.075
1885.92	524.395
1885.03	513.046
1884.15	512.974
1883.26	501.629
1882.37	479.016
1881.48	431.054
1880.6	540.854
1879.71	557.678
1878.82	523.805
1877.93	537.81
1877.04	560.258
1876.16	540.474
1875.27	526.325
1874.38	503.738
1873.49	478.343
1872.6	512.036
1871.71	511.964
1870.83	523.142
1869.94	559.627
1869.05	556.737
1868.16	536.978
1867.27	477.872
1866.38	489.047
1865.49	519.89
1864.6	564.774
1863.71	530.982
1862.82	522.48
1861.93	519.598
1861.04	505.483
1860.15	496.989
1859.26	533.416
1858.37	502.463
1857.48	536.072
1856.59	491.096
1855.7	552.756
1854.8	563.9
1853.91	504.914
1853.02	532.89
1852.13	532.815
1851.24	546.759
1850.35	513.04
1849.46	560.621
1848.56	549.331
1847.67	507.219
1846.78	521.157
1845.89	560.305
1844.99	549.022
1844.1	523.738
1843.21	515.263
1842.32	517.99
1841.42	489.922
1840.53	531.84
1839.64	500.979
1838.74	495.311
1837.85	517.625
1836.96	531.54
1836.06	458.739
1835.17	545.375
1834.27	506.148
1833.38	556.405
1832.49	511.597
1831.59	511.525
1830.7	491.889
1829.8	522.558
1828.91	530.867
1828.01	511.236
1827.12	530.717
1826.22	483.164
1825.33	491.473
1824.43	477.443
1823.54	488.543
1822.64	552.673
1821.75	505.15
1820.85	507.87
1819.95	518.959
1819.06	507.727
1818.16	560.652
1817.26	529.895
1816.37	482.415
1815.47	532.533
1814.57	557.548
1813.68	551.895
1812.78	529.521
1811.88	560.099
1810.99	546.089
1810.09	559.941
1809.19	565.433
1808.29	556.998
1807.4	551.35
1806.5	509.509
1805.6	540.059
1804.7	551.117
1803.8	498.162
1802.9	542.614
1802.01	509.15
1801.11	520.206
1800.21	536.821
1799.31	564.556
1798.41	531.108
1797.51	561.617
1796.61	547.638
1795.71	580.915
1794.81	533.588
1793.91	519.619
1793.01	508.432
1792.11	558.363
1791.21	544.397
1790.31	527.657
1789.41	569.234
1788.51	591.365
1787.61	577.401
1786.71	557.891
1785.81	602.215
1784.91	566.058
1784.01	538.234
1783.11	585.316
1782.21	596.328
1781.3	574.058
1780.4	579.523
1779.5	632.117
1778.6	546.094
1777.7	532.159
1776.79	584.738
1775.89	615.135
1774.99	612.278
1774.09	606.651
1773.19	595.487
1772.28	653.558
1771.38	573.167
1770.48	592.466
1769.57	620.064
1768.67	628.279
1767.77	633.725
1766.86	633.636
1765.96	644.613
1765.06	603.029
1764.15	641.665
1763.25	577.97
1762.34	647.014
1761.44	680.098
1760.54	704.88
1759.63	638.448
1758.73	668.756
1757.82	632.742
1756.92	701.719
1756.01	698.858
1755.11	745.711
1754.2	740.083
1753.3	709.606
1752.39	676.377
1751.48	737.009
1750.58	701.026
1749.67	780.954
1748.77	725.66
1747.86	697.97
1746.95	692.354
1746.05	747.416
1745.14	664.583
1744.23	708.604
1743.33	667.152
1742.42	705.647
1741.51	664.207
1740.61	688.914
1739.7	741.167
1738.79	694.229
1737.88	738.203
1736.98	586.623
1736.07	704.95
1735.16	707.603
1734.25	641.433
1733.34	723.919
1732.43	671.525
1731.53	704.452
1730.62	687.844
1729.71	723.509
1728.8	627.136
1727.89	654.55
1726.98	673.706
1726.07	643.367
1725.16	701.006
1724.25	678.917
1723.34	637.597
1722.43	659.49
1721.52	675.882
1720.61	653.81
1719.7	634.49
1718.79	672.849
1717.88	678.246
1716.97	661.676
1716.06	658.838
1715.15	645.021
1714.24	628.463
1713.33	642.094
1712.42	672.183
1711.51	661.115
1710.6	611.651
1709.68	658.186
1708.77	680.029
1707.86	630.583
1706.95	603.081
1706.04	690.704
1705.12	649.499
1704.21	693.249
1703.3	701.37
1702.39	649.223
1701.47	695.693
1700.56	684.641
1699.65	640.733
1698.73	684.447
1697.82	700.774
1696.91	645.935
1695.99	752.572
1695.08	700.477
1694.17	694.906
1693.25	648.305
1692.34	656.418
1691.42	713.754
1690.51	697.247
1689.6	661.607
1688.68	735.319
1687.77	686.018
1686.85	718.714
1685.94	677.627
1685.02	729.439
1684.11	712.946
1683.19	756.544
1682.28	748.245
1681.36	720.834
1680.44	666.131
1679.53	715.171
1678.61	715.07
1677.7	717.697
1676.78	717.596
1675.86	758.416
1674.95	777.403
1674.03	730.928
1673.11	801.725
1672.2	777.072
1671.28	760.605
1670.36	725.062
1669.45	738.586
1668.53	787.532
1667.61	757.45
1666.69	790.033
1665.77	781.75
1664.86	765.298
1663.94	729.79
1663.02	816.813
1662.1	784.029
1661.18	811.138
1660.27	781.086
1659.35	780.975
1658.43	854.325
1657.51	846.043
1656.59	848.643
1655.67	881.158
1654.75	886.472
1653.83	908.097
1652.91	848.162
1651.99	894.249
1651.07	899.558
1650.15	853.236
1649.23	896.586
1648.31	880.16
1647.39	861.022
1646.47	931.51
1645.55	985.686
1644.63	1001.84
1643.71	998.979
1642.79	1020.55
1641.87	1044.83
1640.94	1071.82
1640.02	1077.09
1639.1	1163.75
1638.18	1179.85
1637.26	1125.45
1636.34	1206.64
1635.41	1247.13
1634.49	1341.83
1633.57	1439.22
1632.65	1468.82
1631.72	1511.97
1630.8	1568.65
1629.88	1714.7
1628.96	1830.92
1628.03	1985.02
1627.11	2036.19
1626.19	2087.34
1625.26	2222.39
1624.34	2216.66
1623.41	2432.84
1622.49	2513.67
1621.57	2553.89
1620.64	2577.87
1619.72	2596.44
1618.79	2623.12
1617.87	2609.22
1616.94	2603.45
1616.02	2803.11
1615.09	2700.01
1614.17	2748.26
1613.24	2774.89
1612.32	2939.29
1611.39	3009.11
1610.47	3157.22
1609.54	3248.59
1608.62	3280.53
1607.69	3474.44
1606.76	3573.82
1605.84	3651.58
1604.91	3856.14
1603.98	4152.39
1603.06	4316.36
1602.13	4601.67
1601.2	4951.62
1600.28	5244.84
1599.35	5640.44
1598.42	6081.75
1597.49	6644.23
1596.57	7176.91
1595.64	7728.29
1594.71	8478.9
1593.78	9323.58
1592.85	10019.9
1591.93	11270.8
1591	12187.4
1590.07	13340.7
1589.14	14956.7
1588.21	16378.4
1587.28	17923.5
1586.35	19594.7
1585.42	21219.6
1584.5	22674.6
1583.57	23825.3
1582.64	24736.3
1581.71	25784.1
1580.78	25670.2
1579.85	25575.2
1578.92	24934.6
1577.99	23909.8
1577.06	23358.3
1576.13	22081.5
1575.19	20703
1574.26	19059
1573.33	17826.3
1572.4	16781.9
1571.47	14975.4
1570.54	14090.1
1569.61	12754.2
1568.68	11882.9
1567.74	10950.2
1566.81	9942.54
1565.88	9058.6
1564.95	8182.96
1564.02	7747.37
1563.08	7008.91
1562.15	6517.31
1561.22	5937.38
1560.29	5663.17
1559.35	5110.33
1558.42	4806.83
1557.49	4610.58
1556.55	4192.06
1555.62	3979.88
1554.69	3652.61
1553.75	3598.54
1552.82	3472.21
1551.89	3139.8
1550.95	3080.47
1550.02	2989.05
1549.08	2686.29
1548.15	2629.73
1547.21	2460.84
1546.28	2412.35
1545.34	2345.15
1544.41	2342.15
1543.47	2098.54
1542.54	2092.9
1541.6	1945.61
1540.67	1926.63
1539.73	1771.39
1538.8	1880.67
1537.86	1834.99
1536.92	1746.6
1535.99	1700.96
1535.05	1623.29
1534.11	1623.06
1533.18	1508.05
1532.24	1515.85
1531.3	1491.61
1530.37	1470.06
1529.43	1381.82
1528.49	1432.3
1527.56	1405.43
1526.62	1319.9
1525.68	1266.39
1524.74	1311.53
1523.8	1284.69
1522.87	1220.55
1521.93	1244.35
1520.99	1217.53
1520.05	1142.77
1519.11	1145.27
1518.17	1147.77
1517.23	1134.3
1516.3	1144.79
1515.36	1192.54
1514.42	1077.92
1513.48	1117.69
1512.54	1101.56
1511.6	1058.84
1510.66	1064.01
1509.72	1087.79
1508.78	1023.82
1507.84	1060.89
1506.9	1010.23
1505.96	1041.99
1505.02	1041.84
1504.08	1041.69
1503.13	1012.31
1502.19	982.947
1501.25	998.744
1500.31	995.946
1499.37	982.527
1498.43	1019.56
1497.49	998.175
1496.54	1019.27
1495.6	926.234
1494.66	942.023
1493.72	984.34
1492.78	997.464
1491.83	880.614
1490.89	1013.09
1489.95	986.431
1489.01	957.126
1488.06	906.622
1487.12	906.493
1486.18	890.462
1485.23	839.989
1484.29	834.571
1483.34	871.538
1482.4	860.819
1481.46	818.324
1480.51	855.278
1479.57	767.787
1478.62	812.68
1477.68	831.091
1476.73	799.216
1475.79	807.04
1474.85	788.406
1473.9	759.195
1472.95	785.536
1472.01	764.268
1471.06	848.771
1470.12	787.844
1469.17	750.724
1468.23	753.26
1467.28	702.942
1466.33	747.761
1465.39	737.086
1464.44	721.132
1463.5	760.646
1462.55	752.616
1461.6	755.149
1460.65	749.761
1459.71	747.014
1458.76	738.99
1457.81	680.829
1456.87	722.948
1455.92	736.036
1454.97	764.946
1454.02	772.749
1453.07	754.18
1452.13	767.255
1451.18	714.421
1450.23	722.227
1449.28	679.956
1448.33	719.385
1447.38	719.283
1446.43	756.061
1445.48	753.319
1444.54	700.54
1443.59	708.339
1442.64	755.63
1441.69	771.317
1440.74	750.15
1439.79	718.462
1438.84	731.516
1437.89	715.626
1436.94	773.397
1435.99	739.094
1435.04	725.839
1434.08	730.994
1433.13	728.261
1432.18	717.642
1431.23	675.486
1430.28	678.018
1429.33	717.335
1428.38	761.895
1427.43	727.637
1426.47	787.942
1425.52	774.699
1424.57	693.191
1423.62	719.346
1422.66	816.367
1421.71	779.506
1420.76	734.783
1419.81	792.403
1418.85	742.443
1417.9	831.523
1416.95	807.8
1415.99	784.083
1415.04	747.263
1414.09	775.994
1413.13	781.126
1412.18	799.36
1411.23	851.656
1410.27	859.394
1409.32	843.553
1408.36	819.858
1407.41	811.884
1406.45	848.429
1405.5	816.889
1404.54	829.861
1403.59	840.213
1402.63	934.309
1401.68	947.259
1400.72	975.903
1399.77	899.9
1398.81	946.853
1397.85	920.565
1396.9	954.427
1395.94	1003.97
1394.99	1014.28
1394.03	1084.7
1393.07	1053.19
1392.12	1039.97
1391.16	1021.54
1390.2	1044.9
1389.25	1107.44
1388.29	1136
1387.33	1188.06
1386.37	1250.55
1385.42	1258.21
1384.46	1229.32
1383.5	1296.99
1382.54	1312.46
1381.58	1393.15
1380.62	1447.73
1379.67	1494.47
1378.71	1559.45
1377.75	1642.66
1376.79	1733.67
1375.83	1876.79
1374.87	1892.16
1373.91	1993.52
1372.95	2087.03
1371.99	2222.2
1371.03	2247.93
1370.07	2435.13
1369.11	2492.07
1368.15	2728.65
1367.19	2816.77
1366.23	2969.94
1365.27	3097.04
1364.31	3242.32
1363.35	3353.73
1362.39	3366.26
1361.43	3586.87
1360.47	3724.19
1359.51	3869.28
1358.54	3933.72
1357.58	4029.34
1356.62	4343.27
1355.66	4243.89
1354.7	4445.97
1353.73	4403.76
1352.77	4675.89
1351.81	4636.26
1350.85	4656.37
1349.88	4692.06
1348.92	4655.04
1347.96	4716.67
1346.99	4775.7
1346.03	4621.9
1345.07	4626.43
1344.1	4446.75
1343.14	4378.67
1342.18	4310.61
1341.21	4089.57
1340.25	4047.5
1339.28	3945.81
1338.32	3818.23
1337.35	3799.54
1336.39	3477.66
1335.43	3443.48
1334.46	3380.81
1333.49	3253.4
1332.53	3126.03
1331.56	2817.43
1330.6	2824.79
1329.63	2705.3
1328.67	2539.25
1327.7	2497.48
1326.73	2347.04
1325.77	2217.33
1324.8	2214.43
1323.84	2056.33
1322.87	2133.62
1321.9	2011.78
1320.94	1923.59
1319.97	1819.91
1319	1703.33
1318.03	1664.33
1317.07	1625.33
1316.1	1627.68
1315.13	1593.86
1314.16	1536.81
1313.19	1461.7
1312.23	1484.73
1311.26	1427.72
1310.29	1301.02
1309.32	1251.8
1308.35	1243.88
1307.38	1272.08
1306.41	1099.04
1305.45	1235.6
1304.48	1168.37
1303.51	1196.57
1302.54	1080.36
1301.57	1093.1
1300.6	1043.97
1299.63	1079.9
1298.66	1064.28
1297.69	994.562
1296.72	1012.45
1295.75	978.822
1294.78	991.559
1293.8	942.49
1292.83	888.285
1291.86	880.434
1290.89	870.012
1289.92	857.019
1288.95	916.081
1287.98	825.899
1287	848.933
1286.03	784.507
1285.06	802.397
1284.09	786.853
1283.12	833.019
1282.14	832.9
1281.17	817.359
1280.2	786.402
1279.23	752.885
1278.25	768.192
1277.28	791.201
1276.31	757.697
1275.33	811.519
1274.36	752.345
1273.38	698.322
1272.41	767.531
1271.44	718.654
1270.46	718.551
1269.49	700.487
1268.51	715.78
1267.54	695.156
1266.56	697.621
1265.59	702.649
1264.61	702.548
1263.64	671.683
1262.66	633.137
1261.69	643.298
1260.71	679.082
1259.74	658.487
1258.76	650.706
1257.79	645.49
1256.81	642.836
1255.83	637.623
1254.86	686.178
1253.88	632.319
1252.9	632.229
1251.93	660.29
1250.95	596.222
1249.97	621.722
1249	611.4
1248.02	649.679
1247.04	590.765
1246.06	626.479
1245.08	598.265
1244.11	628.855
1243.13	603.205
1242.15	605.674
1241.17	572.369
1240.19	631.049
1239.21	590.086
1238.24	597.664
1237.26	633.33
1236.28	638.346
1235.3	571.876
1234.32	625.399
1233.34	569.159
1232.36	597.149
1231.38	586.857
1230.4	602.079
1229.42	596.891
1228.44	573.851
1227.46	568.669
1226.48	599.183
1225.5	553.209
1224.52	573.521
1223.54	568.342
1222.56	545.326
1221.57	578.37
1220.59	555.359
1219.61	555.279
1218.63	608.682
1217.65	580.583
1216.67	524.487
1215.68	532.048
1214.7	534.517
1213.72	554.8
1212.74	590.344
1211.76	600.436
1210.77	544.385
1209.79	531.589
1208.81	511.168
1207.82	559.407
1206.84	531.36
1205.86	549.078
1204.87	515.957
1203.89	526.048
1202.91	543.759
1201.92	510.653
1200.94	551.223
1199.95	543.524
1198.97	553.604
1197.98	571.298
1197	525.518
1196.01	527.981
1195.03	507.601
1194.04	525.292
1193.06	548.051
1192.07	560.657
1191.09	550.43
1190.1	550.351
1189.12	514.77
1188.13	512.161
1187.14	504.482
1186.16	522.152
1185.17	514.474
1184.18	506.798
1183.2	529.528
1182.21	524.385
1181.22	509.112
1180.24	503.974
1179.25	519.094
1178.26	513.956
1177.27	501.224
1176.29	518.87
1175.3	554.225
1174.31	473.174
1173.32	538.885
1172.33	508.452
1171.35	523.555
1170.36	515.893
1169.37	556.275
1168.38	533.441
1167.39	535.892
1166.4	487.794
1165.41	535.738
1164.42	487.653
1163.43	464.846
1162.44	515.298
1161.45	573.313
1160.46	497.473
1159.47	527.7
1158.48	515.001
1157.49	482.113
1156.5	469.425
1155.51	479.451
1154.52	522.274
1153.53	514.63
1152.54	547.346
1151.55	466.564
1150.56	501.8
1149.56	514.334
1148.57	504.176
1147.58	511.665
1146.59	526.712
1145.6	496.399
1144.6	476.172
1143.61	508.851
1142.62	526.408
1141.63	516.259
1140.63	508.631
1139.64	536.251
1138.65	470.725
1137.65	495.826
1136.66	505.821
1135.67	523.361
1134.67	518.254
1133.68	533.272
1132.69	513.074
1131.69	472.765
1130.7	512.926
1129.7	512.852
1128.71	505.237
1127.71	520.244
1126.72	507.604
1125.72	469.843
1124.73	474.8
1123.73	494.826
1122.74	459.594
1121.74	451.995
1120.75	502.144
1119.75	507.092
1118.75	446.779
1117.76	509.455
1116.76	557.058
1115.77	514.326
1114.77	484.149
1113.77	529.227
1112.78	473.978
1111.78	546.626
1110.78	511.448
1109.78	483.8
1108.79	446.134
1107.79	523.756
1106.79	506.141
1105.79	518.595
1104.79	470.926
1103.8	473.363
1102.8	515.866
1101.8	543.334
1100.8	528.234
1099.8	513.139
1098.8	523.076
1097.8	477.957
1096.81	517.921
1095.81	512.843
1094.81	505.265
1093.81	557.712
1092.81	555.131
1091.81	497.545
1090.81	532.472
1089.81	502.401
1088.81	482.335
1087.81	502.255
1086.81	489.691
1085.8	494.616
1084.8	537.005
1083.8	504.462
1082.8	504.39
1081.8	504.317
1080.8	494.259
1079.8	496.683
1078.8	469.161
1077.79	484.064
1076.79	469.025
1075.79	498.891
1074.79	458.913
1073.78	473.809
1072.78	466.261
1071.78	496.109
1070.78	463.633
1069.77	446.12
1068.77	470.975
1067.77	493.331
1066.76	490.768
1065.76	515.606
1064.75	485.645
1063.75	480.595
1062.75	453.138
1061.74	450.583
1060.74	495.321
1059.73	522.625
1058.73	475.271
1057.72	455.298
1056.72	460.208
1055.71	472.577
1054.71	452.614
1053.7	452.549
1052.7	502.206
1051.69	435.017
1050.69	482.178
1049.68	472.167
1048.67	422.404
1047.67	444.703
1046.66	484.383
1045.65	496.731
1044.65	424.643
1043.64	456.86
1042.63	501.48
1041.63	486.514
1040.62	459.144
1039.61	464.04
1038.6	521.039
1037.6	481.271
1036.59	518.408
1035.58	538.173
1034.57	528.177
1033.56	550.414
1032.56	555.293
1031.55	540.341
1030.54	570.002
1029.53	569.919
1028.52	587.179
1027.51	579.663
1026.5	596.917
1025.49	646.36
1024.48	606.648
1023.47	586.754
1022.46	680.735
1021.45	645.985
1020.44	645.892
1019.43	648.273
1018.42	648.179
1017.41	756.924
1016.4	670.25
1015.39	699.828
1014.38	751.65
1013.37	665.015
1012.36	711.883
1011.34	701.894
1010.33	775.925
1009.32	738.752
1008.31	802.875
1007.3	827.458
1006.28	782.885
1005.27	879.074
1004.26	777.72
1003.25	866.476
1002.23	826.859
1001.22	868.693
1000.21	875.97
999.194	922.719
998.181	979.322
997.167	984.113
996.153	1030.83
995.139	1030.68
994.125	1055.18
993.111	1148.7
992.097	1239.72
991.082	1313.47
990.068	1369.95
989.053	1460.91
988.038	1569.08
987.023	1561.46
986.008	1608.02
984.992	1696.43
983.977	1713.42
982.961	1705.78
981.945	1735.07
980.929	1742.2
979.913	1655.83
978.897	1722.01
977.881	1707.01
976.864	1662.49
975.847	1782.74
974.831	1703.8
973.814	1730.6
972.796	1740.18
971.779	1725.18
970.762	1727.39
969.744	1687.83
968.726	1776.02
967.709	1716.81
966.691	1660.08
965.672	1691.76
964.654	1679.24
963.636	1762.45
962.617	1688.57
961.598	1703.05
960.579	1668.45
959.56	1749.16
958.541	1712.12
957.522	1645.65
956.502	1593.92
955.483	1613.3
954.463	1625.32
953.443	1568.71
952.423	1664.06
951.402	1624.61
950.382	1670.93
949.362	1697.63
948.341	1716.98
947.32	1670.2
946.299	1674.86
945.278	1745.61
944.257	1786.97
943.235	1688.81
942.214	1781.56
941.192	1673.64
940.17	1678.29
939.148	1631.57
938.126	1577.53
937.104	1433.02
936.081	1376.57
935.058	1266.36
934.036	1180.62
933.013	1107.13
931.99	1099.64
930.966	1055.5
929.943	938.087
928.92	813.38
927.896	827.915
926.872	781.399
925.848	671.417
924.824	681.084
923.8	656.577
922.775	651.601
921.751	663.707
920.726	636.773
919.701	609.847
918.676	612.198
917.651	626.741
916.626	621.773
915.6	619.244
914.575	619.154
913.549	616.627
912.523	616.538
911.497	611.575
910.471	618.794
909.445	579.731
908.418	586.953
907.392	616.089
906.365	584.348
905.338	545.312
904.311	559.837
903.284	515.949
902.256	547.507
901.229	554.727
900.201	581.405
899.173	564.295
898.145	598.26
897.117	590.878
896.089	568.911
895.06	563.966
894.032	573.606
893.003	571.093
891.974	571.01
890.945	609.798
889.916	527.119
888.887	529.471
887.857	560.964
886.827	587.591
885.798	558.373
884.768	560.719
883.738	597.042
882.707	560.556
881.677	558.048
880.647	553.115
879.616	572.439
878.585	555.379
877.554	550.448
876.523	562.491
875.492	543.016
874.46	598.684
873.429	528.317
872.397	557.317
871.365	535.431
870.333	581.379
869.301	593.405
868.268	590.897
867.236	547.226
866.203	566.514
865.171	542.225
864.138	580.871
863.105	585.627
862.071	546.828
861.038	527.394
860.004	563.601
858.971	594.96
857.937	515.073
856.903	546.43
855.869	541.515
854.835	565.607
853.8	589.693
852.765	560.61
851.731	579.857
850.696	577.356
849.661	538.626
848.626	562.698
847.59	504.664
846.555	523.905
845.519	574.522
844.483	579.265
843.447	559.875
842.411	523.6
841.375	562.124
840.339	533.096
839.302	545.077
838.265	559.467
837.229	602.786
836.192	590.644
835.154	592.969
834.117	595.292
833.08	544.601
832.042	609.575
831.004	551.669
829.966	587.719
828.928	587.633
827.89	604.403
826.852	558.57
825.813	584.969
824.775	527.117
823.736	563.139
822.697	628.025
821.658	567.787
820.618	613.409
819.579	594.078
818.539	584.372
817.5	613.14
816.46	615.455
815.42	596.135
814.38	562.4
813.339	576.737
812.299	593.471
811.258	581.373
810.217	590.896
809.176	540.375
808.135	542.697
807.094	554.623
806.053	535.337
805.011	592.865
803.969	542.381
802.927	587.893
801.885	554.218
800.843	534.947
799.801	534.869
798.759	606.735
797.716	573.077
796.673	577.789
795.63	558.527
794.587	584.81
793.544	520.022
792.501	529.53
791.457	541.431
790.413	543.748
789.369	522.113
788.326	526.826
787.281	517.172
786.237	481.187
785.193	545.744
784.148	540.878
783.103	524.049
782.058	540.72
781.013	543.033
779.968	540.562
778.923	507.002
777.877	497.363
776.832	499.681
775.786	549.808
774.74	523.436
773.694	492.293
772.647	547.178
771.601	484.982
770.554	475.356
769.508	515.889
768.461	511.038
767.414	499.024
766.366	520.437
765.319	496.492
764.272	536.992
763.224	524.982
762.176	520.133
761.128	484.273
760.08	524.752
759.032	493.671
757.983	498.368
756.935	476.838
755.886	502.99
754.837	481.465
753.788	498.077
752.739	488.473
751.69	493.166
750.64	474.037
749.591	459.678
748.541	466.755
747.491	492.878
746.441	438.05
745.39	495.114
744.34	409.361
743.289	459.274
742.239	466.345
741.188	452.003
740.137	478.102
739.086	530.354
738.034	447.049
736.983	473.137
735.931	473.068
734.879	511.028
733.827	439.658
732.775	425.336
731.723	487.046
730.671	448.967
729.618	448.901
728.565	491.581
727.512	472.514
726.459	500.934
725.406	477.123
724.353	465.186
723.299	469.864
722.246	438.95
721.192	464.982
720.138	474.402
719.084	479.076
718.03	486.12
716.975	450.484
715.921	459.9
714.866	424.279
713.811	447.916
712.756	511.829
711.701	492.8
710.645	457.195
709.59	440.548
708.534	490.216
707.478	499.615
706.422	468.765
705.366	492.367
704.31	470.994
703.254	468.559
702.197	451.927
701.14	466.056
700.083	503.834
699.026	468.284
697.969	472.945
696.912	539.078
695.854	536.635
694.797	510.556
693.739	508.118
692.681	474.962
691.623	583.574
690.564	555.14
689.506	529.078
688.447	521.915
687.389	531.284
686.33	545.371
685.271	531.128
684.211	552.292
683.152	535.692
682.092	540.333
681.033	537.894
679.973	568.48
678.913	504.718
677.853	525.867
676.792	580.019
675.732	551.645
674.671	582.206
673.611	586.834
672.55	577.323
671.489	548.965
670.427	534.75
669.366	574.713
668.304	591.114
667.243	550.998
666.181	605.067
665.119	515.526
664.057	543.694
662.994	553.028
661.932	552.947
660.869	536.397
659.806	541.023
658.743	566.815
657.68	540.864
656.617	580.756
655.554	550.109
654.49	554.729
653.426	564.049
652.362	474.671
651.298	613.223
650.234	566.15
649.17	537.881
648.105	549.544
647.04	502.501
645.976	554.078
644.911	471.836
643.846	560.957
642.78	530.367
641.715	558.446
640.649	548.98
639.583	534.825
638.517	530.055
637.451	558.118
636.385	492.385
635.319	529.822
634.252	520.368
633.185	550.759
632.119	550.678
631.052	513.11
629.984	515.377
628.917	505.932
627.85	597.193
626.782	529.2
625.714	554.876
624.646	559.476
623.578	599.183
622.51	575.693
621.441	573.268
620.373	547.449
619.304	615.205
618.235	568.338
617.166	535.516
616.097	509.717
615.027	542.372
613.958	551.642
612.888	532.864
611.818	504.744
610.748	516.352
609.678	455.538
608.608	546.565
607.537	497.441
606.467	474.017
605.396	499.63
604.325	478.547
603.254	560.167
602.183	520.412
601.111	508.669
600.04	503.928
598.968	485.193
597.896	499.116
596.824	473.39
595.752	466.326
594.679	470.92
593.607	533.786
592.534	456.798
591.461	496.345
590.388	475.303
589.315	496.199
588.242	458.858
587.168	486.737
586.095	477.352
585.021	479.61
583.947	472.555
582.873	465.503
581.799	488.707
580.724	483.981
579.65	488.563
578.575	465.229
577.5	448.88
576.425	499.974
575.35	441.773
574.274	457.981
573.199	506.727
572.123	467.143
571.047	483.34
569.971	504.18
568.895	506.429
567.819	517.968
566.742	506.279
565.666	503.883
564.589	522.382
563.512	515.341
562.435	512.944
561.358	487.341
560.28	489.59
559.202	538.238
558.125	563.674
557.047	558.953
555.969	542.638
554.891	549.514
553.812	544.796
552.734	570.213
551.655	563.176
550.576	583.949
549.497	590.814
548.418	623.159
547.339	606.853
546.259	650.766
545.179	646.039
544.1	738.552
543.02	701.405
541.939	738.334
540.859	738.225
539.779	812.159
538.698	791.218
537.617	883.628
536.536	945.944
535.455	968.929
534.374	1033.53
533.293	1176.71
532.211	1359.14
531.129	1467.56
530.047	1696.11
528.965	1952.32
527.883	2418.67
526.801	3138.96
525.718	4214.68
524.636	6259.9
523.553	10296.9
522.47	18670.3
521.387	32220.4
520.303	39847.3
519.22	33609.2
518.136	21162.4
517.052	12243.9
515.968	7375.71
514.884	4918.72
513.8	3679.85
512.716	2775.62
511.631	2328.04
510.546	1899.03
509.461	1622.23
508.376	1492.97
507.291	1278.51
506.205	1082.55
505.12	1061.66
504.034	1049.99
502.948	976.162
501.862	909.262
500.776	865.398
499.69	865.27
498.603	782.31
497.516	761.489
496.43	740.675
495.343	754.365
494.255	712.861
493.168	731.15
492.081	717.248
490.993	705.65
489.905	680.266
488.817	714.633
487.729	631.817
486.641	654.695
485.552	647.708
484.464	599.386
483.375	642.924
482.286	656.604
481.197	583.052
480.108	576.08
479.018	587.469
477.929	587.383
476.839	640.061
475.749	571.153
474.659	587.122
473.569	575.57
472.478	623.633
471.388	612.079
470.297	543.226
469.206	552.312
468.115	586.602
467.024	552.149
465.933	597.882
464.841	593.213
463.749	593.125
462.658	563.271
461.566	526.558
460.473	524.191
459.381	514.959
458.289	565.227
457.196	512.519
456.103	578.786
455.01	578.7
453.917	638.077
452.824	610.543
451.73	576.157
450.637	564.642
449.543	603.415
448.449	610.181
447.355	619.231
446.261	646.555
445.166	573.362
444.072	625.808
442.977	671.388
441.882	678.139
440.787	675.756
439.692	648.264
438.596	718.919
437.501	661.764
436.405	750.649
435.309	748.257
434.213	732.179
433.117	752.596
432.021	738.803
430.924	754.654
429.827	711.23
428.73	702.008
427.633	717.856
426.536	665.343
425.439	717.644
424.341	751.706
423.244	703.766
422.146	717.325
421.048	701.281
419.95	739.878
418.851	676.035
417.753	700.969
416.654	732.723
415.556	725.789
414.457	673.359
413.357	734.672
412.258	727.741
411.159	700.347
410.059	702.516
408.959	675.134
407.859	722.764
406.759	720.384
405.659	688.467
404.559	677.006
403.458	710.978
402.357	683.619
401.256	751.642
400.155	692.498
399.054	708.287
397.953	742.229
396.851	723.963
395.749	732.932
394.647	707.867
393.545	721.373
392.443	730.339
391.341	707.552
390.238	723.32
389.135	732.281
388.032	770.708
386.929	736.597
385.826	718.359
384.723	722.784
383.619	736.269
382.516	747.486
381.412	708.874
380.308	760.851
379.204	719.984
378.099	760.625
376.995	771.829
375.89	758.136
374.785	794.228
373.68	776.011
372.575	746.489
371.47	757.687
370.364	811.848
369.258	798.161
368.153	741.524
367.047	779.841
365.94	750.345
364.834	761.532
363.728	747.863
362.621	777.12
361.514	761.193
360.407	792.698
359.3	788.064
358.193	767.627
357.085	814.919
355.978	789.97
354.87	776.313
353.762	776.197
352.654	773.826
351.545	798.524
350.437	818.704
349.328	843.388
348.22	843.263
347.111	829.611
346.002	829.488
344.892	831.619
343.783	860.789
342.673	842.637
341.563	905.588
340.453	772.563
339.343	864.782
338.233	821.871
337.123	846.514
336.012	819.376
334.901	862.018
333.79	870.891
332.679	893.262
331.568	877.382
330.457	895.246
329.345	868.125
328.233	861.25
327.121	883.605
326.009	878.978
324.897	867.609
323.785	937.148
322.672	903.304
321.559	923.39
320.446	947.962
319.333	945.575
318.22	918.487
317.107	976.729
315.993	940.664
314.879	983.173
313.765	947.117
312.651	1018.79
311.537	946.836
310.423	1076.81
309.308	1072.16
308.193	1188.62
307.078	1069.6
305.963	1181.54
304.848	1212.75
303.733	1194.64
302.617	1281.86
301.501	1313.04
300.386	1252.36
299.269	1216.33
