3199.11	879.176
3198.4	882.721
3197.7	868.422
3196.99	995.891
3196.29	854.01
3195.58	871.609
3194.88	906.917
3194.17	917.42
3193.46	793.336
3192.76	807.392
3192.05	871.015
3191.35	874.436
3190.64	849.538
3189.93	906.05
3189.23	845.768
3188.52	859.805
3187.81	916.293
3187.11	898.481
3186.4	894.821
3185.69	891.163
3184.99	869.826
3184.28	915.667
3183.57	816.565
3182.86	841.194
3182.16	890.555
3181.45	830.364
3180.74	865.581
3180.03	914.917
3179.33	787.64
3178.62	826.379
3177.91	886.294
3177.2	857.929
3176.49	893.112
3175.79	892.99
3175.08	928.16
3174.37	959.791
3173.66	885.568
3172.95	832.532
3172.24	881.799
3171.53	789.984
3170.82	842.77
3170.12	870.861
3169.41	870.742
3168.7	877.672
3167.99	895.174
3167.28	919.719
3166.57	866.743
3165.86	859.579
3165.15	855.939
3164.44	915.694
3163.73	862.748
3163.02	873.193
3162.31	855.471
3161.6	939.834
3160.89	911.55
3160.18	925.501
3159.47	893.708
3158.76	879.514
3158.05	918.087
3157.34	875.756
3156.63	826.404
3155.91	857.936
3155.2	861.335
3154.49	878.793
3153.78	811.894
3153.07	836.382
3152.36	846.809
3151.65	878.313
3150.93	885.219
3150.22	860.512
3149.51	923.607
3148.8	874.322
3148.09	916.333
3147.37	905.676
3146.66	891.513
3145.95	859.806
3145.24	912.323
3144.52	831.504
3143.81	880.502
3143.1	841.799
3142.39	946.895
3141.67	838.063
3140.96	964.166
3140.25	921.968
3139.53	844.729
3138.82	942.743
3138.11	869.028
3137.39	889.931
3136.68	893.312
3135.97	868.671
3135.25	865.051
3134.54	903.452
3133.82	843.807
3133.11	945.214
3132.4	784.071
3131.68	906.458
3130.97	843.345
3130.25	888.716
3129.54	888.594
3128.82	884.975
3128.11	898.844
3127.39	909.212
3126.68	849.647
3125.96	860.019
3125.25	912.335
3124.53	880.754
3123.82	866.656
3123.1	894.49
3122.39	821.002
3121.67	890.753
3120.96	897.616
3120.24	855.587
3119.52	932.288
3118.81	900.739
3118.09	956.469
3117.38	914.454
3116.66	935.268
3115.94	872.333
3115.23	917.568
3114.51	837.21
3113.79	899.878
3113.08	861.393
3112.36	840.354
3111.64	871.617
3110.92	951.676
3110.21	913.205
3109.49	965.356
3108.77	954.771
3108.05	898.895
3107.34	881.354
3106.62	933.48
3105.9	908.974
3105.18	842.688
3104.47	866.945
3103.75	884.233
3103.03	835.381
3102.31	894.432
3101.59	901.269
3100.87	953.336
3100.16	894.065
3099.44	963.51
3098.72	914.688
3098	914.563
3097.28	938.777
3096.56	903.884
3095.84	879.428
3095.12	917.539
3094.4	868.762
3093.68	906.864
3092.96	833.784
3092.24	930.931
3091.52	972.482
3090.8	854.278
3090.08	965.272
3089.36	906.12
3088.64	912.939
3087.92	916.285
3087.2	825.932
3086.48	891.746
3085.76	908.97
3085.04	888.033
3084.32	860.164
3083.6	891.258
3082.88	911.941
3082.16	877.146
3081.44	883.959
3080.71	883.839
3079.99	897.58
3079.27	887.062
3078.55	883.476
3077.83	928.389
3077.11	973.29
3076.39	865.798
3075.66	834.515
3074.94	875.948
3074.22	900.06
3073.5	910.321
3072.77	903.275
3072.05	927.374
3071.33	871.889
3070.61	868.31
3069.88	882.027
3069.16	947.617
3068.44	892.16
3067.71	930.071
3066.99	936.858
3066.27	850.315
3065.55	922.777
3064.82	888.095
3064.1	884.518
3063.37	936.217
3062.65	891.184
3061.93	935.961
3061.2	942.74
3060.48	901.177
3059.75	977.005
3059.03	890.575
3058.31	897.356
3057.58	897.233
3056.86	869.507
3056.13	910.788
3055.41	907.214
3054.68	958.825
3053.96	896.62
3053.23	910.289
3052.51	851.556
3051.78	879.016
3051.06	875.449
3050.33	906.345
3049.61	875.21
3048.88	912.988
3048.15	954.2
3047.43	933.404
3046.7	957.383
3045.98	895.272
3045.25	929.578
3044.52	901.911
3043.8	932.766
3043.07	960.17
3042.35	956.597
3041.62	856.691
3040.89	925.375
3040.17	866.776
3039.44	907.926
3038.71	935.311
3037.98	917.992
3037.26	931.618
3036.53	883.369
3035.8	910.742
3035.07	859.073
3034.35	879.571
3033.62	800.437
3032.89	937.723
3032.16	941.029
3031.44	855.052
3030.71	923.604
3029.98	878.849
3029.25	837.538
3028.52	926.657
3027.79	888.783
3027.07	840.625
3026.34	837.08
3025.61	950.161
3024.88	860.859
3024.15	949.901
3023.42	912.055
3022.69	966.783
3021.96	894.666
3021.23	839.705
3020.5	894.421
3019.77	908.004
3019.04	904.454
3018.31	921.458
3017.58	1006.96
3016.85	982.847
3016.12	914.231
3015.39	907.259
3014.66	855.787
3013.93	903.588
3013.2	954.797
3012.47	944.401
3011.74	906.638
3011.01	903.093
3010.28	892.709
3009.55	861.808
3008.82	930.078
3008.09	875.247
3007.35	1011.87
3006.62	919.442
3005.89	932.986
3005.16	871.351
3004.43	922.481
3003.7	959.932
3002.96	949.554
3002.23	966.5
3001.5	908.317
3000.77	826.25
3000.04	901.241
2999.3	911.357
2998.57	870.278
2997.84	958.881
2997.11	914.395
2996.37	944.973
2995.64	958.487
2994.91	856.041
2994.17	978.685
2993.44	872.854
2992.71	927.28
2991.97	899.884
2991.24	896.353
2990.51	916.676
2989.77	909.736
2989.04	892.578
2988.3	926.519
2987.57	916.174
2986.84	926.265
2986.1	888.684
2985.37	943.034
2984.63	976.945
2983.9	942.776
2983.16	980.08
2982.43	973.141
2981.7	976.41
2980.96	959.268
2980.23	901.316
2979.49	938.6
2978.75	972.475
2978.02	945.143
2977.28	979.007
2976.55	941.485
2975.81	965.145
2975.08	968.411
2974.34	975.073
2973.61	947.764
2972.87	947.634
2972.13	961.088
2971.4	947.374
2970.66	923.478
2969.92	930.141
2969.19	997.898
2968.45	977.399
2967.71	987.445
2966.98	949.989
2966.24	1021.1
2965.5	959.904
2964.77	915.684
2964.03	946.077
2963.29	935.776
2962.55	976.328
2961.82	972.805
2961.08	965.894
2960.34	1013.2
2959.6	924.971
2958.87	1019.7
2958.13	1022.95
2957.39	972.006
2956.65	1036.21
2955.91	941.267
2955.17	964.836
2954.44	981.628
2953.7	954.418
2952.96	923.831
2952.22	1018.44
2951.48	977.707
2950.74	947.13
2950	963.911
2949.26	997.595
2948.52	983.934
2947.78	1037.89
2947.04	976.904
2946.3	1007.19
2945.56	990.153
2944.82	1050.84
2944.08	979.747
2943.34	986.368
2942.6	1016.63
2941.86	969.213
2941.12	996.093
2940.38	1046.6
2939.64	1039.7
2938.9	955.181
2938.16	965.174
2937.42	1002.16
2936.68	988.526
2935.94	934.417
2935.2	941.035
2934.46	1021.84
2933.71	1004.84
2932.97	1048.54
2932.23	991.085
2931.49	957.243
2930.75	940.262
2930.01	1027.74
2929.26	973.696
2928.52	970.193
2927.78	986.902
2927.04	986.767
2926.29	986.631
2925.55	999.964
2924.81	905.567
2924.07	925.638
2923.32	1023.11
2922.58	965.765
2921.84	962.268
2921.09	1015.96
2920.35	1015.82
2919.61	968.599
2918.86	955.015
2918.12	954.884
2917.38	991.733
2916.63	1028.57
2915.89	1011.63
2915.15	907.315
2914.4	987.829
2913.66	1081.76
2912.91	940.532
2912.17	963.913
2911.42	923.484
2910.68	933.43
2909.94	990.374
2909.19	946.601
2908.45	986.746
2907.7	986.611
2906.96	979.765
2906.21	962.856
2905.47	956.015
2904.72	1029.67
2903.97	912.158
2903.23	969.034
2902.48	985.665
2901.74	972.121
2900.99	1002.15
2900.25	911.532
2899.5	938.213
2898.75	931.384
2898.01	961.405
2897.26	981.369
2896.51	961.141
2895.77	987.797
2895.02	967.574
2894.27	947.356
2893.53	963.961
2892.78	993.949
2892.03	953.658
2891.29	940.145
2890.54	940.016
2889.79	903.094
2889.04	966.513
2888.3	1013.19
2887.55	1013.06
2886.8	946.057
2886.05	1002.75
2885.3	959.166
2884.56	949.009
2883.81	905.445
2883.06	938.727
2882.31	958.64
2881.56	955.168
2880.81	958.377
2880.06	904.824
2879.32	934.745
2878.57	957.982
2877.82	904.451
2877.07	944.371
2876.32	977.607
2875.57	904.079
2874.82	950.654
2874.07	1020.56
2873.32	967.067
2872.57	1050.29
2871.82	1016.81
2871.07	963.335
2870.32	866.55
2869.57	913.085
2868.82	992.927
2868.07	972.801
2867.32	952.682
2866.57	949.22
2865.82	952.42
2865.07	942.3
2864.32	918.866
2863.57	962.014
2862.81	978.524
2862.06	975.062
2861.31	951.636
2860.56	1028.03
2859.81	977.987
2859.06	908.006
2858.31	921.184
2857.55	970.934
2856.8	944.204
2856.05	907.508
2855.3	917.354
2854.55	970.401
2853.79	973.591
2853.04	1026.62
2852.29	903.563
2851.54	1006.4
2850.78	913.278
2850.03	953
2849.28	942.908
2848.52	972.656
2847.77	952.607
2847.02	925.927
2846.26	1018.71
2845.51	948.897
2844.76	948.767
2844	935.369
2843.25	902.076
2842.5	1024.64
2841.74	978.086
2840.99	971.321
2840.23	938.042
2839.48	931.285
2838.72	1017.31
2837.97	974.101
2837.21	924.275
2836.46	973.834
2835.71	927.334
2834.95	960.321
2834.2	953.567
2833.44	936.883
2832.68	1006.27
2831.93	946.555
2831.17	959.662
2830.42	883.429
2829.66	959.398
2828.91	916.265
2828.15	952.52
2827.4	978.844
2826.64	982.016
2825.88	981.882
2825.13	948.691
2824.37	1021.27
2823.61	978.173
2822.86	944.996
2822.1	967.993
2821.34	977.77
2820.59	957.818
2819.83	987.408
2819.07	917.932
2818.32	1020.15
2817.56	937.486
2816.8	927.456
2816.04	990.03
2815.29	1019.59
2814.53	969.963
2813.77	959.934
2813.01	920.222
2812.25	1005.84
2811.5	999.107
2810.74	820.935
2809.98	988.943
2809.22	965.735
2808.46	978.785
2807.7	972.06
2806.94	991.694
2806.19	952.028
2805.43	942.015
2804.67	964.939
2803.91	951.635
2803.15	981.136
2802.39	918.454
2801.63	957.826
2800.87	970.859
2800.11	924.657
2799.35	917.95
2798.59	993.486
2797.83	983.482
2797.07	950.459
2796.31	1002.94
2795.55	973.213
2794.79	953.355
2794.03	969.659
2793.27	989.245
2792.51	933.245
2791.75	926.546
2790.99	992.122
2790.22	926.291
2789.46	939.301
2788.7	926.037
2787.94	919.343
2787.18	1001.29
2786.42	971.61
2785.66	981.322
2784.89	958.216
2784.13	954.803
2783.37	1000.6
2782.61	1000.46
2781.84	1095.44
2781.08	964.117
2780.32	1088.58
2779.56	967.13
2778.79	950.607
2778.03	983.252
2777.27	1051.93
2776.51	963.322
2775.74	999.227
2774.98	989.263
2774.22	1034.98
2773.45	995.54
2772.69	1024.87
2771.93	1044.38
2771.16	1004.95
2770.4	1017.9
2769.63	991.584
2768.87	1066.71
2768.11	958.594
2767.34	1082.77
2766.58	1076.08
2765.81	945.118
2765.05	994.036
2764.28	1036.4
2763.52	1059.14
2762.75	1000.16
2761.99	1000.03
2761.22	1006.42
2760.46	1019.35
2759.69	1042.08
2758.93	1090.93
2758.16	983.009
2757.4	1051.45
2756.63	1106.81
2755.87	1002.19
2755.1	1067.33
2754.33	1083.5
2753.57	1063.78
2752.8	1083.21
2752.04	1060.22
2751.27	1167.71
2750.5	1050.15
2749.74	1105.44
2748.97	1124.85
2748.2	1062.75
2747.43	1091.94
2746.67	1156.97
2745.9	1088.38
2745.13	1208.79
2744.37	1127.18
2743.6	1140.05
2742.83	1182.23
2742.06	1113.69
2741.3	1175.4
2740.53	1217.56
2739.76	1171.82
2738.99	1165.15
2738.22	1178
2737.45	1164.83
2736.69	1109.36
2735.92	1200.29
2735.15	1164.35
2734.38	1264.99
2733.61	1274.58
2732.84	1147.61
2732.07	1300.23
2731.3	1238.3
2730.53	1290.12
2729.77	1299.69
2729	1263.78
2728.23	1175.9
2727.46	1344.63
2726.69	1357.43
2725.92	1295.55
2725.15	1279.14
2724.38	1350.38
2723.61	1295.02
2722.84	1314.31
2722.07	1330.35
2721.29	1278.26
2720.52	1313.77
2719.75	1410.89
2718.98	1300.43
2718.21	1365.11
2717.44	1293.59
2716.67	1403.63
2715.9	1309.44
2715.13	1387.04
2714.35	1335
2713.58	1389.9
2712.81	1370.27
2712.04	1402.47
2711.27	1460.57
2710.5	1434.47
2709.72	1411.6
2708.95	1333.72
2708.18	1327.06
2707.41	1430.44
2706.63	1375.23
2705.86	1345.93
2705.09	1365.15
2704.32	1390.84
2703.54	1368.01
2702.77	1403.39
2702	1377.33
2701.22	1503.22
2700.45	1360.79
2699.68	1428.47
2698.9	1402.42
2698.13	1431.31
2697.35	1495.72
2696.58	1430.92
2695.81	1443.64
2695.03	1362.71
2694.26	1362.52
2693.48	1410.76
2692.71	1484.8
2691.93	1397.46
2691.16	1384.36
2690.38	1451.93
2689.61	1403.33
2688.83	1422.49
2688.06	1441.65
2687.28	1380.18
2686.51	1318.73
2685.73	1357.23
2684.96	1328.04
2684.18	1479.33
2683.41	1434.01
2682.63	1317.82
2681.85	1301.53
2681.08	1340.01
2680.3	1281.85
2679.53	1342.86
2678.75	1300.82
2677.97	1284.54
2677.2	1258.61
2676.42	1284.19
2675.64	1312.97
2674.87	1303.14
2674.09	1254.7
2673.31	1280.26
2672.53	1283.3
2671.76	1228.46
2670.98	1299.03
2670.2	1327.78
2669.42	1269.74
2668.65	1301.7
2667.87	1169.76
2667.09	1272.43
2666.31	1211.21
2665.53	1194.98
2664.75	1259.05
2663.98	1185.02
2663.2	1226.59
2662.42	1200.74
2661.64	1223.05
2660.86	1226.09
2660.08	1241.97
2659.3	1261.05
2658.52	1148.58
2657.74	1190.13
2656.97	1199.58
2656.19	1234.7
2655.41	1183.22
2654.63	1141.38
2653.85	1179.69
2653.07	1144.27
2652.29	1102.45
2651.51	1227.27
2650.73	1105.35
2649.95	1185.28
2649.17	1127.47
2648.38	1165.74
2647.6	1053.51
2646.82	1149.41
2646.04	1018
2645.26	1101.08
2644.48	1075.33
2643.7	1161.58
2642.92	1126.22
2642.14	1052.49
2641.35	1161.1
2640.57	1033.01
2639.79	1189.56
2639.01	1090.28
2638.23	1064.55
2637.44	1067.6
2636.66	1089.83
2635.88	1118.43
2635.1	1076.74
2634.31	1086.18
2633.53	1073.25
2632.75	1069.91
2631.97	1041.02
2631.18	1044.07
2630.4	1104.59
2629.62	1091.67
2628.83	1043.64
2628.05	1040.31
2627.27	1062.5
2626.48	1158.06
2625.7	1110.05
2624.92	1030.17
2624.13	1077.86
2623.35	1090.46
2622.56	1096.69
2621.78	1055.1
2620.99	1032.64
2620.21	1080.3
2619.43	1035.54
2618.64	1076.82
2617.86	974.735
2617.07	1044.67
2616.29	1015.87
2615.5	1088.96
2614.72	1028.32
2613.93	1031.36
2613.14	1069.41
2612.36	1037.44
2611.57	1030.93
2610.79	1008.52
2610	947.943
2609.22	1040.05
2608.43	1011.28
2607.64	1017.5
2606.86	1090.49
2606.07	1026.76
2605.28	1039.33
2604.5	1032.83
2603.71	1058.11
2602.92	1003.95
2602.14	1006.99
2601.35	1006.85
2600.56	987.66
2599.78	958.946
2598.99	987.387
2598.2	1003.12
2597.41	1006.16
2596.62	1053.62
2595.84	1040.79
2595.05	958.152
2594.26	932.642
2593.47	964.231
2592.68	983.127
2591.9	1074.95
2591.11	967.003
2590.32	941.509
2589.53	1011.11
2588.74	1036.32
2587.95	1001.33
2587.16	1029.7
2586.37	966.202
2585.58	940.729
2584.8	950.101
2584.01	1006.97
2583.22	937.174
2582.43	990.861
2581.64	1006.55
2580.85	1060.21
2580.06	952.478
2579.27	996.642
2578.48	983.85
2577.69	1018.51
2576.9	1043.67
2576.1	973.956
2575.31	967.498
2574.52	1021.11
2573.73	992.518
2572.94	1017.66
2572.15	957.484
2571.36	988.948
2570.57	960.379
2569.78	982.357
2568.98	963.272
2568.19	925.245
2567.4	956.691
2566.61	988.129
2565.82	928.018
2565.03	991.012
2564.23	968.786
2563.44	1025.45
2562.65	1000.07
2561.86	1025.16
2561.06	984.02
2560.27	983.884
2559.48	930.147
2558.68	930.018
2557.89	983.477
2557.1	992.796
2556.3	869.758
2555.51	951.561
2554.72	923.075
2553.92	985.948
2553.13	1004.71
2552.34	969.93
2551.54	969.796
2550.75	966.513
2549.95	1023.04
2549.16	969.394
2548.37	975.554
2547.57	953.393
2546.78	1019.33
2545.98	978.295
2545.19	997.031
2544.39	1009.47
2543.6	1031.34
2542.8	1021.77
2542.01	999.624
2541.21	924.053
2540.42	996.205
2539.62	945.793
2538.82	995.93
2538.03	976.944
2537.23	1027.06
2536.44	957.832
2535.64	1020.5
2534.84	992.102
2534.05	954.296
2533.25	985.551
2532.45	1045.04
2531.66	950.762
2530.86	1066.71
2530.06	1028.92
2529.27	981.733
2528.47	972.189
2527.67	1009.68
2526.87	1012.68
2526.08	990.595
2525.28	962.249
2524.48	974.652
2523.68	918.114
2522.89	911.721
2522.09	974.248
2521.29	939.659
2520.49	933.265
2519.69	1027.08
2518.89	1001.89
2518.1	1020.53
2517.3	1032.91
2516.5	985.824
2515.7	1004.46
2514.9	1013.71
2514.1	969.773
2513.3	975.895
2512.5	1025.8
2511.7	928.72
2510.9	947.351
2510.1	1009.74
2509.3	918.958
2508.5	1009.46
2507.7	1003.07
2506.9	993.562
2506.1	1009.04
2505.3	996.411
2504.5	1011.89
2503.7	1039.85
2502.9	983.509
2502.1	1005.23
2501.3	995.722
2500.5	1008.07
2499.7	970.483
2498.9	957.868
2498.09	920.3
2497.29	1010.63
2496.49	1075.99
2495.69	994.759
2494.89	975.914
2494.09	1038.13
2493.28	1028.63
2492.48	922.526
2491.68	950.444
2490.88	1003.28
2490.08	925.258
2489.27	946.935
2488.47	984.177
2487.67	1008.95
2486.86	974.564
2486.06	986.882
2485.26	952.505
2484.45	1042.63
2483.65	983.361
2482.85	1001.89
2482.04	1004.87
2481.24	1054.5
2480.44	973.486
2479.63	1029.33
2478.83	1041.62
2478.02	963.755
2477.22	879.694
2476.42	1022.54
2475.61	997.539
2474.81	1040.9
2474	1031.44
2473.2	1015.76
2472.39	1077.74
2471.59	959.583
2470.78	978.081
2469.98	950.004
2469.17	990.227
2468.37	946.637
2467.56	980.643
2466.75	1039.46
2465.95	1023.81
2465.14	1011.26
2464.34	1042.13
2463.53	1057.49
2462.72	995.332
2461.92	1029.3
2461.11	1057.05
2460.31	979.422
2459.5	1025.77
2458.69	985.348
2457.88	1037.88
2457.08	1068.71
2456.27	1043.79
2455.46	925.962
2454.66	984.666
2453.85	1009.3
2453.04	937.959
2452.23	999.732
2451.43	1005.78
2450.62	1052.06
2449.81	925.065
2449	949.684
2448.19	1005.23
2447.38	992.717
2446.58	1091.53
2445.77	1085.19
2444.96	967.574
2444.15	985.985
2443.34	970.397
2442.53	1035.15
2441.72	1004.11
2440.91	1000.89
2440.1	1025.46
2439.29	991.343
2438.48	1012.82
2437.68	963.281
2436.87	978.583
2436.06	1012.4
2435.25	993.743
2434.44	1027.55
2433.62	1058.26
2432.81	993.33
2432	962.348
2431.19	1008.47
2430.38	1026.84
2429.57	946.532
2428.76	961.814
2427.95	1004.83
2427.14	998.531
2426.33	1010.72
2425.52	992.092
2424.7	945.745
2423.89	1010.3
2423.08	1062.51
2422.27	973.066
2421.46	1006.8
2420.64	1043.6
2419.83	997.286
2419.02	1077.17
2418.21	969.315
2417.4	898.415
2416.58	969.046
2415.77	956.608
2414.96	1002.61
2414.14	968.643
2413.33	980.808
2412.52	1011.41
2411.7	1026.64
2410.89	912.786
2410.08	986.41
2409.26	958.621
2408.45	1056.79
2407.64	952.212
2406.82	949.008
2406.01	936.594
2405.19	1037.79
2404.38	893.355
2403.56	1003.73
2402.75	945.282
2401.94	991.181
2401.12	954.224
2400.31	987.838
2399.49	1006.11
2398.68	996.765
2397.86	910.764
2397.05	959.695
2396.23	1005.55
2395.41	1017.67
2394.6	962.361
2393.78	1008.19
2392.97	955.966
2392.15	971.151
2391.33	943.448
2390.52	980.07
2389.7	1028.93
2388.89	943.056
2388.07	1007.22
2387.25	955.038
2386.44	924.3
2385.62	951.713
2384.8	930.163
2383.98	966.746
2383.17	1012.5
2382.35	1030.71
2381.53	966.344
2380.71	996.786
2379.9	981.362
2379.08	947.601
2378.26	996.371
2377.44	913.723
2376.62	1011.37
2375.81	1044.84
2374.99	931.67
2374.17	1007.9
2373.35	986.38
2372.53	1032.04
2371.71	918.942
2370.89	1040.92
2370.07	903.426
2369.26	1007.06
2368.44	979.457
2367.62	954.914
2366.8	976.135
2365.98	975.999
2365.16	1021.61
2364.34	975.728
2363.52	923.765
2362.7	978.506
2361.88	926.556
2361.06	987.377
2360.24	981.146
2359.42	965.776
2358.6	983.92
2357.77	950.28
2356.95	983.646
2356.13	989.6
2355.31	919.439
2354.49	934.532
2353.67	970.926
2352.85	922.099
2352.03	964.571
2351.2	955.31
2350.38	952.135
2349.56	1025
2348.74	921.459
2347.92	963.901
2347.09	1009.37
2346.27	918.036
2345.45	942.224
2344.63	1051.5
2343.8	954.116
2342.98	1002.59
2342.16	975.116
2341.33	981.055
2340.51	1017.36
2339.69	962.564
2338.86	995.827
2338.04	941.047
2337.22	1047.15
2336.39	992.377
2335.57	974.033
2334.75	1031.54
2333.92	1019.27
2333.1	1016.09
2332.27	1143.32
2331.45	1094.65
2330.62	1088.43
2329.8	1121.63
2328.97	1033.57
2328.15	1081.92
2327.32	1115.1
2326.5	990.724
2325.67	981.499
2324.85	908.669
2324.02	999.397
2323.2	1002.29
2322.37	1011.23
2321.55	926.327
2320.72	929.225
2319.89	968.439
2319.07	977.382
2318.24	1001.45
2317.41	955.935
2316.59	986.049
2315.76	982.888
2314.93	973.68
2314.11	1015.87
2313.28	1030.85
2312.45	1006.52
2311.63	1003.36
2310.8	951.851
2309.97	1078.61
2309.14	987.837
2308.32	1023.95
2307.49	987.563
2306.66	993.465
2305.83	990.308
2305	999.226
2304.18	983.996
2303.35	992.913
2302.52	1007.86
2301.69	965.482
2300.86	959.315
2300.03	1046.65
2299.2	977.143
2298.38	992.085
2297.55	979.887
2296.72	1015.93
2295.89	946.458
2295.06	997.561
2294.23	1021.53
2293.4	940.038
2292.57	1027.27
2291.74	981.946
2290.91	987.832
2290.08	1002.75
2289.25	984.547
2288.42	1032.58
2287.59	981.263
2286.76	1014.23
2285.93	993.027
2285.09	950.766
2284.26	893.476
2283.43	980.581
2282.6	1022.55
2281.77	1004.36
2280.94	971.152
2280.11	1040.16
2279.28	970.882
2278.44	1018.83
2277.61	1006.67
2276.78	961.463
2275.95	964.333
2275.11	1006.25
2274.28	958.059
2273.45	996.963
2272.62	960.794
2271.78	1029.71
2270.95	996.547
2270.12	981.402
2269.29	981.266
2268.45	912.12
2267.62	1001.99
2266.79	971.857
2265.95	923.736
2265.12	902.616
2264.28	923.479
2263.45	959.325
2262.62	974.179
2261.78	1010.01
2260.95	991.888
2260.11	979.765
2259.28	946.675
2258.44	985.483
2257.61	1009.31
2256.77	964.247
2255.94	967.107
2255.1	1020.86
2254.27	966.837
2253.43	999.625
2252.6	987.516
2251.76	1026.27
2250.93	963.308
2250.09	993.086
2249.26	1013.88
2248.42	944.963
2247.58	1046.49
2246.75	968.616
2245.91	998.373
2245.07	947.426
2244.24	1001.08
2243.4	1045.76
2242.56	985.867
2241.73	1012.61
2240.89	1075.19
2240.05	1012.33
2239.22	1027.12
2238.38	940.4
2237.54	1017.88
2236.7	990.876
2235.87	942.991
2235.03	957.779
2234.19	1011.35
2233.35	972.427
2232.51	1008.08
2231.68	969.174
2230.84	930.277
2230	1013.62
2229.16	1049.25
2228.32	1031.22
2227.48	929.759
2226.64	965.384
2225.8	944.396
2224.96	1051.5
2224.12	979.873
2223.29	1095.88
2222.45	931.96
2221.61	994.349
2220.77	991.234
2219.93	982.167
2219.09	1032.62
2218.25	961.065
2217.41	1005.56
2216.57	954.848
2215.72	921.999
2214.88	1005.14
2214.04	1010.94
2213.2	972.154
2212.36	942.293
2211.52	1040.24
2210.68	1069.81
2209.84	1007.27
2209	1021.98
2208.15	995.105
2207.31	1015.76
2206.47	1036.4
2205.63	1012.5
2204.79	1024.24
2203.94	964.728
2203.1	985.369
2202.26	976.329
2201.42	961.357
2200.57	999.791
2199.73	955.157
2198.89	969.853
2198.05	960.821
2197.2	990.338
2196.36	1040.6
2195.52	987.098
2194.67	972.141
2193.83	989.786
2192.98	1022.24
2192.14	1063.58
2191.3	965.675
2190.45	995.158
2189.61	1054.25
2188.76	994.88
2187.92	932.57
2187.08	1044.92
2186.23	967.827
2185.39	1012.08
2184.54	988.269
2183.7	931.92
2182.85	1032.36
2182.01	1002.64
2181.16	1014.33
2180.31	1014.19
2179.47	984.486
2178.62	1073.03
2177.78	998.989
2176.93	972.253
2176.09	1048.94
2175.24	992.663
2174.39	954.123
2173.55	1039.64
2172.7	974.528
2171.85	1012.78
2171.01	1006.73
2170.16	1000.69
2169.31	997.597
2168.47	997.457
2167.62	953.059
2166.77	1035.53
2165.92	949.843
2165.08	996.901
2164.23	996.762
2163.38	987.777
2162.53	1005.33
2161.68	987.501
2160.84	978.521
2159.99	1007.85
2159.14	984.141
2158.29	969.273
2157.44	1031
2156.59	954.276
2155.74	998.317
2154.89	1021.73
2154.05	1056.92
2153.2	1047.94
2152.35	1018.36
2151.5	1021.16
2150.65	985.711
2149.8	956.153
2148.95	979.553
2148.1	997.063
2147.25	1014.57
2146.4	979.143
2145.55	981.946
2144.7	1020.02
2143.85	1034.58
2143	1113.78
2142.14	1143
2141.29	975.385
2140.44	989.936
2139.59	986.861
2138.74	1019.03
2137.89	954.286
2137.04	1051.04
2136.19	1065.57
2135.33	1003.78
2134.48	1071.14
2133.63	1026.98
2132.78	982.825
2131.93	1014.96
2131.07	979.617
2130.22	1058.66
2129.37	1011.6
2128.52	1052.5
2127.66	1087.53
2126.81	1040.48
2125.96	1052.06
2125.1	1037.26
2124.25	1083.99
2123.4	1028.18
2122.54	1030.97
2121.69	1027.9
2120.84	1136.09
2119.98	989.551
2119.13	998.194
2118.27	1080.01
2117.42	954.019
2116.56	1056.3
2115.71	1062
2114.86	1032.6
2114	1085.1
2113.15	970.899
2112.29	1026.32
2111.44	1023.25
2110.58	1031.88
2109.73	1069.73
2108.87	1063.74
2108.01	1069.43
2107.16	1031.3
2106.3	993.183
2105.45	990.123
2104.59	1057.15
2103.73	995.686
2102.88	1065.62
2102.02	1015.84
2101.17	1024.46
2100.31	1047.66
2099.45	1009.58
2098.59	1056.12
2097.74	1076.39
2096.88	1035.41
2096.02	1076.09
2095.17	1038.03
2094.31	1005.82
2093.45	1011.51
2092.59	1017.2
2091.74	990.825
2090.88	1089.76
2090.02	1022.6
2089.16	1045.76
2088.3	1022.31
2087.44	1045.46
2086.59	1039.49
2085.73	1115.04
2084.87	1039.2
2084.01	1036.15
2083.15	1085.47
2082.29	1085.32
2081.43	957.162
2080.57	980.299
2079.71	1047.06
2078.85	1044
2077.99	1014.78
2077.13	1026.27
2076.27	985.427
2075.41	1014.35
2074.55	1075.24
2073.69	973.391
2072.83	1016.83
2071.97	1092.22
2071.11	972.983
2070.25	987.367
2069.39	1056.92
2068.53	1085.8
2067.67	1042.11
2066.8	1076.79
2065.94	1062.13
2065.08	1006.85
2064.22	989.301
2063.36	1061.68
2062.5	1058.63
2061.63	1038.19
2060.77	1040.94
2059.91	1139.36
2059.05	1098.62
2058.18	1020.21
2057.32	1072.23
2056.46	1101.06
2055.6	1048.76
2054.73	1060.2
2053.87	1057.15
2053.01	1054.11
2052.14	1088.71
2051.28	1105.92
2050.42	1050.77
2049.55	1027.47
2048.69	1172.02
2047.82	1056.12
2046.96	969.177
2046.1	1024
2045.23	1035.43
2044.37	1046.85
2043.5	977.309
2042.64	1034.99
2041.77	1000.16
2040.91	1052.04
2040.04	1031.67
2039.18	1109.54
2038.31	1080.49
2037.45	1063.01
2036.58	1106.18
2035.72	1080.04
2034.85	1128.97
2033.98	1094.17
2033.12	1056.49
2032.25	1076.55
2031.38	1061.97
2030.52	1041.62
2029.65	1064.56
2028.79	1041.33
2027.92	1058.49
2027.05	1017.97
2026.18	1035.13
2025.32	1086.87
2024.45	1066.54
2023.58	1049.1
2022.72	1051.84
2021.85	1025.76
2020.98	1019.85
2020.11	1054.27
2019.24	1048.37
2018.38	1053.98
2017.51	1088.38
2016.64	1096.87
2015.77	1065.05
2014.9	1079.29
2014.03	1090.65
2013.16	1090.5
2012.3	1075.96
2011.43	1049.92
2010.56	1029.64
2009.69	1069.76
2008.82	1060.98
2007.95	1037.83
2007.08	1040.56
2006.21	1017.42
2005.34	1071.88
2004.47	979.786
2003.6	1008.38
2002.73	1039.83
2001.86	999.479
2000.99	1042.41
2000.12	1045.14
1999.25	1027.77
1998.37	1113.74
1997.5	1030.35
1996.63	1041.68
1995.76	1044.41
1994.89	1024.18
1994.02	995.35
1993.15	1064.04
1992.27	1081.1
1991.4	1072.35
1990.53	1120.93
1989.66	1057.71
1988.79	1057.57
1987.91	1094.67
1987.04	1074.46
1986.17	1074.31
1985.3	1105.67
1984.42	1016.73
1983.55	1022.31
1982.68	1096.61
1981.8	1119.36
1980.93	1076.27
1980.06	1087.56
1979.18	1021.6
1978.31	1001.42
1977.44	1089.97
1976.56	1061.21
1975.69	1029.6
1974.81	1055.19
1973.94	1037.89
1973.06	1014.87
1972.19	1051.89
1971.31	1063.18
1970.44	988.729
1969.57	1011.45
1968.69	1068.44
1967.81	1025.45
1966.94	1071
1966.06	1107.97
1965.19	1093.54
1964.31	1039.14
1963.44	1019.02
1962.56	1055.98
1961.68	1052.98
1960.81	1038.56
1959.93	1061.24
1959.06	1106.73
1958.18	1072.35
1957.3	1049.38
1956.43	1109.11
1955.55	1074.75
1954.67	1043.24
1953.79	1017.45
1952.92	1023
1952.04	1079.84
1951.16	1014.17
1950.28	1085.24
1949.41	1076.54
1948.53	1050.76
1947.65	1101.86
1946.77	1033.38
1945.89	1078.78
1945.02	1109.94
1944.14	1055.71
1943.26	1041.34
1942.38	1069.64
1941.5	1095.09
1940.62	1097.78
1939.74	1077.72
1938.86	1054.82
1937.98	1120.06
1937.1	1085.79
1936.22	1014.59
1935.34	1122.43
1934.46	1091.02
1933.58	1085.18
1932.7	1062.31
1931.82	1093.4
1930.94	1008.06
1930.06	1059.02
1929.18	1019.13
1928.3	1087.11
1927.42	1055.74
1926.54	1157.74
1925.66	1007.21
1924.78	1103.52
1923.9	1001.25
1923.01	1086.19
1922.13	1071.86
1921.25	1074.55
1920.37	1000.69
1919.49	1091.25
1918.61	1042.92
1917.72	1076.78
1916.84	1104.96
1915.96	1090.64
1915.08	1135.8
1914.19	1056.35
1913.31	1036.38
1912.43	1073.04
1911.54	1019.1
1910.66	1084.06
1909.78	1095.22
1908.89	1097.9
1908.01	1094.92
1907.13	1131.54
1906.24	1088.95
1905.36	1100.11
1904.47	1051.89
1903.59	1122.42
1902.71	1037.46
1901.82	1042.96
1900.94	1138.9
1900.05	1056.8
1899.17	1076.43
1898.28	1033.9
1897.4	1124.14
1896.51	1169.17
1895.63	1053.23
1894.74	1084.14
1893.85	1095.28
1892.97	1106.41
1892.08	1120.37
1891.2	1012.99
1890.31	1043.88
1889.42	1125.54
1888.54	1088.71
1887.65	1113.94
1886.77	1147.62
1885.88	1031.87
1884.99	1068.37
1884.1	1147.14
1883.22	1076.52
1882.33	1113
1881.44	1033.96
1880.56	1078.89
1879.67	1120.98
1878.78	1022.26
1877.89	1089.69
1877	1072.65
1876.12	1075.31
1875.23	1120.19
1874.34	1075.01
1873.45	1119.88
1872.56	1060.64
1871.67	1133.63
1870.79	1113.78
1869.9	1124.87
1869.01	1076.91
1868.12	1054.27
1867.23	1079.42
1866.34	1045.54
1865.45	1101.6
1864.56	1064.92
1863.67	1112.53
1862.78	1078.66
1861.89	1086.94
1861	1078.36
1860.11	1075.4
1859.22	1103.32
1858.33	1139.66
1857.44	1117.04
1856.55	1116.89
1855.66	1066.22
1854.76	1066.07
1853.87	1141.66
1852.98	1068.58
1852.09	1076.84
1851.2	1073.88
1850.31	1065.32
1849.41	1042.75
1848.52	1090.25
1847.63	1042.45
1846.74	1103.95
1845.85	1106.6
1844.95	1126.05
1844.06	1072.68
1843.17	1052.92
1842.28	1058.37
1841.38	1086.22
1840.49	1186.84
1839.6	1099.91
1838.7	1071.77
1837.81	1116.39
1836.92	1060.28
1836.02	1090.9
1835.13	1127.1
1834.23	1062.62
1833.34	1090.43
1832.45	1079.1
1831.55	1098.51
1830.66	1157.05
1829.76	1106.59
1828.87	1075.7
1827.97	1095.1
1827.08	1108.91
1826.18	1050.11
1825.29	1122.56
1824.39	1072.15
1823.5	1091.54
1822.6	1096.97
1821.7	1091.23
1820.81	1040.85
1819.91	1104.87
1819.02	1107.51
1818.12	1087.83
1817.22	1104.41
1816.33	1132.13
1815.43	1081.79
1814.53	1098.36
1813.64	1000.65
1812.74	1089.69
1811.84	1089.54
1810.94	1164.61
1810.05	1119.87
1809.15	1114.15
1808.25	1086.14
1807.35	1113.83
1806.46	1161.01
1805.56	1160.84
1804.66	1102.23
1803.76	979.619
1802.86	1088
1801.97	1062.81
1801.07	1115.51
1800.17	1043.04
1799.27	1112.42
1798.37	1056.65
1797.47	1081.52
1796.57	1120.29
1795.67	1109.01
1794.77	1108.86
1793.87	1111.48
1792.97	1116.88
1792.07	1163.94
1791.17	1119.34
1790.27	1163.62
1789.37	1088.48
1788.47	1166.06
1787.57	1124.26
1786.67	1107.45
1785.77	1082.31
1784.87	1076.61
1783.97	1065.36
1783.07	1129.01
1782.16	1114.99
1781.26	1150.88
1780.36	1178.45
1779.46	1131.15
1778.56	1133.76
1777.66	1108.66
1776.75	1055.85
1775.85	1130.51
1774.95	1135.89
1774.05	1177.28
1773.14	1080.18
1772.24	1199.11
1771.34	1182.32
1770.44	1107.41
1769.53	1082.34
1768.63	1165.22
1767.73	1153.98
1766.82	1164.89
1765.92	1067.89
1765.01	1131.36
1764.11	1081.42
1763.21	1119.98
1762.3	1158.53
1761.4	1122.43
1760.49	1127.8
1759.59	1171.86
1758.68	1160.64
1757.78	1149.43
1756.87	1149.26
1755.97	1198.82
1755.06	1113.04
1754.16	1093.55
1753.25	1137.57
1752.35	1101.52
1751.44	1140.01
1750.54	1161.93
1749.63	1161.76
1748.72	1134.01
1747.82	1172.47
1746.91	1144.72
1746.01	1105.95
1745.1	1188.52
1744.19	1160.78
1743.29	1177.16
1742.38	1176.99
1741.47	1110.68
1740.56	1149.1
1739.66	1148.94
1738.75	1107.45
1737.84	1189.93
1736.93	1209.04
1736.03	1167.57
1735.12	1134.36
1734.21	1222.29
1733.3	1230.38
1732.39	1120.12
1731.48	1180.5
1730.58	1119.8
1729.67	1125.15
1728.76	1105.73
1727.85	1135.83
1726.94	1094.42
1726.03	1215.24
1725.12	1129.85
1724.21	1179.16
1723.3	1162.51
1722.39	1209.06
1721.48	1197.9
1720.57	1112.57
1719.66	1219.53
1718.75	1156.19
1717.84	1191.73
1716.93	1136.65
1716.02	1158.45
1715.11	1177.5
1714.2	1155.38
1713.29	1136.01
1712.38	1190.72
1711.47	1196.03
1710.55	1132.78
1709.64	1187.47
1708.73	1187.3
1707.82	1214.55
1706.91	1236.31
1705.99	1159.39
1705.08	1156.48
1704.17	1191.94
1703.26	1227.39
1702.34	1183.39
1701.43	1207.87
1700.52	1224.13
1699.61	1136.34
1698.69	1092.37
1697.78	1190.76
1696.87	1220.7
1695.95	1127.48
1695.04	1214.88
1694.13	1261.22
1693.21	1203.6
1692.3	1176.08
1691.38	1233.34
1690.47	1244.1
1689.55	1200.18
1688.64	1156.27
1687.72	1210.77
1686.81	1136.82
1685.9	1199.5
1684.98	1256.7
1684.06	1190.97
1683.15	1185.34
1682.23	1267.09
1681.32	1234.15
1680.4	1296.76
1679.49	1293.85
1678.57	1225.44
1677.65	1233.45
1676.74	1233.27
1675.82	1186.72
1674.91	1328.39
1673.99	1249.11
1673.07	1188.94
1672.16	1207.86
1671.24	1202.24
1670.32	1193.89
1669.4	1199.17
1668.49	1310.73
1667.57	1294.2
1666.65	1223.18
1665.73	1223.01
1664.82	1233.73
1663.9	1266.23
1662.98	1301.45
1662.06	1323.04
1661.14	1276.58
1660.22	1227.41
1659.3	1273.5
1658.39	1319.57
1657.47	1286.74
1656.55	1251.2
1655.63	1346.21
1654.71	1256.28
1653.79	1299.6
1652.87	1277.67
1651.95	1334.57
1651.03	1258.29
1650.11	1304.3
1649.19	1306.83
1648.27	1293.07
1647.35	1311.9
1646.43	1360.59
1645.51	1314.24
1644.59	1419.94
1643.67	1354.59
1642.75	1411.39
1641.82	1335.2
1640.9	1305.17
1639.98	1380.95
1639.06	1340.06
1638.14	1369.71
1637.22	1402.06
1636.29	1499.47
1635.37	1415.21
1634.45	1417.72
1633.53	1460.89
1632.6	1460.68
1631.68	1525.51
1630.76	1533.42
1629.84	1479.02
1628.91	1546.52
1627.99	1608.59
1627.07	1700.42
1626.14	1673.11
1625.22	1670.16
1624.3	1688.87
1623.37	1761.7
1622.45	1726.27
1621.52	1782.84
1620.6	1766.36
1619.68	1752.59
1618.75	1811.83
1617.83	1754.79
1616.9	1792.39
1615.98	1713.75
1615.05	1716.21
1614.13	1786.22
1613.2	1780.57
1612.28	1758.7
1611.35	1717.94
1610.43	1860.83
1609.5	1787.66
1608.57	1890
1607.65	1868.14
1606.72	1913.76
1605.79	1900
1604.87	2029.25
1603.94	1929.14
1603.02	1993.61
1602.09	2052.66
1601.16	2025.4
1600.23	2089.83
1599.31	2205.47
1598.38	2110.81
1597.45	2245.28
1596.52	2223.4
1595.6	2231.17
1594.67	2360.17
1593.74	2289.8
1592.81	2351.42
1591.88	2464.2
1590.96	2463.85
1590.03	2552.35
1589.1	2533.14
1588.17	2559.7
1587.24	2513.58
1586.31	2631.62
1585.38	2668.92
1584.45	2762.69
1583.52	2708.5
1582.59	2694.67
1581.66	2594.8
1580.73	2615.94
1579.8	2631.7
1578.87	2461.99
1577.94	2555.7
1577.01	2431.74
1576.08	2407.21
1575.15	2302.11
1574.22	2309.84
1573.29	2261.17
1572.36	2145.39
1571.43	2102.13
1570.5	2045.46
1569.57	2131.06
1568.63	2012.68
1567.7	1937.26
1566.77	1961.13
1565.84	1925.98
1564.91	1917.66
1563.97	1831.57
1563.04	1834
1562.11	1839.1
1561.18	1828.11
1560.24	1846.61
1559.31	1784.72
1558.38	1749.63
1557.44	1725.27
1556.51	1781.28
1555.58	1764.95
1554.64	1748.64
1553.71	1729.65
1552.78	1699.95
1551.84	1622.09
1550.91	1761.02
1549.97	1632.33
1549.04	1658.85
1548.11	1594.41
1547.17	1706.53
1546.24	1642.1
1545.3	1628.49
1544.37	1604.2
1543.43	1620.01
1542.5	1614.43
1541.56	1611.53
1540.62	1589.93
1539.69	1635.12
1538.75	1632.22
1537.82	1578.56
1536.88	1573
1535.94	1572.77
1535.01	1583.23
1534.07	1652.41
1533.14	1529.4
1532.2	1574.55
1531.26	1667.72
1530.32	1616.79
1529.39	1576.54
1528.45	1536.31
1527.51	1592.1
1526.57	1575.87
1525.64	1658.29
1524.7	1644.73
1523.76	1489.91
1522.82	1617.61
1521.88	1524.12
1520.95	1545.22
1520.01	1547.66
1519.07	1590.06
1518.13	1635.1
1517.19	1539.01
1516.25	1594.7
1515.31	1490.66
1514.37	1580.94
1513.43	1458.3
1512.5	1553.88
1511.56	1553.66
1510.62	1553.44
1509.68	1526.62
1508.74	1475.88
1507.8	1603.3
1506.85	1603.07
1505.91	1613.47
1504.97	1533.51
1504.03	1597.07
1503.09	1628.72
1502.15	1599.27
1501.21	1607.01
1500.27	1598.81
1499.33	1574.69
1498.39	1545.26
1497.44	1584.86
1496.5	1534.2
1495.56	1533.98
1494.62	1544.38
1493.68	1613.14
1492.73	1681.88
1491.79	1591.46
1490.85	1625.71
1489.91	1591.01
1488.96	1619.95
1488.02	1548.14
1487.08	1577.07
1486.13	1558.3
1485.19	1677.32
1484.25	1605.54
1483.3	1631.81
1482.36	1750.76
1481.41	1604.86
1480.47	1612.57
1479.53	1614.99
1478.58	1625.35
1477.64	1680.7
1476.69	1704.28
1475.75	1619.36
1474.8	1637.65
1473.86	1663.87
1472.91	1780.01
1471.97	1748.02
1471.02	1652.58
1470.08	1649.7
1469.13	1620.39
1468.18	1646.59
1467.24	1736.2
1466.29	1656.69
1465.35	1698.72
1464.4	1706.4
1463.45	1764.27
1462.51	1684.79
1461.56	1758.48
1460.61	1737.11
1459.66	1705.19
1458.72	1699.67
1457.77	1757.48
1456.82	1794.17
1455.87	1762.25
1454.93	1759.36
1453.98	1767.03
1453.03	1653.38
1452.08	1792.89
1451.13	1808.45
1450.19	1863.54
1449.24	1810.57
1448.29	1765.51
1447.34	1786.34
1446.39	1828.23
1445.44	1722.61
1444.49	1759.24
1443.54	1851.15
1442.59	1874.58
1441.64	1834.83
1440.69	1966.17
1439.74	1779.04
1438.79	1797.2
1437.84	1802.21
1436.89	1859.82
1435.94	1883.23
1434.99	1927.67
1434.04	1827.47
1433.09	1858.76
1432.14	1871.64
1431.19	1950.22
1430.24	1955.2
1429.29	1878.72
1428.33	1875.83
1427.38	1872.93
1426.43	1891.05
1425.48	1843.51
1424.53	1924.64
1423.57	1882.36
1422.62	1924.09
1421.67	1860.83
1420.72	1952.41
1419.76	1912.77
1418.81	1846.91
1417.86	1899.11
1416.9	1964.41
1415.95	1833.01
1415	1916.65
1414.04	1916.38
1413.09	1989.5
1412.14	1918.45
1411.18	1852.67
1410.23	1972.93
1409.27	1996.22
1408.32	1899.02
1407.36	1935.41
1406.41	2003.22
1405.46	2005.55
1404.5	1934.59
1403.54	1970.95
1402.59	2025.63
1401.63	1962.54
1400.68	1980.57
1399.72	2035.23
1398.77	2024.47
1397.81	1945.73
1396.86	2060.5
1395.9	2091.58
1394.94	2101.74
1393.99	2106.67
1393.03	2088.07
1392.07	2103.45
1391.12	1964.68
1390.16	2047.99
1389.2	2092.1
1388.24	2123.14
1387.29	2185.5
1386.33	2101.65
1385.37	2096.13
1384.41	2148.03
1383.46	2152.94
1382.5	2134.37
1381.54	2173.19
1380.58	2185.92
1379.62	2216.91
1378.66	2242.67
1377.71	2260.6
1376.75	2218.57
1375.79	2366.83
1374.83	2301.33
1373.87	2413.06
1372.91	2300.67
1371.95	2386.31
1370.99	2357.32
1370.03	2541.9
1369.07	2518.1
1368.11	2525.55
1367.15	2553.82
1366.19	2615.93
1365.23	2633.77
1364.27	2638.6
1363.31	2711.07
1362.35	2796.53
1361.38	2699.89
1360.42	2829.54
1359.46	2831.73
1358.5	2781.93
1357.54	2953.1
1356.58	2905.89
1355.61	2936.66
1354.65	2905.06
1353.69	2925.43
1352.73	2989.95
1351.77	2966.15
1350.8	2968.32
1349.84	3012.04
1348.88	3053.15
1347.91	2917.73
1346.95	2875.78
1345.99	2937.65
1345.02	2955.39
1344.06	2936.81
1343.1	2876.73
1342.13	2847.79
1341.17	2824.04
1340.2	2758.81
1339.24	2880.27
1338.28	2783.94
1337.31	2783.55
1336.35	2770.19
1335.38	2640.24
1334.42	2642.45
1333.45	2655.03
1332.49	2626.16
1331.52	2573.99
1330.55	2617.64
1329.59	2417.93
1328.62	2448.64
1327.66	2435.35
1326.69	2349.61
1325.72	2305.29
1324.76	2387.74
1323.79	2327.91
1322.83	2273.26
1321.86	2296.21
1320.89	2246.76
1319.92	2292.97
1318.96	2191.83
1317.99	2168.26
1317.02	2232.55
1316.05	2283.9
1315.09	2293.91
1314.12	2102.45
1313.15	2251.93
1312.18	2205.13
1311.21	2122.2
1310.25	2214.82
1309.28	2186.11
1308.31	2113.54
1307.34	2051.31
1306.37	2105.2
1305.4	2073.94
1304.43	2071.06
1303.46	2075.92
1302.49	1990.54
1301.52	2003.14
1300.55	1987.39
1299.58	2048.96
1298.61	2033.2
1297.64	2087.02
1296.67	2107.33
1295.7	2040.06
1294.73	1962.5
1293.76	1915.87
1292.79	2010.86
1291.82	2051.76
1290.85	2020.58
1289.88	1850.43
1288.9	1976.25
1287.93	2001.7
1286.96	1921.66
1285.99	1941.96
1285.02	1969.97
1284.04	1933.69
1283.07	1928.27
1282.1	1915.14
1281.13	2056.23
1280.15	1942.86
1279.18	1880.91
1278.21	1854.95
1277.23	1893.22
1276.26	1864.69
1275.29	1946.6
1274.31	1856.46
1273.34	1827.95
1272.37	1914.96
1271.39	1886.46
1270.42	1896.45
1269.44	1867.95
1268.47	1952.35
1267.49	1890.5
1266.52	1923.57
1265.55	1925.86
1264.57	1833.28
1263.6	1881.73
1262.62	1843.01
1261.64	1840.18
1260.67	1916.79
1259.69	1880.65
1258.72	1893.18
1257.74	1816.07
1256.77	1859.35
1255.79	1877
1254.81	1925.38
1253.84	1797.11
1252.86	1883.88
1251.88	1847.78
1250.91	1847.51
1249.93	1865.15
1248.95	1949.3
1247.97	1828.81
1247	1833.66
1246.02	1777.14
1245.04	1868.93
1244.06	1860.99
1243.08	1835.16
1242.11	1865.57
1241.13	1857.63
1240.15	1813.93
1239.17	1869.87
1238.19	1851.72
1237.21	1777.4
1236.23	1866.51
1235.25	1835.61
1234.27	1881.29
1233.3	1840.18
1232.32	1806.75
1231.34	1842.21
1230.36	1872.56
1229.38	1823.82
1228.4	1803.16
1227.42	1797.8
1226.43	1835.78
1225.45	1873.76
1224.47	1814.86
1223.49	1845.19
1222.51	1781.22
1221.53	1821.73
1220.55	1811.27
1219.57	1785.54
1218.59	1836.22
1217.6	1762.11
1216.62	1789.86
1215.64	1761.6
1214.66	1791.89
1213.68	1834.9
1212.69	1852.45
1211.71	1811.47
1210.73	1732.35
1209.74	1765.17
1208.76	1841.21
1207.78	1759.58
1206.79	1723.73
1205.81	1726.02
1204.83	1809.65
1203.84	1783.98
1202.86	1735.44
1201.88	1791.09
1200.89	1762.89
1199.91	1826.13
1198.92	1820.79
1197.94	1878.92
1196.95	1810.11
1195.97	1743.85
1194.98	1784.21
1194	1804.25
1193.01	1788.77
1192.03	1720.01
1191.04	1773.03
1190.06	1760.1
1189.07	1691.38
1188.08	1693.67
1187.1	1807.5
1186.11	1733.74
1185.13	1776.57
1184.14	1718.03
1183.15	1700.05
1182.17	1798.6
1181.18	1729.96
1180.19	1782.89
1179.2	1734.52
1178.22	1774.78
1177.23	1792.25
1176.24	1789.46
1175.25	1814.51
1174.27	1697.85
1173.28	1712.78
1172.29	1747.95
1171.3	1757.82
1170.31	1734.8
1169.32	1810.41
1168.33	1709.02
1167.35	1718.89
1166.36	1741.39
1165.37	1748.72
1164.38	1723.2
1163.39	1715.37
1162.4	1780.8
1161.41	1755.29
1160.42	1803.01
1159.43	1782.55
1158.44	1764.63
1157.45	1698.74
1156.46	1751.5
1155.47	1779
1154.48	1781.27
1153.48	1692.72
1152.49	1672.3
1151.5	1790.59
1150.51	1790.33
1149.52	1754.77
1148.53	1779.73
1147.54	1708.9
1146.54	1786.78
1145.55	1713.45
1144.56	1730.83
1143.57	1738.14
1142.57	1758.04
1141.58	1782.97
1140.59	1719.76
1139.6	1694.34
1138.6	1709.2
1137.61	1698.89
1136.62	1701.16
1135.62	1653.11
1134.63	1715.76
1133.63	1715.51
1132.64	1732.87
1131.65	1709.99
1130.65	1760.03
1129.66	1684.36
1128.66	1741.93
1127.67	1726.6
1126.67	1686.14
1125.68	1756.25
1124.68	1763.53
1123.69	1687.92
1122.69	1740.42
1121.7	1662.32
1120.7	1662.08
1119.7	1767.28
1118.71	1666.63
1117.71	1668.89
1116.72	1728.88
1115.72	1773.79
1114.72	1738.41
1113.73	1693.01
1112.73	1732.89
1111.73	1772.76
1110.74	1732.39
1109.74	1697.05
1108.74	1691.79
1107.74	1724.12
1106.75	1751.44
1105.75	1731.14
1104.75	1730.89
1103.75	1670.53
1102.75	1705.35
1101.75	1735.15
1100.76	1694.84
1099.76	1762.18
1098.76	1599.25
1097.76	1779.19
1096.76	1628.81
1095.76	1678.61
1094.76	1715.89
1093.76	1783.17
1092.76	1705.39
1091.76	1655.14
1090.76	1727.4
1089.76	1707.15
1088.76	1709.4
1087.76	1669.18
1086.76	1671.43
1085.76	1613.74
1084.76	1650.97
1083.76	1695.68
1082.76	1732.89
1081.75	1687.7
1080.75	1704.93
1079.75	1722.16
1078.75	1684.48
1077.75	1731.64
1076.75	1644.07
1075.74	1696.22
1074.74	1651.08
1073.74	1703.21
1072.74	1683.01
1071.73	1607.98
1070.73	1744.84
1069.73	1697.24
1068.72	1667.09
1067.72	1749.07
1066.72	1666.61
1065.71	1661.39
1064.71	1616.32
1063.71	1638.49
1062.7	1668.13
1061.7	1690.3
1060.69	1789.61
1059.69	1674.88
1058.68	1711.96
1057.68	1741.57
1056.67	1597.03
1055.67	1701.27
1054.66	1720.92
1053.66	1733.1
1052.65	1722.9
1051.65	1667.97
1050.64	1787.03
1049.63	1751.98
1048.63	1781.54
1047.62	1714.21
1046.62	1766.12
1045.61	1785.74
1044.6	1835.14
1043.6	1785.22
1042.59	1777.51
1041.58	1834.35
1040.57	1821.67
1039.57	1940.52
1038.56	1818.66
1037.55	1959.8
1036.54	1909.91
1035.53	1922.04
1034.53	2063.1
1033.52	2050.4
1032.51	2003.01
1031.5	2168.78
1030.49	2153.6
1029.48	2225.15
1028.47	2217.39
1027.47	2288.91
1026.46	2199.41
1025.45	2300.63
1024.44	2339.91
1023.43	2379.19
1022.42	2487.76
1021.41	2489.87
1020.4	2430.12
1019.39	2538.64
1018.38	2461.58
1017.37	2463.7
1016.35	2609.26
1015.34	2668.23
1014.33	2640.65
1013.32	2618.01
1012.31	2743.7
1011.3	2748.24
1010.29	2819.51
1009.27	2932.75
1008.26	2981.73
1007.25	3001.06
1006.24	3059.9
1005.23	3126.13
1004.21	3014.57
1003.2	3122.75
1002.19	3176.6
1001.17	3255.11
1000.16	3461.91
999.148	3387.39
998.134	3473.24
997.121	3667.58
996.107	3755.83
995.093	3987.06
994.079	4136.87
993.065	4257.06
992.051	4741.98
991.036	4795.5
990.021	5134.83
989.007	5491.3
987.992	5665.4
986.977	6080.8
985.961	6269.53
984.946	6413.89
983.931	6427.73
982.915	6510.48
981.899	6607.98
980.883	6560.27
979.867	6601.14
978.851	6494.41
977.834	6697.62
976.818	6676.97
975.801	6828.46
974.784	6756.17
973.767	6565.9
972.75	6464.18
971.733	6618.06
970.715	6540.93
969.698	6510.5
968.68	6583.25
967.662	6619.14
966.644	6623.09
965.626	6408.51
964.608	6297.1
963.589	6406.65
962.571	6501.44
961.552	6480.86
960.533	6465.2
959.514	6434.82
958.495	6372.57
957.475	6359.38
956.456	6346.2
955.436	6269.27
954.416	6383.58
953.396	6345.88
952.376	6347.41
951.356	6233.77
950.336	6355.37
949.315	6469.58
948.294	6417.21
947.273	6443.21
946.252	6464.32
945.231	6495.2
944.21	6496.71
943.189	6593.67
942.167	6626.97
941.145	6777.71
940.123	6705.78
939.101	6254.72
938.079	5940.75
937.057	5714.91
936.034	5440.24
935.012	5045.85
933.989	4737.13
932.966	4501.82
931.943	4232.37
930.92	3916.57
929.896	3752.33
928.873	3382.95
927.849	3343.39
926.825	3047.44
925.801	2849.23
924.777	2655.97
923.753	2562.83
922.729	2501.45
921.704	2491.32
920.679	2544.64
919.655	2507.67
918.63	2409.75
917.604	2541.09
916.579	2423.68
915.554	2452.58
914.528	2391.29
913.502	2342.19
912.476	2334.54
911.45	2397.55
910.424	2392.33
909.398	2387.11
908.371	2284.47
907.345	2337.72
906.318	2176.68
905.291	2463.62
904.264	2246.64
903.237	2260.91
902.209	2228.95
901.182	2330.81
900.154	2269.66
899.126	2383.64
898.098	2320.07
897.07	2375.65
896.042	2341.27
895.013	2299.61
893.985	2277.4
892.956	2279.5
891.927	2327.76
890.898	2344.43
889.869	2276.07
888.84	2280.6
887.81	2302.12
886.78	2231.37
885.751	2252.9
884.721	2356.95
883.691	2329.91
882.66	2402.37
881.63	2355.92
880.599	2367.7
879.569	2204.85
878.538	2301.53
877.507	2371.52
876.476	2300.86
875.445	2273.86
874.413	2343.82
873.382	2355.6
872.35	2333.45
871.318	2318.57
870.286	2361.84
869.254	2271.88
868.221	2329.67
867.189	2317.22
866.156	2312.04
865.123	2258.45
864.091	2425.12
863.057	2185.2
862.024	2332.47
860.991	2334.55
859.957	2302.77
858.924	2377.4
857.89	2345.62
856.856	2388.8
855.822	2284.5
854.787	2308.34
853.753	2332.17
852.718	2401.91
851.684	2358.07
850.649	2413.29
849.614	2289.75
848.578	2330.47
847.543	2363.94
846.508	2322.55
845.472	2307.73
844.436	2379.8
843.4	2384.28
842.364	2391.17
841.328	2373.93
840.291	2330.17
839.255	2498.66
838.218	2370.48
837.181	2471.41
836.144	2381.85
835.107	2446.58
834.07	2410.07
833.032	2486.83
831.995	2443.1
830.957	2440.34
829.919	2372.54
828.881	2470.93
827.843	2499.47
826.804	2448.54
825.766	2520.4
824.727	2500.78
823.688	2498.01
822.649	2459.15
821.61	2485.25
820.571	2410.32
819.531	2518.2
818.492	2597.19
817.452	2491.02
816.412	2524.31
815.372	2550.38
814.332	2439.45
813.292	2626.54
812.251	2469.98
811.211	2541.69
810.17	2565.34
809.129	2540.95
808.088	2545.38
807.046	2504.19
806.005	2448.61
804.963	2549.06
803.922	2517.49
802.88	2435.54
801.838	2485.57
800.796	2478.01
799.753	2468.05
798.711	2606.79
797.668	2508.1
796.626	2500.54
795.583	2567.29
794.54	2459.06
793.496	2521.01
792.453	2594.92
791.409	2481.94
790.366	2443.25
789.322	2519.54
788.278	2619.75
787.234	2514.01
786.189	2513.65
785.145	2561.15
784.1	2601.46
783.056	2601.08
782.011	2459.54
780.966	2499.85
779.92	2573.63
778.875	2551.73
777.83	2568.1
776.784	2675.31
775.738	2505.2
774.692	2629.12
773.646	2631.12
772.6	2704.81
771.553	2625.57
770.507	2615.64
769.46	2646.3
768.413	2729.5
767.366	2662.24
766.319	2685.73
765.271	2601.79
764.224	2746.99
763.176	2772.84
762.128	2743.8
761.08	2752.94
760.032	2862.26
758.984	2842.77
757.936	2830.43
756.887	2839.55
755.838	2824.83
754.789	2948.36
753.74	2888.35
752.691	2923.67
751.642	2954.21
750.592	3015.72
749.543	2948.59
748.493	3045.79
747.443	3076.3
746.393	3054.42
745.342	3063.5
744.292	3003.55
743.241	3157.79
742.191	3040.74
741.14	3180.65
740.089	3265.82
739.038	3210.64
737.986	3317.18
736.935	3216.83
735.883	3444.57
734.831	3477.35
733.779	3436.44
732.727	3476.33
731.675	3466.32
730.623	3506.19
729.57	3626.81
728.517	3564.54
727.464	3673.24
726.411	3682.2
725.358	3562.97
724.305	3695.36
723.251	3723.29
722.198	3784.44
721.144	3731.69
720.09	3769.1
719.036	3773.29
717.981	3758.51
716.927	3857.54
715.872	3785.86
714.818	3854.04
713.763	3936.42
712.708	3867.13
711.653	3793.12
710.597	3752.29
709.542	3882.01
708.486	3890.91
707.43	3800.37
706.374	3837.69
705.318	3946.01
704.262	3883.9
703.205	3918.83
702.149	3984.5
701.092	3924.78
700.035	4040.11
698.978	3970.93
697.921	3920.69
696.863	3993.41
695.806	3988.09
694.748	3996.97
693.69	3991.65
692.632	3967.44
691.574	4096.8
690.516	4030.06
689.458	4164.1
688.399	4019.43
687.34	4092.04
686.281	3904.93
685.222	4142.77
684.163	4014.71
683.104	4047.16
682.044	4157.47
680.984	4031.82
679.924	4047.74
678.864	4091.96
677.804	4072.49
676.744	4189.79
675.684	4116.09
674.623	4176.77
673.562	4225.65
672.501	4173.19
671.44	4233.84
670.379	4108.36
669.317	4128.96
668.256	3963.5
667.194	4108.91
666.132	4174.23
665.07	4098.29
664.008	4052.97
662.946	4014.72
661.883	3981.19
660.821	4086.47
659.758	3928.27
658.695	3967.68
657.632	3967.1
656.568	4001.78
655.505	3874.25
654.441	3911.29
653.378	3844.91
652.314	3804.4
651.25	3909.56
650.185	3857.31
649.121	3812.12
648.057	3759.89
646.992	3740.55
645.927	3812.78
644.862	3892.04
643.797	3837.48
642.732	3757.13
641.666	3763.62
640.601	3706.76
639.535	3699.18
638.469	3745.54
637.403	3674.64
636.336	3728.03
635.27	3556.35
634.204	3651.93
633.137	3663.11
632.07	3777.39
631.003	3633.92
629.936	3750.51
628.868	3747.62
627.801	3637
626.733	3767.59
625.665	3745.97
624.597	3712.65
623.529	3691.04
622.461	3851.97
621.393	3818.64
620.324	3761.93
619.255	3805.83
618.186	3753.81
617.117	3839.78
616.048	3642.82
614.979	3768.52
613.909	3772.64
612.839	3643.55
611.77	3640.68
610.699	3619.11
609.629	3562.52
608.559	3440.53
607.489	3535.78
606.418	3462.87
605.347	3436.68
604.276	3433.84
603.205	3470.68
602.134	3334.82
601.062	3418.33
599.991	3417.82
598.919	3440.65
597.847	3463.47
596.775	3344.03
595.703	3292.24
594.63	3322.06
593.558	3307.59
592.485	3237.18
591.412	3336.91
590.339	3266.52
589.266	3254.39
588.193	3344.75
587.119	3367.55
586.046	3283.23
584.972	3250.15
583.898	3196.13
582.824	3300.4
581.75	3271.98
580.675	3264.52
579.601	3350.12
578.526	3328.69
577.451	3302.62
576.376	3269.58
575.301	3276.07
574.225	3303.49
573.15	3207.7
572.074	3272.3
570.998	3381.03
569.922	3320.13
568.846	3421.85
567.77	3428.32
566.693	3383.69
565.617	3385.51
564.54	3450.02
563.463	3521.47
562.386	3435.08
561.308	3599.34
560.231	3536.16
559.153	3456.76
558.076	3581.51
556.998	3576.35
555.92	3677.85
554.841	3640.21
553.763	3880.78
552.684	3766.63
551.606	3817.06
550.527	3828.08
549.448	3873.86
548.369	4088.73
547.289	3925.99
546.21	4034.26
545.13	4205.01
544.05	4294.68
542.97	4442.2
541.89	4406.83
540.81	4399.24
539.729	4551.3
538.649	4751.9
537.568	4748.89
536.487	5104.36
535.406	5265.48
534.325	5731.76
533.243	5686.99
532.162	6314.86
531.08	6727.62
529.998	7493.8
528.916	8398.38
527.834	9854.8
526.751	11971.4
525.669	15329.8
524.586	20857.7
523.503	32202
522.42	54433.8
521.337	95312.7
520.254	135986
519.17	137509
518.087	97879.7
517.003	56656.5
515.919	33075.1
514.835	21692.5
513.75	15807.6
512.666	12169.8
511.581	10266.4
510.497	8679.25
509.412	7528.13
508.327	6720.63
507.241	6097.67
506.156	5765.09
505.07	5411.89
503.985	5095.64
502.899	4949.85
501.813	4758.06
500.726	4494.98
499.64	4482.81
498.554	4394.71
497.467	4329.65
496.38	4262.3
495.293	4268.57
494.206	4037.99
493.118	4108.67
492.031	3878.17
490.943	4059.18
489.856	3922.99
488.768	3851.18
487.679	3841.42
486.591	3889.09
485.503	3812.72
484.414	3786.9
483.325	3765.67
482.236	3783.49
481.147	3668.15
480.058	3610.23
478.969	3669.36
477.879	3659.64
476.789	3679.75
475.699	3633.33
474.609	3598.39
473.519	3480.91
472.429	3549.18
471.338	3450.08
470.247	3467.91
469.156	3568.23
468.065	3602.08
466.974	3422.84
465.883	3426.92
464.791	3506.58
463.7	3398.43
462.608	3466.61
461.516	3555.39
460.424	3428.96
459.331	3366.66
458.239	3393.63
457.146	3438.88
456.053	3410.92
454.96	3531.65
453.867	3572.29
452.774	3551.18
451.68	3671.83
450.587	3701.01
449.493	3844.46
448.399	3761.62
447.305	3772.49
446.211	3835.9
445.116	3935.84
444.022	3896.43
442.927	3923.26
441.832	3956.93
440.737	4008.85
439.642	4177.17
438.546	4062.44
437.451	4198.75
436.355	4225.51
435.259	4338.95
434.163	4212.85
433.067	4344.5
431.971	4337.02
430.874	4286.22
429.777	4356.25
428.68	4271.28
427.583	4336.73
426.486	4381.66
425.389	4383.29
424.291	4305.19
423.194	4368.33
422.096	4299.37
420.998	4332.88
419.9	4295.82
418.801	4290.63
417.703	4244.48
416.604	4257.5
415.505	4361.53
414.406	4283.54
413.307	4344.32
412.208	4300.46
411.109	4288.46
410.009	4421.96
408.909	4239.45
407.809	4402.47
406.709	4299.55
405.609	4369.35
404.508	4375.52
403.408	4386.23
402.307	4381.04
401.206	4359.95
400.105	4490.99
399.004	4367.74
397.902	4532.79
396.801	4334.67
395.699	4356.72
394.597	4478.59
393.495	4337.28
392.393	4549.84
391.29	4633.08
390.188	4441.92
389.085	4468.47
387.982	4492.74
386.879	4605.4
385.776	4527.67
384.672	4520.2
383.569	4433.44
382.465	4521.12
381.361	4411.75
380.257	4479.02
379.153	4568.92
378.049	4638.42
376.944	4522.3
375.84	4446.95
374.735	4554.9
373.63	4667.35
372.524	4573.91
371.419	4604.89
370.314	4617.78
369.208	4533.44
368.102	4623.19
366.996	4599.9
365.89	4635.38
364.784	4594.02
363.677	4658.86
362.57	4705.61
361.464	4761.38
360.357	4622.91
359.25	4622.22
358.142	4684.75
357.035	4693.09
355.927	4816.53
354.819	4890.29
353.711	4779
352.603	4812.13
351.495	4741.49
350.386	4853.55
349.278	4832.54
348.169	4969.36
347.06	4968.62
345.951	5091.85
344.842	4935.59
343.732	4923.59
342.623	4945.39
341.513	4998.72
340.403	5022.75
339.293	4927.42
338.182	5109.08
337.072	5214.13
335.961	5087.3
334.851	5124.81
333.74	5283.82
332.629	5078.28
331.517	5129.27
330.406	5276.97
329.294	5231.2
328.182	5183.2
327.071	5211.66
325.958	5208.64
324.846	5169.66
323.734	5281.26
322.621	5266.99
321.508	5295.41
320.395	5424.91
319.282	5561.11
318.169	5625.41
317.056	5539.25
315.942	5484.55
314.828	5571.28
313.714	5662.47
312.6	5690.8
311.486	5701.17
310.372	5920.17
309.257	5867.7
308.142	5994.66
307.028	6058.8
305.912	6293.3
304.797	6440.32
303.682	6551.43
302.566	6617.68
301.45	6728.73
300.335	6707.57
299.219	6478.09
